0,1,0,559,39,26,1,1,1
1,1,0,559,36,26,1,1,1
2,1,0,559,33,26,1,1,1
3,1,0,559,30,26,1,1,1
4,1,0,559,27,26,1,1,1
5,1,0,559,25,26,1,1,1
6,1,0,559,22,26,1,1,1
7,1,0,559,19,26,1,1,1
8,1,0,559,16,26,1,1,1
9,1,0,559,13,26,1,1,1
10,1,0,559,11,27,1,1,1
11,1,0,559,8,25,1,1,1
12,1,0,559,6,24,1,1,1
70,2,0,611,55,25,1,1,1
71,2,0,611,51,25,1,1,1
72,2,0,611,48,25,1,1,1
73,2,0,611,45,25,1,1,1
74,2,0,612,42,25,1,1,1
75,2,0,612,39,25,1,1,1
76,2,0,612,35,25,1,1,1
77,2,0,613,32,25,1,1,1
78,2,0,613,29,25,1,1,1
79,2,0,613,26,25,1,1,1
80,2,0,614,23,25,1,1,1
81,2,0,613,20,25,1,1,1
82,2,0,613,17,25,1,1,1
83,2,0,613,14,25,1,1,1
84,2,0,613,11,24,1,1,1
85,2,0,613,8,24,1,1,1
260,3,0,604,32,26,1,1,1
261,3,0,603,28,26,1,1,1
262,3,0,603,24,26,1,1,1
263,3,0,602,21,26,1,1,1
264,3,0,602,17,26,1,1,1
265,3,0,601,14,26,1,1,1
266,3,0,601,10,26,1,1,1
70,4,504,447,24,13,1,1,1
71,4,506,446,24,13,1,1,1
72,4,508,446,24,13,1,1,1
73,4,510,446,24,13,1,1,1
74,4,512,446,24,13,1,1,1
75,4,514,446,24,13,1,1,1
76,4,516,446,24,13,1,1,1
77,4,518,446,24,13,1,1,1
78,4,520,446,24,13,1,1,1
79,4,522,446,24,13,1,1,1
160,4,688,496,24,13,1,1,1
161,4,690,497,24,13,1,1,1
162,4,692,498,24,13,1,1,1
163,4,694,499,24,13,1,1,1
164,4,696,500,24,13,1,1,1
165,4,698,502,24,13,1,1,1
166,4,700,503,24,13,1,1,1
167,4,702,504,24,13,1,1,1
168,4,704,505,24,13,1,1,1
169,4,706,506,24,13,1,1,1
200,4,781,531,23,14,1,1,1
201,4,783,530,23,14,1,1,1
202,4,786,529,23,14,1,1,1
203,4,789,528,23,14,1,1,1
204,4,792,528,23,13,1,1,1
205,4,795,527,23,13,1,1,1
206,4,798,526,22,13,1,1,1
207,4,801,526,22,12,1,1,1
208,4,804,525,22,12,1,1,1
209,4,807,524,22,12,1,1,1
210,4,810,524,22,12,1,1,1
211,4,811,523,22,12,1,1,1
212,4,813,522,22,12,1,1,1
213,4,815,521,22,12,1,1,1
214,4,816,520,22,12,1,1,1
215,4,818,520,22,12,1,1,1
216,4,820,519,22,12,1,1,1
217,4,821,518,22,12,1,1,1
218,4,823,517,22,12,1,1,1
219,4,825,516,22,12,1,1,1
220,4,827,516,22,12,1,1,1
221,4,828,514,22,12,1,1,1
222,4,830,512,22,12,1,1,1
223,4,831,511,22,12,1,1,1
224,4,833,509,22,12,1,1,1
225,4,834,508,23,12,1,1,1
226,4,836,506,22,12,1,1,1
227,4,837,504,23,12,1,1,1
228,4,839,503,22,12,1,1,1
229,4,840,501,23,12,1,1,1
230,4,842,500,23,12,1,1,1
231,4,843,499,23,11,1,1,1
232,4,844,498,24,11,1,1,1
233,4,846,497,23,11,1,1,1
234,4,847,496,24,11,1,1,1
235,4,849,495,23,11,1,1,1
236,4,850,494,24,11,1,1,1
237,4,851,493,24,11,1,1,1
238,4,853,492,24,11,1,1,1
239,4,854,491,24,11,1,1,1
100,7,681,454,22,10,1,1,1
101,7,683,454,22,10,1,1,1
102,7,686,454,22,10,1,1,1
103,7,689,454,22,10,1,1,1
104,7,692,454,22,10,1,1,1
105,7,695,454,22,10,1,1,1
106,7,698,454,22,10,1,1,1
107,7,701,454,22,10,1,1,1
108,7,704,454,22,10,1,1,1
109,7,707,454,22,10,1,1,1
110,7,710,454,22,10,1,1,1
111,7,712,454,22,10,1,1,1
112,7,715,455,22,10,1,1,1
113,7,718,456,22,9,1,1,1
114,7,721,456,21,10,1,1,1
115,7,724,457,21,10,1,1,1
116,7,726,458,22,9,1,1,1
117,7,729,458,21,10,1,1,1
118,7,732,459,21,9,1,1,1
119,7,735,460,21,9,1,1,1
120,7,738,461,21,9,1,1,1
121,7,740,462,21,9,1,1,1
122,7,743,463,21,9,1,1,1
123,7,745,464,21,9,1,1,1
124,7,748,465,21,9,1,1,1
125,7,750,466,21,9,1,1,1
126,7,753,467,21,9,1,1,1
127,7,755,468,21,9,1,1,1
128,7,758,469,21,9,1,1,1
129,7,760,470,21,9,1,1,1
220,7,982,536,21,10,1,1,1
221,7,983,534,21,10,1,1,1
222,7,984,532,22,10,1,1,1
223,7,986,531,21,10,1,1,1
224,7,987,529,22,10,1,1,1
225,7,989,528,21,10,1,1,1
226,7,990,526,22,10,1,1,1
227,7,991,524,22,10,1,1,1
228,7,993,523,22,10,1,1,1
229,7,994,521,22,10,1,1,1
280,7,1041,477,22,10,1,1,1
281,7,1041,476,22,10,1,1,1
282,7,1042,476,22,10,1,1,1
283,7,1042,476,22,10,1,1,1
284,7,1043,476,22,10,1,1,1
285,7,1044,476,22,10,1,1,1
286,7,1044,475,22,10,1,1,1
287,7,1045,475,22,10,1,1,1
288,7,1045,475,22,10,1,1,1
289,7,1046,475,22,10,1,1,1
130,8,819,481,20,9,1,1,1
131,8,821,482,20,9,1,1,1
132,8,823,483,20,9,1,1,1
133,8,825,485,20,9,1,1,1
134,8,827,486,20,9,1,1,1
135,8,830,488,20,9,1,1,1
136,8,832,489,20,9,1,1,1
137,8,834,490,20,9,1,1,1
138,8,836,492,20,9,1,1,1
139,8,838,493,20,9,1,1,1
90,11,1909,579,10,24,1,1,1
91,11,1903,579,15,23,1,1,1
92,11,1897,579,21,23,1,1,1
93,11,1891,579,27,23,1,1,1
94,11,1885,579,33,23,1,1,1
95,11,1879,579,39,23,1,1,1
96,11,1873,579,45,23,1,1,1
97,11,1867,579,51,23,1,1,1
98,11,1861,579,57,23,1,1,1
99,11,1855,579,63,23,1,1,1
195,12,0,543,4,11,1,1,1
196,12,0,542,6,11,1,1,1
197,12,0,542,8,11,1,1,1
198,12,0,541,10,11,1,1,1
199,12,0,541,12,11,1,1,1
200,12,0,541,15,11,1,1,1
201,12,0,540,18,11,1,1,1
202,12,1,540,20,11,1,1,1
203,12,2,539,22,12,1,1,1
204,12,3,539,24,12,1,1,1
223,13,0,559,7,14,1,1,1
224,13,0,558,10,13,1,1,1
225,13,1,557,12,12,1,1,1
226,13,2,556,14,12,1,1,1
227,13,2,555,17,11,1,1,1
228,13,3,554,19,11,1,1,1
229,13,4,553,21,10,1,1,1
0,16,0,888,52,25,1,1,1
1,16,8,887,54,25,1,1,1
2,16,17,887,56,25,1,1,1
3,16,26,887,57,25,1,1,1
4,16,35,887,59,25,1,1,1
5,16,44,887,60,25,1,1,1
6,16,52,887,63,24,1,1,1
7,16,61,887,64,24,1,1,1
8,16,70,887,66,24,1,1,1
9,16,79,887,67,24,1,1,1
0,17,0,836,6,27,1,1,1
1,17,5,836,12,26,1,1,1
2,17,10,836,19,26,1,1,1
3,17,15,836,25,26,1,1,1
4,17,21,836,31,26,1,1,1
5,17,26,836,38,26,1,1,1
6,17,31,836,44,26,1,1,1
7,17,37,836,50,26,1,1,1
8,17,42,836,56,26,1,1,1
9,17,47,836,63,26,1,1,1
80,18,0,1040,23,10,1,1,1
81,18,8,1039,24,10,1,1,1
82,18,17,1039,25,10,1,1,1
83,18,25,1039,27,10,1,1,1
84,18,34,1039,28,10,1,1,1
85,18,42,1039,30,10,1,1,1
86,18,51,1038,30,11,1,1,1
87,18,59,1038,32,11,1,1,1
88,18,68,1038,33,11,1,1,1
89,18,76,1038,35,11,1,1,1
250,18,1533,1068,28,10,1,1,1
251,18,1539,1067,28,11,1,1,1
252,18,1546,1067,27,11,1,1,1
253,18,1552,1066,28,12,1,1,1
254,18,1559,1066,27,12,1,1,1
255,18,1565,1066,28,12,1,1,1
256,18,1572,1065,27,13,1,1,1
257,18,1578,1065,27,13,1,1,1
258,18,1585,1064,27,14,1,1,1
259,18,1591,1064,27,14,1,1,1
299,18,1827,1066,29,12,1,1,1
77,19,0,1007,4,19,1,1,1
78,19,0,1006,12,17,1,1,1
79,19,0,1006,21,14,1,1,1
80,19,0,1006,30,12,1,1,1
81,19,10,1005,30,12,1,1,1
82,19,20,1005,31,12,1,1,1
83,19,30,1005,31,12,1,1,1
84,19,41,1005,31,12,1,1,1
85,19,51,1005,31,12,1,1,1
86,19,61,1004,32,13,1,1,1
87,19,72,1004,31,13,1,1,1
88,19,82,1004,32,13,1,1,1
89,19,92,1004,32,13,1,1,1
220,19,1401,1066,28,12,1,1,1
221,19,1409,1064,28,12,1,1,1
222,19,1417,1062,28,12,1,1,1
223,19,1425,1060,28,12,1,1,1
224,19,1434,1058,28,13,1,1,1
225,19,1442,1056,28,13,1,1,1
226,19,1450,1054,28,13,1,1,1
227,19,1459,1052,28,14,1,1,1
228,19,1467,1050,28,14,1,1,1
229,19,1475,1048,28,14,1,1,1
56,20,0,968,7,15,1,1,1
57,20,3,968,14,14,1,1,1
58,20,7,969,21,13,1,1,1
59,20,11,970,27,12,1,1,1
46,21,0,1001,7,16,1,1,1
47,21,1,1002,15,14,1,1,1
48,21,2,1003,23,13,1,1,1
49,21,3,1004,31,12,1,1,1
90,24,723,990,20,11,1,1,1
91,24,725,990,20,11,1,1,1
92,24,727,990,21,11,1,1,1
93,24,730,991,20,10,1,1,1
94,24,732,991,21,11,1,1,1
95,24,735,992,21,10,1,1,1
96,24,737,992,21,10,1,1,1
97,24,739,992,22,11,1,1,1
98,24,742,993,21,10,1,1,1
99,24,744,993,22,10,1,1,1
110,24,775,1002,22,10,1,1,1
111,24,777,1003,22,10,1,1,1
112,24,779,1004,22,10,1,1,1
113,24,782,1006,22,10,1,1,1
114,24,784,1007,22,10,1,1,1
115,24,787,1009,22,10,1,1,1
116,24,789,1010,22,10,1,1,1
117,24,791,1011,22,10,1,1,1
118,24,794,1013,22,10,1,1,1
119,24,796,1014,22,10,1,1,1
120,24,799,1016,22,10,1,1,1
121,24,801,1017,22,10,1,1,1
122,24,803,1019,22,10,1,1,1
123,24,805,1021,22,10,1,1,1
124,24,807,1023,22,10,1,1,1
125,24,810,1025,22,10,1,1,1
126,24,812,1027,22,10,1,1,1
127,24,814,1029,22,10,1,1,1
128,24,816,1031,22,10,1,1,1
129,24,818,1033,22,10,1,1,1
60,26,1100,970,21,11,1,1,1
61,26,1102,970,21,11,1,1,1
62,26,1105,970,21,11,1,1,1
63,26,1107,970,21,11,1,1,1
64,26,1110,971,21,11,1,1,1
65,26,1112,971,22,11,1,1,1
66,26,1115,971,21,11,1,1,1
67,26,1117,972,22,11,1,1,1
68,26,1120,972,21,11,1,1,1
69,26,1122,972,22,11,1,1,1
70,26,1125,973,22,11,1,1,1
71,26,1128,973,22,11,1,1,1
72,26,1131,973,22,11,1,1,1
73,26,1134,973,22,11,1,1,1
74,26,1137,973,22,11,1,1,1
75,26,1140,974,22,10,1,1,1
76,26,1143,974,22,10,1,1,1
77,26,1146,974,22,10,1,1,1
78,26,1149,974,22,10,1,1,1
79,26,1152,974,22,10,1,1,1
100,26,1213,976,22,10,1,1,1
101,26,1216,976,22,10,1,1,1
102,26,1219,976,22,10,1,1,1
103,26,1223,976,21,10,1,1,1
104,26,1226,976,21,11,1,1,1
105,26,1230,977,21,10,1,1,1
106,26,1233,977,21,10,1,1,1
107,26,1236,977,21,11,1,1,1
108,26,1240,977,20,11,1,1,1
109,26,1243,977,20,11,1,1,1
230,26,1595,1072,21,6,1,1,1
231,26,1597,1070,21,7,1,1,1
232,26,1599,1069,21,7,1,1,1
233,26,1601,1067,21,8,1,1,1
234,26,1603,1066,21,8,1,1,1
235,26,1605,1064,21,9,1,1,1
236,26,1607,1063,21,9,1,1,1
237,26,1609,1061,21,10,1,1,1
238,26,1611,1060,21,10,1,1,1
239,26,1613,1058,21,11,1,1,1
290,26,1662,1033,22,13,1,1,1
291,26,1663,1033,22,13,1,1,1
292,26,1664,1033,22,13,1,1,1
293,26,1665,1033,23,13,1,1,1
294,26,1666,1033,23,13,1,1,1
295,26,1667,1034,23,12,1,1,1
296,26,1668,1034,24,12,1,1,1
297,26,1669,1034,24,12,1,1,1
298,26,1670,1034,24,12,1,1,1
299,26,1672,1035,24,12,1,1,1
34,27,0,839,4,31,1,1,1
35,27,0,839,15,31,1,1,1
36,27,1,839,25,31,1,1,1
37,27,2,840,35,30,1,1,1
38,27,2,840,46,30,1,1,1
39,27,3,840,56,30,1,1,1
37,28,0,802,4,31,1,1,1
38,28,0,804,10,31,1,1,1
39,28,0,806,17,31,1,1,1
40,28,0,808,24,32,1,1,1
41,28,6,808,29,31,1,1,1
42,28,13,808,33,31,1,1,1
43,28,19,808,38,31,1,1,1
44,28,26,808,43,31,1,1,1
45,28,32,808,48,31,1,1,1
46,28,39,808,52,30,1,1,1
47,28,45,808,58,30,1,1,1
48,28,52,808,62,30,1,1,1
49,28,58,808,67,30,1,1,1
210,28,1868,1014,51,31,1,1,1
211,28,1880,1013,39,30,1,1,1
212,28,1892,1012,27,29,1,1,1
67,29,0,797,4,28,1,1,1
68,29,0,797,11,28,1,1,1
69,29,0,798,18,27,1,1,1
70,29,0,799,26,26,1,1,1
71,29,6,799,32,26,1,1,1
72,29,13,799,37,26,1,1,1
73,29,19,799,43,26,1,1,1
74,29,26,799,48,26,1,1,1
75,29,33,799,53,27,1,1,1
76,29,39,799,59,27,1,1,1
77,29,46,799,64,27,1,1,1
78,29,52,799,70,27,1,1,1
79,29,59,799,75,27,1,1,1
80,30,0,860,12,22,1,1,1
81,30,6,860,18,22,1,1,1
82,30,13,860,23,22,1,1,1
83,30,19,860,30,23,1,1,1
84,30,26,860,35,23,1,1,1
85,30,33,860,41,24,1,1,1
86,30,39,860,47,24,1,1,1
87,30,46,860,52,24,1,1,1
88,30,52,860,59,25,1,1,1
89,30,59,860,64,25,1,1,1
95,31,0,810,7,23,1,1,1
96,31,0,809,19,25,1,1,1
97,31,0,809,32,26,1,1,1
98,31,0,808,44,28,1,1,1
99,31,0,808,57,29,1,1,1
100,31,0,808,70,31,1,1,1
101,31,12,808,70,31,1,1,1
102,31,25,808,70,31,1,1,1
103,31,37,809,71,30,1,1,1
104,31,50,809,71,30,1,1,1
105,31,63,810,71,29,1,1,1
106,31,75,810,71,29,1,1,1
107,31,88,810,71,29,1,1,1
108,31,100,811,72,28,1,1,1
109,31,113,811,72,28,1,1,1
250,31,1875,875,44,27,1,1,1
251,31,1885,874,33,27,1,1,1
252,31,1896,874,22,27,1,1,1
114,32,0,822,6,27,1,1,1
115,32,2,822,16,27,1,1,1
116,32,5,823,26,27,1,1,1
117,32,7,824,37,27,1,1,1
118,32,10,824,46,28,1,1,1
119,32,12,825,57,28,1,1,1
270,32,1870,869,49,26,1,1,1
271,32,1880,869,38,25,1,1,1
272,32,1890,870,28,24,1,1,1
273,32,1900,870,18,24,1,1,1
141,33,0,849,7,32,1,1,1
142,33,5,851,13,32,1,1,1
143,33,10,854,20,31,1,1,1
144,33,15,856,26,32,1,1,1
145,33,20,859,33,31,1,1,1
146,33,25,861,39,31,1,1,1
147,33,30,864,46,31,1,1,1
148,33,35,866,52,31,1,1,1
149,33,40,869,59,30,1,1,1
151,34,0,960,4,35,1,1,1
152,34,3,962,12,34,1,1,1
153,34,6,964,20,34,1,1,1
154,34,10,966,27,34,1,1,1
155,34,13,968,35,33,1,1,1
156,34,17,971,42,32,1,1,1
157,34,20,973,50,32,1,1,1
158,34,24,975,57,31,1,1,1
159,34,27,977,65,31,1,1,1
186,35,0,938,4,27,1,1,1
187,35,0,937,14,28,1,1,1
188,35,0,936,25,29,1,1,1
189,35,0,935,35,30,1,1,1
190,35,0,935,46,30,1,1,1
191,35,8,935,50,30,1,1,1
192,35,16,936,54,30,1,1,1
193,35,24,937,58,30,1,1,1
194,35,32,938,62,29,1,1,1
195,35,41,939,65,29,1,1,1
196,35,49,940,69,29,1,1,1
197,35,57,941,73,28,1,1,1
198,35,65,942,77,28,1,1,1
199,35,73,943,81,28,1,1,1
192,36,0,991,7,28,1,1,1
193,36,3,991,15,28,1,1,1
194,36,7,991,23,28,1,1,1
195,36,10,992,31,27,1,1,1
196,36,14,992,39,28,1,1,1
197,36,18,992,46,28,1,1,1
198,36,21,993,55,27,1,1,1
199,36,25,993,62,27,1,1,1
201,37,0,913,4,30,1,1,1
202,37,4,912,12,30,1,1,1
203,37,9,912,20,30,1,1,1
204,37,14,912,28,30,1,1,1
205,37,19,912,35,29,1,1,1
206,37,24,911,43,30,1,1,1
207,37,29,911,51,30,1,1,1
208,37,34,911,58,29,1,1,1
209,37,39,911,66,29,1,1,1
226,38,0,926,7,30,1,1,1
227,38,0,924,18,30,1,1,1
228,38,0,923,29,30,1,1,1
229,38,0,922,40,29,1,1,1
230,38,0,921,51,29,1,1,1
231,38,9,919,53,29,1,1,1
232,38,19,918,55,29,1,1,1
233,38,29,916,57,29,1,1,1
234,38,39,915,58,29,1,1,1
235,38,49,914,60,28,1,1,1
236,38,58,912,63,29,1,1,1
237,38,68,911,64,28,1,1,1
238,38,78,909,66,29,1,1,1
239,38,88,908,68,28,1,1,1
281,39,0,919,4,32,1,1,1
282,39,0,919,11,31,1,1,1
283,39,0,919,18,31,1,1,1
284,39,0,919,26,31,1,1,1
285,39,0,919,33,31,1,1,1
286,39,0,919,41,31,1,1,1
287,39,0,919,48,31,1,1,1
288,39,0,919,56,31,1,1,1
289,39,0,919,63,31,1,1,1
291,40,0,982,7,31,1,1,1
292,40,0,982,15,31,1,1,1
293,40,1,982,23,31,1,1,1
294,40,2,983,31,30,1,1,1
295,40,3,983,39,30,1,1,1
296,40,4,983,46,30,1,1,1
297,40,5,984,54,29,1,1,1
298,40,6,984,62,29,1,1,1
296,41,0,863,4,32,1,1,1
297,41,0,862,13,31,1,1,1
298,41,0,862,22,29,1,1,1
299,41,0,862,32,27,1,1,1
260,42,0,776,4,35,1,1,1
261,42,0,775,6,35,1,1,1
262,42,0,775,9,34,1,1,1
263,42,0,775,12,34,1,1,1
264,42,0,775,15,33,1,1,1
265,42,0,775,18,33,1,1,1
266,42,0,775,21,32,1,1,1
267,42,0,775,24,32,1,1,1
268,42,0,775,27,31,1,1,1
269,42,0,775,30,31,1,1,1
270,42,0,774,32,31,1,1,1
271,42,0,774,34,31,1,1,1
272,42,0,774,36,31,1,1,1
273,42,0,774,38,30,1,1,1
274,42,0,774,41,30,1,1,1
275,42,0,773,43,31,1,1,1
276,42,0,773,45,30,1,1,1
277,42,0,773,47,30,1,1,1
278,42,0,773,49,30,1,1,1
279,42,0,773,52,30,1,1,1
280,42,0,772,54,30,1,1,1
281,42,1,772,56,30,1,1,1
282,42,2,772,58,30,1,1,1
283,42,3,771,60,31,1,1,1
284,42,4,771,62,31,1,1,1
285,42,5,771,64,30,1,1,1
286,42,6,771,66,30,1,1,1
287,42,7,770,68,31,1,1,1
288,42,8,770,70,31,1,1,1
289,42,9,770,72,31,1,1,1
299,43,0,783,10,28,1,1,1
0,44,574,971,65,27,1,1,1
1,44,578,971,65,26,1,1,1
2,44,583,971,64,26,1,1,1
3,44,587,971,64,26,1,1,1
4,44,592,971,63,26,1,1,1
5,44,596,971,63,26,1,1,1
6,44,601,971,62,25,1,1,1
7,44,605,971,62,25,1,1,1
8,44,610,971,61,25,1,1,1
9,44,614,971,61,25,1,1,1
10,44,619,971,61,25,1,1,1
11,44,623,971,61,25,1,1,1
12,44,628,971,61,25,1,1,1
13,44,632,971,61,25,1,1,1
14,44,637,971,61,25,1,1,1
15,44,641,971,61,25,1,1,1
16,44,646,971,61,25,1,1,1
17,44,650,971,61,25,1,1,1
18,44,655,971,61,25,1,1,1
19,44,659,971,61,25,1,1,1
20,44,664,972,61,25,1,1,1
21,44,668,972,61,25,1,1,1
22,44,672,972,62,25,1,1,1
23,44,676,972,62,25,1,1,1
24,44,681,972,62,25,1,1,1
25,44,685,972,62,25,1,1,1
26,44,689,972,63,25,1,1,1
27,44,694,972,62,25,1,1,1
28,44,698,972,63,25,1,1,1
29,44,702,972,63,25,1,1,1
30,44,707,972,63,25,1,1,1
31,44,711,972,63,25,1,1,1
32,44,716,972,63,25,1,1,1
33,44,720,972,63,25,1,1,1
34,44,725,972,63,26,1,1,1
35,44,729,972,64,26,1,1,1
36,44,734,972,63,26,1,1,1
37,44,738,972,64,27,1,1,1
38,44,743,972,63,27,1,1,1
39,44,747,972,64,27,1,1,1
40,44,752,973,64,27,1,1,1
41,44,756,973,65,26,1,1,1
42,44,761,973,65,26,1,1,1
43,44,766,973,65,26,1,1,1
44,44,771,973,65,26,1,1,1
45,44,776,973,65,26,1,1,1
46,44,780,973,66,26,1,1,1
47,44,785,973,66,26,1,1,1
48,44,790,973,66,26,1,1,1
49,44,795,973,66,26,1,1,1
50,44,800,973,66,26,1,1,1
51,44,805,973,66,26,1,1,1
52,44,810,973,66,26,1,1,1
53,44,815,973,66,26,1,1,1
54,44,820,973,66,26,1,1,1
55,44,825,974,66,26,1,1,1
56,44,830,974,66,26,1,1,1
57,44,835,974,66,26,1,1,1
58,44,840,974,66,26,1,1,1
59,44,845,974,66,26,1,1,1
60,44,850,975,66,26,1,1,1
61,44,854,975,66,26,1,1,1
62,44,859,975,66,26,1,1,1
63,44,864,975,66,26,1,1,1
64,44,869,975,66,26,1,1,1
65,44,874,975,66,26,1,1,1
66,44,879,975,66,26,1,1,1
67,44,884,975,66,26,1,1,1
68,44,889,975,66,26,1,1,1
69,44,894,975,66,26,1,1,1
70,44,899,976,66,26,1,1,1
71,44,904,976,66,26,1,1,1
72,44,909,976,66,26,1,1,1
73,44,914,976,66,26,1,1,1
74,44,919,976,66,26,1,1,1
75,44,924,977,66,26,1,1,1
76,44,929,977,66,26,1,1,1
77,44,934,977,66,26,1,1,1
78,44,939,977,66,26,1,1,1
79,44,944,977,66,26,1,1,1
80,44,950,978,66,26,1,1,1
81,44,955,978,66,26,1,1,1
82,44,960,978,66,26,1,1,1
83,44,965,978,66,26,1,1,1
84,44,970,978,66,26,1,1,1
85,44,975,978,66,26,1,1,1
86,44,980,978,66,26,1,1,1
87,44,985,978,66,26,1,1,1
88,44,990,978,66,26,1,1,1
89,44,995,978,66,26,1,1,1
90,44,1001,978,66,26,1,1,1
91,44,1006,978,66,26,1,1,1
92,44,1011,978,66,26,1,1,1
93,44,1016,978,66,26,1,1,1
94,44,1021,978,66,26,1,1,1
95,44,1026,978,66,26,1,1,1
96,44,1031,978,66,26,1,1,1
97,44,1036,978,66,26,1,1,1
98,44,1041,978,66,26,1,1,1
99,44,1046,978,66,26,1,1,1
100,44,1052,979,66,26,1,1,1
101,44,1057,979,66,26,1,1,1
102,44,1062,979,66,26,1,1,1
103,44,1067,979,66,26,1,1,1
104,44,1073,980,66,26,1,1,1
105,44,1078,980,66,26,1,1,1
106,44,1083,980,66,26,1,1,1
107,44,1089,981,66,26,1,1,1
108,44,1094,981,66,26,1,1,1
109,44,1099,981,66,26,1,1,1
110,44,1105,982,66,26,1,1,1
111,44,1110,983,66,26,1,1,1
112,44,1115,984,66,26,1,1,1
113,44,1120,985,66,26,1,1,1
114,44,1126,986,66,26,1,1,1
115,44,1131,987,66,26,1,1,1
116,44,1136,988,66,26,1,1,1
117,44,1142,989,66,26,1,1,1
118,44,1147,990,66,26,1,1,1
119,44,1152,991,66,26,1,1,1
120,44,1158,992,66,26,1,1,1
121,44,1163,993,66,26,1,1,1
122,44,1168,994,66,26,1,1,1
123,44,1173,996,66,26,1,1,1
124,44,1178,997,66,26,1,1,1
125,44,1183,999,66,26,1,1,1
126,44,1188,1000,66,26,1,1,1
127,44,1193,1001,66,26,1,1,1
128,44,1198,1003,66,26,1,1,1
129,44,1203,1004,66,26,1,1,1
130,44,1209,1006,66,26,1,1,1
131,44,1213,1007,66,26,1,1,1
132,44,1218,1009,66,26,1,1,1
133,44,1223,1011,66,26,1,1,1
134,44,1227,1013,66,26,1,1,1
135,44,1232,1015,66,26,1,1,1
136,44,1237,1016,66,26,1,1,1
137,44,1241,1018,66,26,1,1,1
138,44,1246,1020,66,26,1,1,1
139,44,1251,1022,66,26,1,1,1
140,44,1256,1024,66,26,1,1,1
141,44,1260,1026,66,26,1,1,1
142,44,1265,1028,66,26,1,1,1
143,44,1270,1030,66,26,1,1,1
144,44,1274,1032,66,26,1,1,1
145,44,1279,1034,66,26,1,1,1
146,44,1284,1036,66,26,1,1,1
147,44,1288,1038,66,26,1,1,1
148,44,1293,1040,66,26,1,1,1
149,44,1298,1042,66,26,1,1,1
150,44,1303,1044,66,26,1,1,1
151,44,1308,1045,66,25,1,1,1
152,44,1313,1047,66,24,1,1,1
153,44,1318,1049,66,23,1,1,1
154,44,1323,1051,66,22,1,1,1
155,44,1328,1053,66,21,1,1,1
156,44,1333,1054,66,21,1,1,1
157,44,1338,1056,66,20,1,1,1
158,44,1343,1058,66,19,1,1,1
159,44,1348,1060,66,18,1,1,1
240,44,1745,1068,68,10,1,1,1
241,44,1749,1066,68,12,1,1,1
242,44,1753,1065,68,13,1,1,1
243,44,1757,1063,68,15,1,1,1
244,44,1761,1062,68,16,1,1,1
245,44,1765,1061,68,17,1,1,1
246,44,1769,1059,68,19,1,1,1
247,44,1773,1058,68,20,1,1,1
248,44,1777,1056,68,22,1,1,1
249,44,1781,1055,68,23,1,1,1
250,44,1786,1054,67,25,1,1,1
251,44,1789,1053,67,25,1,1,1
252,44,1792,1052,67,25,1,1,1
253,44,1795,1051,67,25,1,1,1
254,44,1798,1051,67,25,1,1,1
255,44,1801,1050,67,25,1,1,1
256,44,1804,1049,67,25,1,1,1
257,44,1807,1049,67,25,1,1,1
258,44,1810,1048,67,25,1,1,1
259,44,1813,1047,67,25,1,1,1
260,44,1816,1047,67,25,1,1,1
261,44,1818,1046,67,25,1,1,1
262,44,1821,1045,67,25,1,1,1
263,44,1824,1045,67,25,1,1,1
264,44,1827,1044,67,25,1,1,1
265,44,1830,1044,67,25,1,1,1
266,44,1832,1043,67,25,1,1,1
267,44,1835,1042,67,25,1,1,1
268,44,1838,1042,67,25,1,1,1
269,44,1841,1041,67,25,1,1,1
270,44,1844,1041,67,25,1,1,1
271,44,1846,1040,65,25,1,1,1
272,44,1849,1040,63,25,1,1,1
273,44,1851,1039,62,25,1,1,1
274,44,1854,1039,59,25,1,1,1
275,44,1856,1039,58,25,1,1,1
276,44,1859,1038,56,25,1,1,1
277,44,1861,1038,54,25,1,1,1
278,44,1864,1037,52,25,1,1,1
279,44,1866,1037,51,25,1,1,1
280,44,1869,1037,49,25,1,1,1
281,44,1871,1036,47,25,1,1,1
282,44,1874,1036,44,25,1,1,1
283,44,1877,1036,41,25,1,1,1
284,44,1880,1036,38,25,1,1,1
285,44,1883,1036,35,25,1,1,1
286,44,1886,1036,32,25,1,1,1
287,44,1889,1036,29,25,1,1,1
288,44,1892,1036,26,25,1,1,1
289,44,1895,1036,23,25,1,1,1
290,44,1898,1036,21,25,1,1,1
291,44,1900,1034,18,26,1,1,1
292,44,1902,1033,16,27,1,1,1
293,44,1904,1032,14,28,1,1,1
294,44,1906,1031,12,28,1,1,1
295,44,1908,1030,10,29,1,1,1
40,45,1863,804,56,26,1,1,1
41,45,1875,804,43,26,1,1,1
42,45,1888,805,30,26,1,1,1
43,45,1901,805,17,27,1,1,1
57,46,1889,854,30,30,1,1,1
58,46,1897,854,22,29,1,1,1
59,46,1906,854,13,28,1,1,1
0,48,1050,973,59,26,1,1,1
1,48,1053,973,59,26,1,1,1
2,48,1057,973,59,26,1,1,1
3,48,1061,973,59,26,1,1,1
4,48,1065,973,59,26,1,1,1
5,48,1069,973,59,26,1,1,1
6,48,1073,973,59,26,1,1,1
7,48,1077,973,59,26,1,1,1
8,48,1081,973,59,26,1,1,1
9,48,1085,973,59,26,1,1,1
10,48,1089,973,59,26,1,1,1
11,48,1093,972,59,26,1,1,1
12,48,1097,972,59,26,1,1,1
13,48,1101,972,59,26,1,1,1
14,48,1105,972,59,26,1,1,1
15,48,1109,972,59,26,1,1,1
16,48,1113,972,59,26,1,1,1
17,48,1117,972,59,26,1,1,1
18,48,1121,972,59,26,1,1,1
19,48,1125,972,59,26,1,1,1
20,48,1130,972,59,26,1,1,1
21,48,1134,972,59,26,1,1,1
22,48,1138,972,59,26,1,1,1
23,48,1142,972,59,26,1,1,1
24,48,1146,972,59,26,1,1,1
25,48,1151,972,59,26,1,1,1
26,48,1155,972,59,26,1,1,1
27,48,1159,972,59,26,1,1,1
28,48,1163,972,59,26,1,1,1
29,48,1167,972,59,26,1,1,1
30,48,1172,972,59,26,1,1,1
31,48,1176,972,59,26,1,1,1
32,48,1180,972,59,26,1,1,1
33,48,1185,972,59,26,1,1,1
34,48,1189,972,59,26,1,1,1
35,48,1194,973,59,26,1,1,1
36,48,1198,973,59,26,1,1,1
37,48,1202,973,59,26,1,1,1
38,48,1207,973,59,26,1,1,1
39,48,1211,973,59,26,1,1,1
40,48,1216,974,59,26,1,1,1
41,48,1220,974,59,26,1,1,1
42,48,1225,974,59,26,1,1,1
43,48,1229,974,59,26,1,1,1
44,48,1234,974,59,26,1,1,1
45,48,1238,975,59,26,1,1,1
46,48,1243,975,59,26,1,1,1
47,48,1247,975,59,26,1,1,1
48,48,1252,975,59,26,1,1,1
49,48,1256,975,59,26,1,1,1
50,48,1261,976,59,26,1,1,1
51,48,1265,976,59,26,1,1,1
52,48,1270,976,59,26,1,1,1
53,48,1274,976,59,26,1,1,1
54,48,1279,976,59,26,1,1,1
55,48,1284,976,59,26,1,1,1
56,48,1288,976,59,26,1,1,1
57,48,1293,976,59,26,1,1,1
58,48,1297,976,59,26,1,1,1
59,48,1302,976,59,26,1,1,1
60,48,1307,977,59,26,1,1,1
61,48,1311,977,59,26,1,1,1
62,48,1316,977,59,26,1,1,1
63,48,1320,977,59,26,1,1,1
64,48,1325,977,59,26,1,1,1
65,48,1329,978,59,26,1,1,1
66,48,1334,978,59,26,1,1,1
67,48,1338,978,59,26,1,1,1
68,48,1343,978,59,26,1,1,1
69,48,1347,978,59,26,1,1,1
70,48,1352,979,59,26,1,1,1
71,48,1356,979,59,26,1,1,1
72,48,1360,979,59,26,1,1,1
73,48,1365,979,59,26,1,1,1
74,48,1369,979,59,26,1,1,1
75,48,1374,980,59,26,1,1,1
76,48,1378,980,59,26,1,1,1
77,48,1382,980,59,26,1,1,1
78,48,1387,980,59,26,1,1,1
79,48,1391,980,59,26,1,1,1
80,48,1396,981,59,26,1,1,1
81,48,1400,981,59,25,1,1,1
82,48,1404,981,60,25,1,1,1
83,48,1408,981,61,25,1,1,1
84,48,1412,981,61,25,1,1,1
85,48,1417,981,61,25,1,1,1
86,48,1421,981,62,25,1,1,1
87,48,1425,981,62,25,1,1,1
88,48,1429,981,63,25,1,1,1
89,48,1433,981,64,25,1,1,1
90,48,1438,981,64,25,1,1,1
91,48,1442,980,64,25,1,1,1
92,48,1447,980,64,25,1,1,1
93,48,1452,980,64,25,1,1,1
94,48,1456,980,64,25,1,1,1
95,48,1461,980,64,25,1,1,1
96,48,1466,980,64,25,1,1,1
97,48,1470,980,64,25,1,1,1
98,48,1475,980,64,25,1,1,1
99,48,1480,980,64,25,1,1,1
100,48,1485,980,64,25,1,1,1
101,48,1490,980,64,25,1,1,1
102,48,1495,980,64,25,1,1,1
103,48,1500,981,64,25,1,1,1
104,48,1505,981,64,25,1,1,1
105,48,1510,982,64,25,1,1,1
106,48,1515,982,64,25,1,1,1
107,48,1520,982,64,25,1,1,1
108,48,1525,983,64,25,1,1,1
109,48,1530,983,64,25,1,1,1
110,48,1535,984,64,25,1,1,1
111,48,1539,984,64,25,1,1,1
112,48,1544,985,64,25,1,1,1
113,48,1549,986,64,25,1,1,1
114,48,1554,987,64,25,1,1,1
115,48,1559,988,64,25,1,1,1
116,48,1564,989,64,25,1,1,1
117,48,1569,990,64,25,1,1,1
118,48,1574,991,64,25,1,1,1
119,48,1579,992,64,25,1,1,1
120,48,1584,993,64,25,1,1,1
121,48,1589,994,64,25,1,1,1
122,48,1594,995,64,25,1,1,1
123,48,1599,996,64,25,1,1,1
124,48,1604,998,64,25,1,1,1
125,48,1609,999,64,25,1,1,1
126,48,1614,1000,64,25,1,1,1
127,48,1619,1002,64,25,1,1,1
128,48,1624,1003,64,25,1,1,1
129,48,1629,1004,64,25,1,1,1
130,48,1635,1006,64,25,1,1,1
131,48,1639,1008,64,25,1,1,1
132,48,1644,1010,64,25,1,1,1
133,48,1648,1012,64,25,1,1,1
134,48,1653,1014,64,25,1,1,1
135,48,1657,1016,64,25,1,1,1
136,48,1662,1018,64,25,1,1,1
137,48,1666,1020,64,25,1,1,1
138,48,1671,1022,64,25,1,1,1
139,48,1675,1024,64,25,1,1,1
140,48,1680,1026,64,25,1,1,1
141,48,1684,1027,64,25,1,1,1
142,48,1689,1029,64,25,1,1,1
143,48,1693,1031,64,25,1,1,1
144,48,1698,1033,64,25,1,1,1
145,48,1702,1035,64,25,1,1,1
146,48,1707,1037,64,25,1,1,1
147,48,1711,1039,64,25,1,1,1
148,48,1716,1041,64,25,1,1,1
149,48,1720,1043,64,25,1,1,1
150,48,1725,1045,64,25,1,1,1
151,48,1729,1046,64,24,1,1,1
152,48,1734,1048,64,23,1,1,1
153,48,1738,1050,64,22,1,1,1
154,48,1743,1052,64,21,1,1,1
155,48,1748,1054,64,20,1,1,1
156,48,1752,1055,64,19,1,1,1
157,48,1757,1057,64,18,1,1,1
158,48,1761,1059,64,17,1,1,1
159,48,1766,1061,64,16,1,1,1
160,48,1771,1063,64,15,1,1,1
161,48,1775,1064,65,14,1,1,1
162,48,1780,1065,66,13,1,1,1
163,48,1785,1066,67,12,1,1,1
164,48,1789,1068,68,10,1,1,1
165,48,1794,1069,69,9,1,1,1
166,48,1799,1070,70,8,1,1,1
