140,2,3,432,80,59,1,1,1
141,2,3,430,80,59,1,1,1
142,2,3,428,80,59,1,1,1
143,2,3,426,80,59,1,1,1
144,2,3,424,80,59,1,1,1
145,2,4,422,80,59,1,1,1
146,2,4,420,80,59,1,1,1
147,2,4,418,80,59,1,1,1
148,2,4,416,80,59,1,1,1
149,2,4,414,80,59,1,1,1
150,2,5,412,80,59,1,1,1
151,2,5,411,78,59,1,1,1
152,2,5,411,77,59,1,1,1
153,2,5,411,76,59,1,1,1
154,2,6,411,73,59,1,1,1
155,2,6,411,72,59,1,1,1
156,2,6,411,71,59,1,1,1
157,2,7,411,68,59,1,1,1
158,2,7,411,67,59,1,1,1
159,2,7,411,66,59,1,1,1
160,2,8,411,64,59,1,1,1
161,2,7,412,63,59,1,1,1
162,2,7,414,61,59,1,1,1
163,2,7,416,59,59,1,1,1
164,2,6,418,59,59,1,1,1
165,2,6,420,57,59,1,1,1
166,2,6,422,55,58,1,1,1
167,2,5,424,55,58,1,1,1
168,2,5,426,53,58,1,1,1
169,2,5,428,51,58,1,1,1
170,2,5,430,50,58,1,1,1
171,2,4,433,50,58,1,1,1
172,2,4,437,49,58,1,1,1
173,2,4,440,48,58,1,1,1
174,2,4,444,48,58,1,1,1
175,2,4,447,47,58,1,1,1
176,2,4,451,46,58,1,1,1
177,2,4,454,46,58,1,1,1
178,2,4,458,45,58,1,1,1
179,2,4,461,44,58,1,1,1
180,2,4,465,44,58,1,1,1
181,2,3,468,44,58,1,1,1
182,2,3,472,43,58,1,1,1
183,2,3,476,42,57,1,1,1
184,2,2,480,42,57,1,1,1
185,2,2,484,41,57,1,1,1
186,2,2,487,40,57,1,1,1
187,2,1,491,40,57,1,1,1
188,2,1,495,39,56,1,1,1
189,2,1,499,38,56,1,1,1
190,2,1,503,38,56,1,1,1
191,2,1,505,36,56,1,1,1
192,2,1,508,34,56,1,1,1
193,2,1,511,33,56,1,1,1
194,2,1,513,31,56,1,1,1
195,2,2,516,29,56,1,1,1
196,2,2,519,27,56,1,1,1
197,2,2,521,25,56,1,1,1
198,2,2,524,24,56,1,1,1
199,2,2,527,22,56,1,1,1
200,2,3,530,20,56,1,1,1
201,2,3,532,20,56,1,1,1
202,2,3,534,20,56,1,1,1
203,2,3,536,20,56,1,1,1
204,2,3,538,20,56,1,1,1
205,2,3,540,20,56,1,1,1
206,2,3,542,20,56,1,1,1
207,2,3,544,20,56,1,1,1
208,2,3,546,20,56,1,1,1
209,2,3,548,20,56,1,1,1
210,2,3,551,20,56,1,1,1
211,2,3,550,20,56,1,1,1
212,2,3,550,20,56,1,1,1
213,2,3,550,20,56,1,1,1
214,2,3,549,20,56,1,1,1
215,2,3,549,20,56,1,1,1
216,2,3,549,20,56,1,1,1
217,2,3,548,20,56,1,1,1
218,2,3,548,20,56,1,1,1
219,2,3,548,20,56,1,1,1
220,2,3,548,20,56,1,1,1
221,2,3,547,20,56,1,1,1
222,2,3,547,20,56,1,1,1
223,2,3,547,20,56,1,1,1
224,2,3,546,20,56,1,1,1
225,2,3,546,20,56,1,1,1
226,2,3,546,20,56,1,1,1
227,2,3,545,20,56,1,1,1
228,2,3,545,20,56,1,1,1
229,2,3,545,20,56,1,1,1
230,2,3,545,20,56,1,1,1
231,2,3,544,20,56,1,1,1
232,2,3,544,20,56,1,1,1
233,2,3,544,20,56,1,1,1
234,2,3,543,20,56,1,1,1
235,2,3,543,20,56,1,1,1
236,2,3,543,20,56,1,1,1
237,2,3,542,20,56,1,1,1
238,2,3,542,20,56,1,1,1
239,2,3,542,20,56,1,1,1
240,2,3,542,20,56,1,1,1
241,2,3,540,22,56,1,1,1
242,2,3,538,24,56,1,1,1
243,2,3,536,26,56,1,1,1
244,2,3,534,28,56,1,1,1
245,2,3,533,31,56,1,1,1
246,2,3,531,33,56,1,1,1
247,2,3,529,35,56,1,1,1
248,2,3,527,37,56,1,1,1
249,2,3,525,39,56,1,1,1
250,2,4,524,41,56,1,1,1
251,2,3,522,44,56,1,1,1
252,2,3,521,46,56,1,1,1
253,2,3,520,48,56,1,1,1
254,2,2,519,51,56,1,1,1
255,2,2,518,53,56,1,1,1
256,2,2,516,55,56,1,1,1
257,2,1,515,58,56,1,1,1
258,2,1,514,60,56,1,1,1
259,2,1,513,62,56,1,1,1
260,2,1,512,64,56,1,1,1
261,2,1,509,68,56,1,1,1
262,2,2,506,71,56,1,1,1
263,2,2,503,75,56,1,1,1
264,2,3,500,78,56,1,1,1
265,2,4,497,81,56,1,1,1
266,2,4,494,85,56,1,1,1
267,2,5,491,88,56,1,1,1
268,2,5,488,92,56,1,1,1
269,2,6,485,95,56,1,1,1
264,3,27,738,86,59,1,1,1
265,3,22,736,79,59,1,1,1
266,3,18,734,71,59,1,1,1
267,3,14,733,63,59,1,1,1
268,3,9,731,56,59,1,1,1
269,3,5,729,48,59,1,1,1
445,4,1692,13,52,42,1,1,1
446,4,1701,10,50,38,1,1,1
447,4,1711,7,47,34,1,1,1
448,4,1720,5,46,30,1,1,1
449,4,1730,2,43,26,1,1,1
422,5,1471,9,53,41,1,1,1
423,5,1481,6,52,38,1,1,1
424,5,1491,4,52,34,1,1,1
425,5,1501,2,51,30,1,1,1
114,6,1811,632,104,50,1,1,1
115,6,1820,630,95,50,1,1,1
116,6,1829,628,86,50,1,1,1
117,6,1838,627,77,49,1,1,1
118,6,1845,626,70,49,1,1,1
119,6,1852,626,63,48,1,1,1
120,6,1860,626,56,47,1,1,1
121,6,1866,626,50,47,1,1,1
122,6,1873,626,43,47,1,1,1
123,6,1879,626,37,47,1,1,1
124,6,1886,626,30,47,1,1,1
435,6,1895,794,23,47,1,1,1
436,6,1889,794,28,47,1,1,1
437,6,1884,794,33,47,1,1,1
438,6,1879,794,38,47,1,1,1
439,6,1867,794,49,47,1,1,1
440,6,1856,794,60,47,1,1,1
441,6,1845,794,71,47,1,1,1
442,6,1835,794,80,49,1,1,1
443,6,1826,794,89,51,1,1,1
444,6,1817,794,97,53,1,1,1
445,6,1807,794,107,55,1,1,1
446,6,1798,794,115,57,1,1,1
570,6,4,817,116,57,1,1,1
571,6,3,817,100,57,1,1,1
572,6,2,817,85,58,1,1,1
573,6,2,817,69,58,1,1,1
574,6,1,817,54,59,1,1,1
575,6,0,817,39,59,1,1,1
390,7,1102,0,50,49,1,1,1
391,7,1110,0,50,43,1,1,1
392,7,1119,0,50,38,1,1,1
393,7,1127,0,50,32,1,1,1
394,7,1136,0,50,27,1,1,1
461,9,1827,0,62,38,1,1,1
462,9,1842,1,54,31,1,1,1
463,9,1857,2,46,24,1,1,1
97,10,1827,542,86,59,1,1,1
98,10,1831,538,82,59,1,1,1
99,10,1835,535,78,59,1,1,1
100,10,1839,532,74,59,1,1,1
101,10,1842,531,71,59,1,1,1
102,10,1845,531,68,59,1,1,1
103,10,1848,531,65,59,1,1,1
104,10,1851,531,62,59,1,1,1
105,10,1855,531,58,59,1,1,1
106,10,1851,525,60,59,1,1,1
107,10,1847,519,62,59,1,1,1
108,10,1843,514,64,58,1,1,1
109,10,1839,508,67,59,1,1,1
110,10,1835,503,69,58,1,1,1
111,10,1831,497,71,58,1,1,1
112,10,1827,492,74,58,1,1,1
113,10,1827,491,74,58,1,1,1
114,10,1827,490,74,58,1,1,1
115,10,1828,489,74,58,1,1,1
116,10,1828,488,74,58,1,1,1
117,10,1829,487,74,58,1,1,1
118,10,1829,486,74,58,1,1,1
119,10,1830,486,74,58,1,1,1
120,10,1830,484,74,58,1,1,1
121,10,1831,483,74,58,1,1,1
122,10,1831,482,74,58,1,1,1
123,10,1832,481,74,58,1,1,1
124,10,1833,480,74,58,1,1,1
125,10,1836,479,71,58,1,1,1
126,10,1839,479,68,57,1,1,1
127,10,1842,479,65,57,1,1,1
128,10,1845,479,62,56,1,1,1
129,10,1848,479,59,56,1,1,1
130,10,1844,475,59,56,1,1,1
131,10,1840,471,59,56,1,1,1
132,10,1837,468,59,56,1,1,1
133,10,1839,467,57,56,1,1,1
134,10,1841,467,55,56,1,1,1
135,10,1843,467,53,56,1,1,1
136,10,1845,467,51,56,1,1,1
137,10,1847,467,49,56,1,1,1
138,10,1849,467,47,56,1,1,1
139,10,1851,467,45,56,1,1,1
140,10,1853,467,43,56,1,1,1
141,10,1852,467,43,56,1,1,1
142,10,1852,467,43,56,1,1,1
143,10,1852,468,43,56,1,1,1
144,10,1852,468,43,56,1,1,1
145,10,1852,469,43,56,1,1,1
146,10,1852,469,43,56,1,1,1
147,10,1852,469,43,56,1,1,1
148,10,1852,470,43,56,1,1,1
149,10,1852,470,43,56,1,1,1
150,10,1852,471,43,56,1,1,1
151,10,1852,471,43,56,1,1,1
152,10,1851,471,44,56,1,1,1
153,10,1851,472,44,56,1,1,1
154,10,1851,472,44,56,1,1,1
155,10,1851,473,44,56,1,1,1
156,10,1851,473,44,56,1,1,1
157,10,1851,473,44,56,1,1,1
158,10,1851,474,44,56,1,1,1
159,10,1851,474,44,56,1,1,1
160,10,1851,475,44,56,1,1,1
161,10,1851,475,44,56,1,1,1
162,10,1851,476,44,56,1,1,1
163,10,1850,480,44,56,1,1,1
164,10,1850,484,44,56,1,1,1
165,10,1849,488,44,56,1,1,1
166,10,1849,492,44,56,1,1,1
167,10,1849,497,44,56,1,1,1
168,10,1848,499,44,56,1,1,1
169,10,1847,502,44,56,1,1,1
170,10,1846,504,44,56,1,1,1
171,10,1846,507,44,56,1,1,1
172,10,1845,511,44,56,1,1,1
173,10,1844,515,44,56,1,1,1
174,10,1843,519,44,56,1,1,1
175,10,1841,523,47,56,1,1,1
176,10,1839,527,50,56,1,1,1
177,10,1837,532,53,56,1,1,1
178,10,1835,536,56,56,1,1,1
179,10,1833,540,59,56,1,1,1
180,10,1832,545,62,56,1,1,1
181,10,1828,550,66,56,1,1,1
182,10,1825,555,69,56,1,1,1
183,10,1821,560,73,56,1,1,1
184,10,1818,566,77,56,1,1,1
185,10,1815,570,82,56,1,1,1
186,10,1813,575,86,56,1,1,1
187,10,1810,579,91,56,1,1,1
188,10,1808,584,95,56,1,1,1
189,10,1805,588,100,56,1,1,1
57,11,1794,716,109,61,1,1,1
58,11,1803,715,101,61,1,1,1
59,11,1813,714,92,61,1,1,1
60,11,1823,713,83,61,1,1,1
61,11,1833,712,74,61,1,1,1
62,11,1843,712,65,61,1,1,1
63,11,1852,711,56,60,1,1,1
64,11,1861,710,47,59,1,1,1
65,11,1871,709,38,59,1,1,1
66,11,1876,706,35,59,1,1,1
67,11,1881,704,32,59,1,1,1
207,11,1879,890,29,64,1,1,1
208,11,1862,890,45,65,1,1,1
209,11,1846,891,60,65,1,1,1
210,11,1830,892,76,65,1,1,1
211,11,1813,893,92,65,1,1,1
212,11,1797,894,108,65,1,1,1
213,11,1781,895,123,65,1,1,1
304,11,17,805,94,62,1,1,1
305,11,16,804,80,62,1,1,1
306,11,15,803,67,62,1,1,1
307,11,14,802,53,62,1,1,1
60,12,1820,642,88,61,1,1,1
61,12,1829,641,80,61,1,1,1
62,12,1839,641,72,60,1,1,1
63,12,1849,641,63,59,1,1,1
64,12,1859,641,55,59,1,1,1
65,12,1866,641,47,59,1,1,1
66,12,1873,641,40,59,1,1,1
67,12,1880,641,33,59,1,1,1
68,12,1887,641,26,59,1,1,1
301,12,1839,773,71,59,1,1,1
302,12,1827,772,76,59,1,1,1
303,12,1815,772,82,59,1,1,1
304,12,1804,772,87,59,1,1,1
305,12,1792,771,93,59,1,1,1
306,12,1781,771,98,59,1,1,1
307,12,1769,771,103,59,1,1,1
308,12,1757,770,109,59,1,1,1
309,12,1746,770,114,59,1,1,1
310,12,1734,770,120,59,1,1,1
467,12,17,666,92,50,1,1,1
468,12,15,666,81,50,1,1,1
469,12,13,666,70,50,1,1,1
470,12,11,666,59,50,1,1,1
471,12,9,667,49,50,1,1,1
472,12,7,667,38,50,1,1,1
473,12,5,667,27,50,1,1,1
73,13,1816,515,60,62,1,1,1
74,13,1822,514,56,62,1,1,1
75,13,1829,514,52,62,1,1,1
76,13,1836,514,48,62,1,1,1
77,13,1843,513,44,62,1,1,1
78,13,1850,513,40,62,1,1,1
79,13,1856,513,36,62,1,1,1
80,13,1863,513,32,62,1,1,1
81,13,1870,512,28,62,1,1,1
82,13,1877,512,24,62,1,1,1
83,13,1884,512,20,62,1,1,1
204,13,1894,585,20,62,1,1,1
205,13,1887,588,26,62,1,1,1
206,13,1881,591,32,62,1,1,1
207,13,1875,595,38,62,1,1,1
208,13,1870,594,43,62,1,1,1
209,13,1866,594,47,62,1,1,1
210,13,1862,594,51,62,1,1,1
211,13,1858,594,55,62,1,1,1
212,13,1854,594,59,62,1,1,1
213,13,1852,596,61,62,1,1,1
214,13,1850,599,63,61,1,1,1
215,13,1848,601,65,62,1,1,1
216,13,1846,604,67,61,1,1,1
217,13,1845,607,68,61,1,1,1
218,13,1839,606,74,61,1,1,1
219,13,1834,606,79,61,1,1,1
220,13,1828,606,85,61,1,1,1
221,13,1823,606,91,61,1,1,1
222,13,1819,609,94,61,1,1,1
223,13,1815,613,98,60,1,1,1
224,13,1811,616,102,60,1,1,1
225,13,1807,620,106,59,1,1,1
226,13,1802,620,111,59,1,1,1
227,13,1797,620,116,59,1,1,1
228,13,1792,620,121,59,1,1,1
229,13,1787,620,126,59,1,1,1
451,13,1854,117,53,73,1,1,1
452,13,1861,111,46,73,1,1,1
453,13,1868,105,40,73,1,1,1
454,13,1876,99,33,73,1,1,1
455,13,1883,93,27,73,1,1,1
57,14,1811,579,98,62,1,1,1
58,14,1821,578,87,62,1,1,1
59,14,1832,578,76,62,1,1,1
60,14,1843,578,65,62,1,1,1
61,14,1851,578,56,62,1,1,1
62,14,1859,578,48,62,1,1,1
63,14,1867,578,40,62,1,1,1
64,14,1876,578,31,62,1,1,1
65,14,1881,578,25,62,1,1,1
66,14,1886,578,19,62,1,1,1
262,14,1899,681,14,62,1,1,1
263,14,1891,680,21,62,1,1,1
264,14,1884,680,28,62,1,1,1
265,14,1877,680,35,62,1,1,1
266,14,1872,680,40,62,1,1,1
267,14,1867,680,45,62,1,1,1
268,14,1863,680,49,62,1,1,1
269,14,1858,680,54,62,1,1,1
270,14,1854,680,59,62,1,1,1
271,14,1848,680,65,62,1,1,1
272,14,1843,680,70,62,1,1,1
273,14,1837,680,76,62,1,1,1
274,14,1832,680,81,62,1,1,1
275,14,1826,680,87,62,1,1,1
276,14,1821,680,92,62,1,1,1
277,14,1810,674,101,62,1,1,1
278,14,1799,669,110,62,1,1,1
279,14,1788,664,119,62,1,1,1
563,14,13,703,98,61,1,1,1
564,14,12,702,89,61,1,1,1
565,14,12,702,80,61,1,1,1
566,14,12,702,71,61,1,1,1
567,14,12,701,63,61,1,1,1
568,14,12,701,56,60,1,1,1
569,14,12,701,48,59,1,1,1
570,14,12,701,41,59,1,1,1
571,14,12,701,31,59,1,1,1
572,14,12,701,21,59,1,1,1
38,15,1796,603,92,50,1,1,1
39,15,1805,602,83,50,1,1,1
40,15,1815,602,73,50,1,1,1
41,15,1825,602,63,50,1,1,1
42,15,1834,602,54,50,1,1,1
43,15,1844,602,44,50,1,1,1
44,15,1854,602,35,50,1,1,1
45,15,1865,601,29,50,1,1,1
46,15,1876,600,23,50,1,1,1
409,15,1889,914,16,50,1,1,1
410,15,1854,912,46,52,1,1,1
411,15,1819,911,76,53,1,1,1
412,15,1784,909,106,55,1,1,1
462,15,12,854,110,56,1,1,1
463,15,12,854,81,56,1,1,1
464,15,12,854,52,56,1,1,1
34,16,1842,836,56,59,1,1,1
35,16,1820,806,75,59,1,1,1
36,16,1798,776,94,59,1,1,1
40,16,1809,746,92,59,1,1,1
41,16,1822,746,79,59,1,1,1
42,16,1836,746,65,59,1,1,1
43,16,1850,746,52,59,1,1,1
44,16,1858,746,43,59,1,1,1
45,16,1867,746,34,59,1,1,1
46,16,1876,746,25,59,1,1,1
394,16,1871,795,35,59,1,1,1
395,16,1861,794,44,59,1,1,1
396,16,1852,794,53,59,1,1,1
397,16,1843,794,62,59,1,1,1
398,16,1834,794,71,59,1,1,1
399,16,1824,794,80,59,1,1,1
400,16,1815,794,89,59,1,1,1
401,16,1806,794,98,59,1,1,1
402,16,1797,794,107,59,1,1,1
664,16,14,795,94,47,1,1,1
665,16,13,795,83,47,1,1,1
666,16,12,795,73,47,1,1,1
667,16,11,795,63,47,1,1,1
668,16,11,796,51,47,1,1,1
669,16,10,796,41,47,1,1,1
670,16,9,796,31,47,1,1,1
48,17,1817,546,84,55,1,1,1
49,17,1826,545,74,55,1,1,1
50,17,1836,544,64,56,1,1,1
51,17,1846,544,54,55,1,1,1
52,17,1855,543,44,56,1,1,1
53,17,1865,543,34,55,1,1,1
54,17,1875,542,24,56,1,1,1
326,17,1897,647,14,56,1,1,1
327,17,1891,647,19,56,1,1,1
328,17,1885,647,25,56,1,1,1
329,17,1880,647,30,56,1,1,1
330,17,1874,647,35,56,1,1,1
331,17,1868,648,41,56,1,1,1
332,17,1863,648,46,56,1,1,1
333,17,1857,648,51,56,1,1,1
334,17,1852,648,56,56,1,1,1
335,17,1846,649,62,56,1,1,1
336,17,1840,649,67,56,1,1,1
337,17,1835,649,72,56,1,1,1
338,17,1829,649,78,56,1,1,1
339,17,1824,650,83,56,1,1,1
340,17,1820,650,87,56,1,1,1
341,17,1816,650,91,56,1,1,1
342,17,1812,651,95,56,1,1,1
343,17,1808,651,100,56,1,1,1
344,17,1804,652,104,56,1,1,1
345,17,1800,652,108,56,1,1,1
15,18,1821,779,86,53,1,1,1
16,18,1829,779,77,53,1,1,1
17,18,1837,779,68,53,1,1,1
18,18,1846,779,59,53,1,1,1
19,18,1852,779,52,53,1,1,1
20,18,1859,779,45,53,1,1,1
21,18,1866,779,38,53,1,1,1
22,18,1873,780,31,52,1,1,1
23,18,1877,779,26,52,1,1,1
24,18,1882,779,20,51,1,1,1
640,18,10,960,110,53,1,1,1
641,18,9,959,87,53,1,1,1
642,18,9,959,64,53,1,1,1
45,19,1816,654,75,52,1,1,1
46,19,1826,653,66,53,1,1,1
47,19,1837,653,56,53,1,1,1
48,19,1848,653,46,53,1,1,1
49,19,1859,653,36,53,1,1,1
50,19,1870,653,26,53,1,1,1
599,19,1881,785,26,53,1,1,1
600,19,1878,785,29,53,1,1,1
601,19,1876,785,31,53,1,1,1
602,19,1874,785,34,53,1,1,1
603,19,1870,786,37,53,1,1,1
604,19,1867,787,40,53,1,1,1
605,19,1863,788,44,53,1,1,1
606,19,1860,789,47,53,1,1,1
607,19,1856,788,51,53,1,1,1
608,19,1852,788,55,53,1,1,1
609,19,1848,788,59,53,1,1,1
610,19,1844,788,63,53,1,1,1
611,19,1841,789,66,53,1,1,1
612,19,1838,790,69,53,1,1,1
613,19,1835,791,72,53,1,1,1
614,19,1832,792,76,53,1,1,1
615,19,1828,793,79,53,1,1,1
616,19,1824,794,83,53,1,1,1
617,19,1820,795,87,53,1,1,1
618,19,1816,796,91,53,1,1,1
619,19,1813,797,94,53,1,1,1
620,19,1809,797,97,53,1,1,1
621,19,1805,797,100,53,1,1,1
622,19,1801,798,103,53,1,1,1
623,19,1797,798,106,53,1,1,1
624,19,1793,798,109,53,1,1,1
481,20,1879,894,30,51,1,1,1
482,20,1862,894,46,51,1,1,1
483,20,1846,895,62,50,1,1,1
484,20,1830,895,78,51,1,1,1
485,20,1813,896,95,50,1,1,1
486,20,1797,896,111,50,1,1,1
590,20,22,931,94,47,1,1,1
591,20,20,930,80,48,1,1,1
592,20,18,930,66,48,1,1,1
593,20,16,929,53,49,1,1,1
594,20,14,929,39,49,1,1,1
301,21,9,30,18,54,1,1,1
302,21,11,35,23,58,1,1,1
303,21,14,41,27,61,1,1,1
304,21,17,47,31,64,1,1,1
305,21,20,52,35,68,1,1,1
306,21,23,58,40,72,1,1,1
307,21,25,64,45,75,1,1,1
308,21,28,69,49,79,1,1,1
309,21,31,75,53,82,1,1,1
310,21,34,81,57,85,1,1,1
315,22,157,9,53,21,1,1,1
316,22,165,9,55,28,1,1,1
317,22,173,9,57,35,1,1,1
318,22,181,10,59,41,1,1,1
319,22,189,10,62,48,1,1,1
320,22,197,10,64,55,1,1,1
321,22,205,11,66,61,1,1,1
322,22,213,11,68,68,1,1,1
338,23,453,8,35,29,1,1,1
339,23,462,9,35,29,1,1,1
340,23,471,10,35,29,1,1,1
341,23,481,11,35,29,1,1,1
342,23,486,11,37,33,1,1,1
343,23,492,11,39,38,1,1,1
344,23,498,11,40,43,1,1,1
345,23,504,11,42,48,1,1,1
485,23,1828,523,80,64,1,1,1
486,23,1834,527,74,64,1,1,1
487,23,1840,531,68,64,1,1,1
488,23,1846,535,62,64,1,1,1
489,23,1852,540,56,64,1,1,1
490,23,1860,539,48,64,1,1,1
491,23,1869,539,39,63,1,1,1
492,23,1877,539,31,62,1,1,1
684,23,1882,708,31,62,1,1,1
685,23,1876,707,37,62,1,1,1
686,23,1871,707,42,62,1,1,1
687,23,1866,707,47,62,1,1,1
688,23,1860,707,53,62,1,1,1
689,23,1855,707,58,62,1,1,1
690,23,1850,707,64,62,1,1,1
691,23,1846,710,67,62,1,1,1
692,23,1842,714,70,62,1,1,1
693,23,1838,718,73,62,1,1,1
694,23,1834,717,76,62,1,1,1
695,23,1831,717,79,62,1,1,1
696,23,1828,717,82,62,1,1,1
697,23,1824,716,86,62,1,1,1
698,23,1821,716,89,62,1,1,1
699,23,1818,716,92,62,1,1,1
364,24,709,5,36,9,1,1,1
365,24,718,7,36,14,1,1,1
366,24,727,9,36,20,1,1,1
367,24,737,11,35,26,1,1,1
368,24,746,11,35,31,1,1,1
369,24,755,11,35,36,1,1,1
370,24,764,11,35,41,1,1,1
371,24,774,11,35,47,1,1,1
372,24,782,12,36,50,1,1,1
373,24,790,13,37,54,1,1,1
374,24,798,14,38,58,1,1,1
375,24,806,15,39,62,1,1,1
469,24,1854,419,53,71,1,1,1
470,24,1860,429,48,66,1,1,1
471,24,1866,440,43,60,1,1,1
102,29,1276,327,26,23,1,1,1
103,29,1290,326,26,23,1,1,1
104,29,1304,325,26,23,1,1,1
105,29,1319,324,26,23,1,1,1
106,29,1333,323,26,23,1,1,1
107,29,1347,322,26,23,1,1,1
119,29,1476,317,26,23,1,1,1
120,29,1492,316,26,23,1,1,1
121,29,1509,316,26,23,1,1,1
122,29,1525,316,26,23,1,1,1
123,29,1542,316,26,23,1,1,1
124,29,1559,316,26,23,1,1,1
125,29,1573,316,26,23,1,1,1
126,29,1588,316,26,23,1,1,1
127,29,1603,317,26,23,1,1,1
128,29,1614,316,26,23,1,1,1
129,29,1626,315,26,23,1,1,1
130,29,1637,315,26,23,1,1,1
131,29,1649,314,26,23,1,1,1
132,29,1661,314,26,23,1,1,1
133,29,1676,313,26,23,1,1,1
134,29,1692,313,26,23,1,1,1
135,29,1708,313,26,23,1,1,1
136,29,1723,314,26,23,1,1,1
137,29,1738,315,26,23,1,1,1
138,29,1753,316,26,23,1,1,1
139,29,1767,316,26,23,1,1,1
140,29,1782,316,26,23,1,1,1
141,29,1797,316,26,23,1,1,1
142,29,1811,316,26,23,1,1,1
143,29,1826,316,26,23,1,1,1
144,29,1841,316,26,23,1,1,1
145,29,1855,316,26,23,1,1,1
146,29,1870,316,26,23,1,1,1
158,31,724,3,168,29,1,1,1
159,31,735,3,169,30,1,1,1
160,31,746,4,171,31,1,1,1
161,31,757,5,172,32,1,1,1
162,31,769,6,173,33,1,1,1
163,31,780,7,175,34,1,1,1
164,31,791,8,176,35,1,1,1
165,31,802,9,178,36,1,1,1
166,31,814,10,179,37,1,1,1
167,31,825,11,180,38,1,1,1
168,31,836,12,182,39,1,1,1
233,31,1713,172,191,51,1,1,1
234,31,1727,172,177,51,1,1,1
235,31,1742,172,162,51,1,1,1
236,31,1757,172,147,51,1,1,1
237,31,1769,172,135,51,1,1,1
238,31,1781,172,123,51,1,1,1
239,31,1794,172,110,51,1,1,1
240,31,1808,173,97,51,1,1,1
241,31,1822,174,85,51,1,1,1
242,31,1836,176,72,51,1,1,1
243,31,1850,177,60,51,1,1,1
244,31,1864,179,47,51,1,1,1
245,31,1878,180,35,51,1,1,1
165,32,558,7,171,39,1,1,1
166,32,571,7,170,42,1,1,1
167,32,584,7,170,46,1,1,1
168,32,597,7,170,50,1,1,1
169,32,610,8,170,53,1,1,1
170,32,623,8,170,56,1,1,1
171,32,636,8,170,60,1,1,1
172,32,649,8,170,64,1,1,1
252,32,1731,174,172,63,1,1,1
253,32,1742,174,161,63,1,1,1
254,32,1753,174,150,63,1,1,1
255,32,1764,174,139,63,1,1,1
256,32,1775,174,128,63,1,1,1
257,32,1786,174,118,63,1,1,1
258,32,1799,174,105,63,1,1,1
259,32,1813,174,91,63,1,1,1
260,32,1827,174,77,63,1,1,1
261,32,1841,174,63,63,1,1,1
262,32,1858,174,46,63,1,1,1
263,32,1875,174,29,63,1,1,1
183,33,6,11,54,52,1,1,1
184,33,6,11,66,55,1,1,1
185,33,6,11,78,58,1,1,1
186,33,6,11,90,61,1,1,1
187,33,6,12,102,63,1,1,1
188,33,7,12,114,66,1,1,1
189,33,7,12,126,69,1,1,1
190,33,7,13,138,71,1,1,1
191,33,7,13,150,74,1,1,1
192,33,7,13,162,77,1,1,1
193,33,8,14,174,79,1,1,1
194,33,8,15,186,81,1,1,1
195,33,8,17,198,83,1,1,1
196,33,9,19,209,84,1,1,1
197,33,9,21,221,86,1,1,1
198,33,10,22,232,88,1,1,1
199,33,10,24,244,90,1,1,1
200,33,11,26,255,91,1,1,1
201,33,11,28,267,93,1,1,1
202,33,12,30,278,95,1,1,1
203,33,15,31,286,97,1,1,1
204,33,18,32,295,100,1,1,1
331,33,1610,124,298,95,1,1,1
332,33,1620,124,288,95,1,1,1
333,33,1631,124,277,95,1,1,1
334,33,1642,124,266,95,1,1,1
335,33,1653,124,255,95,1,1,1
336,33,1664,124,244,95,1,1,1
337,33,1675,124,233,95,1,1,1
338,33,1686,124,222,95,1,1,1
339,33,1696,124,212,95,1,1,1
340,33,1707,124,201,95,1,1,1
341,33,1718,124,190,95,1,1,1
342,33,1729,124,179,95,1,1,1
343,33,1740,124,168,95,1,1,1
344,33,1750,124,158,95,1,1,1
345,33,1761,124,147,95,1,1,1
346,33,1772,124,136,95,1,1,1
347,33,1783,124,125,95,1,1,1
348,33,1794,124,114,95,1,1,1
349,33,1803,124,105,95,1,1,1
350,33,1813,124,95,95,1,1,1
351,33,1823,124,85,95,1,1,1
352,33,1833,124,75,95,1,1,1
353,33,1846,124,61,95,1,1,1
354,33,1860,124,47,95,1,1,1
355,33,1873,124,34,95,1,1,1
370,35,4,411,23,44,1,1,1
371,35,4,411,35,44,1,1,1
372,35,4,412,48,44,1,1,1
373,35,4,413,60,43,1,1,1
374,35,4,413,73,44,1,1,1
375,35,4,414,85,43,1,1,1
376,35,4,415,98,43,1,1,1
505,35,1811,478,89,51,1,1,1
506,35,1825,478,76,51,1,1,1
507,35,1839,478,64,51,1,1,1
508,35,1853,479,51,51,1,1,1
509,35,1867,479,39,51,1,1,1
364,36,6,490,22,27,1,1,1
365,36,7,490,27,27,1,1,1
366,36,9,490,31,27,1,1,1
367,36,10,490,37,27,1,1,1
368,36,12,490,41,27,1,1,1
387,39,7,435,25,53,1,1,1
388,39,11,434,35,54,1,1,1
389,39,15,434,46,54,1,1,1
390,39,19,433,56,55,1,1,1
391,39,23,433,67,55,1,1,1
392,39,27,432,77,56,1,1,1
393,39,31,432,88,56,1,1,1
520,39,1817,499,86,74,1,1,1
521,39,1834,499,69,74,1,1,1
522,39,1852,499,51,74,1,1,1
523,39,1870,499,34,74,1,1,1
524,39,1876,499,28,74,1,1,1
525,39,1883,499,21,74,1,1,1
554,40,1829,112,70,39,1,1,1
555,40,1841,112,58,39,1,1,1
556,40,1854,112,46,39,1,1,1
557,40,1867,113,34,39,1,1,1
558,40,1880,113,22,39,1,1,1
399,41,2,45,21,34,1,1,1
400,41,7,45,26,34,1,1,1
401,41,13,45,31,34,1,1,1
402,41,19,45,35,34,1,1,1
403,41,25,45,40,34,1,1,1
404,41,31,45,44,34,1,1,1
405,41,37,45,49,34,1,1,1
406,41,42,45,55,34,1,1,1
407,41,48,45,59,34,1,1,1
408,41,54,45,64,34,1,1,1
409,41,60,45,68,34,1,1,1
410,41,66,45,73,34,1,1,1
562,41,1836,122,69,34,1,1,1
563,41,1850,122,54,34,1,1,1
564,41,1865,123,39,34,1,1,1
565,41,1879,123,25,35,1,1,1
571,42,1835,119,64,39,1,1,1
572,42,1845,119,55,39,1,1,1
573,42,1856,119,46,39,1,1,1
574,42,1867,119,37,39,1,1,1
575,42,1877,119,29,39,1,1,1
576,42,1888,119,20,39,1,1,1
422,43,3,47,47,38,1,1,1
423,43,7,48,55,38,1,1,1
424,43,12,49,63,38,1,1,1
425,43,16,50,71,38,1,1,1
581,43,1845,130,59,39,1,1,1
582,43,1857,130,47,39,1,1,1
583,43,1870,130,35,39,1,1,1
584,43,1882,130,24,39,1,1,1
573,44,4,180,28,55,1,1,1
574,44,8,181,36,61,1,1,1
575,44,12,183,44,67,1,1,1
576,44,16,185,52,73,1,1,1
588,45,6,344,17,51,1,1,1
589,45,6,344,28,55,1,1,1
590,45,6,344,39,60,1,1,1
591,45,6,344,51,65,1,1,1
592,45,6,344,62,70,1,1,1
585,46,6,252,22,68,1,1,1
586,46,6,252,31,67,1,1,1
587,46,6,252,41,67,1,1,1
581,47,3,187,25,57,1,1,1
582,47,3,187,34,58,1,1,1
583,47,3,187,44,59,1,1,1
584,47,3,187,54,60,1,1,1
584,49,2,276,19,35,1,1,1
585,49,14,277,19,35,1,1,1
586,49,27,278,19,35,1,1,1
587,49,40,280,19,34,1,1,1
588,49,53,281,19,35,1,1,1
589,49,66,282,19,35,1,1,1
590,49,78,284,20,34,1,1,1
591,49,91,285,20,34,1,1,1
592,49,104,286,20,35,1,1,1
593,49,117,288,20,34,1,1,1
594,49,130,289,20,34,1,1,1
590,50,4,420,20,27,1,1,1
591,50,13,418,22,26,1,1,1
592,50,22,416,25,26,1,1,1
608,52,7,497,35,88,1,1,1
609,52,7,497,49,87,1,1,1
610,52,7,497,64,87,1,1,1
611,52,7,497,79,87,1,1,1
612,52,7,497,94,87,1,1,1
613,52,7,498,109,86,1,1,1
614,52,7,498,124,86,1,1,1
615,52,7,498,138,85,1,1,1
616,52,7,498,153,85,1,1,1
617,52,7,499,168,84,1,1,1
618,52,7,499,183,84,1,1,1
619,52,7,499,198,84,1,1,1
620,52,7,499,213,84,1,1,1
537,56,3,75,19,46,1,1,1
538,56,4,72,26,48,1,1,1
539,56,5,70,34,50,1,1,1
540,56,6,67,41,53,1,1,1
541,57,8,65,28,58,1,1,1
542,57,10,65,31,57,1,1,1
543,57,12,66,34,56,1,1,1
544,57,14,66,37,56,1,1,1
546,58,6,64,24,56,1,1,1
547,58,14,64,29,56,1,1,1
548,58,23,64,34,56,1,1,1
549,58,32,64,38,56,1,1,1
549,59,3,67,24,50,1,1,1
550,59,8,68,29,50,1,1,1
551,59,13,69,34,50,1,1,1
552,60,3,67,20,58,1,1,1
553,60,5,67,27,58,1,1,1
554,60,8,67,33,58,1,1,1
608,61,505,113,22,56,1,1,1
609,61,518,114,22,56,1,1,1
610,61,532,115,22,56,1,1,1
611,61,545,116,23,56,1,1,1
612,61,559,118,23,56,1,1,1
613,61,572,118,23,56,1,1,1
614,61,585,119,23,56,1,1,1
615,61,598,120,23,56,1,1,1
616,61,612,121,23,56,1,1,1
617,61,624,121,23,56,1,1,1
618,61,637,121,23,56,1,1,1
619,61,649,122,23,55,1,1,1
620,61,662,122,23,55,1,1,1
621,61,675,123,23,55,1,1,1
622,61,687,124,23,55,1,1,1
623,61,699,125,23,55,1,1,1
624,61,711,126,23,55,1,1,1
625,61,724,125,24,55,1,1,1
626,61,738,125,25,55,1,1,1
627,61,751,124,26,55,1,1,1
628,61,765,124,27,55,1,1,1
655,62,1076,132,31,47,1,1,1
656,62,1081,131,31,47,1,1,1
657,62,1086,130,31,47,1,1,1
658,62,1091,129,31,47,1,1,1
659,62,1096,129,31,47,1,1,1
660,62,1102,129,33,48,1,1,1
661,62,1109,130,34,49,1,1,1
662,62,1116,131,35,50,1,1,1
663,62,1122,132,37,51,1,1,1
664,62,1129,133,38,52,1,1,1
665,62,1136,134,39,53,1,1,1
574,63,4,67,18,58,1,1,1
575,63,6,68,25,58,1,1,1
576,63,8,69,32,58,1,1,1
579,64,4,88,14,59,1,1,1
580,64,7,88,21,59,1,1,1
581,64,10,88,28,59,1,1,1
583,65,6,72,33,37,1,1,1
584,65,12,72,36,37,1,1,1
585,65,18,72,39,37,1,1,1
586,65,24,72,42,37,1,1,1
587,65,30,72,45,37,1,1,1
588,65,36,72,48,37,1,1,1
589,65,43,73,51,36,1,1,1
590,65,55,73,51,36,1,1,1
591,65,68,73,51,36,1,1,1
592,65,81,73,51,36,1,1,1
593,65,93,74,51,36,1,1,1
594,65,106,76,51,35,1,1,1
595,65,119,77,51,35,1,1,1
596,65,132,79,51,35,1,1,1
597,65,144,79,51,35,1,1,1
598,65,156,79,51,35,1,1,1
599,65,168,79,51,35,1,1,1
600,65,181,80,51,35,1,1,1
601,65,193,80,51,35,1,1,1
602,65,206,81,51,35,1,1,1
603,65,219,82,51,35,1,1,1
604,65,232,83,51,35,1,1,1
605,65,245,84,51,35,1,1,1
606,65,258,85,51,35,1,1,1
607,65,271,86,51,35,1,1,1
608,65,285,88,51,35,1,1,1
609,65,296,89,51,35,1,1,1
610,65,308,90,51,35,1,1,1
611,65,320,91,51,35,1,1,1
612,65,332,93,51,35,1,1,1
613,65,344,93,51,35,1,1,1
614,65,356,93,51,35,1,1,1
615,65,368,93,51,35,1,1,1
616,65,380,93,51,35,1,1,1
617,65,392,93,51,35,1,1,1
618,65,403,93,51,35,1,1,1
619,65,415,93,51,35,1,1,1
620,65,427,93,51,35,1,1,1
621,65,439,93,51,35,1,1,1
622,65,451,94,51,35,1,1,1
623,65,464,95,51,35,1,1,1
624,65,478,96,51,35,1,1,1
625,65,492,97,51,35,1,1,1
626,65,506,98,51,35,1,1,1
627,65,517,99,51,35,1,1,1
628,65,529,100,51,35,1,1,1
629,65,541,101,51,35,1,1,1
630,65,553,102,51,35,1,1,1
631,65,565,103,51,35,1,1,1
632,65,577,103,51,35,1,1,1
633,65,589,104,51,35,1,1,1
634,65,601,105,51,35,1,1,1
635,65,613,105,51,35,1,1,1
636,65,625,106,51,35,1,1,1
637,65,637,107,51,35,1,1,1
638,65,649,108,51,35,1,1,1
639,65,659,108,51,35,1,1,1
640,65,669,109,51,35,1,1,1
641,65,679,110,51,35,1,1,1
642,65,689,111,51,35,1,1,1
643,65,699,112,51,35,1,1,1
644,65,709,112,51,35,1,1,1
645,65,719,113,51,35,1,1,1
646,65,729,114,51,35,1,1,1
647,65,739,115,51,35,1,1,1
648,65,749,116,51,35,1,1,1
649,65,755,117,51,35,1,1,1
650,65,761,118,51,35,1,1,1
651,65,767,119,51,35,1,1,1
652,65,774,120,51,35,1,1,1
653,65,780,121,51,35,1,1,1
654,65,786,122,51,35,1,1,1
655,65,793,123,51,35,1,1,1
656,65,799,124,51,35,1,1,1
657,65,805,125,51,35,1,1,1
658,65,812,126,51,35,1,1,1
659,65,818,126,51,35,1,1,1
660,65,825,126,51,35,1,1,1
661,65,831,126,51,35,1,1,1
662,65,838,126,51,35,1,1,1
663,65,844,127,51,35,1,1,1
664,65,851,127,51,35,1,1,1
665,65,857,127,51,35,1,1,1
666,65,864,127,51,35,1,1,1
667,65,870,127,51,35,1,1,1
668,65,877,128,51,35,1,1,1
669,65,884,128,51,35,1,1,1
670,65,891,129,51,35,1,1,1
671,65,898,129,51,35,1,1,1
672,65,905,130,51,35,1,1,1
673,65,912,130,51,35,1,1,1
674,65,919,131,51,35,1,1,1
675,65,926,131,51,35,1,1,1
676,65,933,132,51,35,1,1,1
677,65,940,132,51,35,1,1,1
678,65,947,133,51,35,1,1,1
679,65,951,133,51,35,1,1,1
680,65,955,133,51,35,1,1,1
681,65,960,134,51,35,1,1,1
682,65,964,134,51,35,1,1,1
683,65,969,135,51,35,1,1,1
684,65,973,135,51,35,1,1,1
685,65,977,135,51,35,1,1,1
686,65,982,136,51,35,1,1,1
687,65,986,136,51,35,1,1,1
688,65,991,137,51,35,1,1,1
689,65,998,137,51,35,1,1,1
690,65,1005,137,51,35,1,1,1
691,65,1012,137,51,35,1,1,1
692,65,1019,137,51,35,1,1,1
693,65,1026,137,51,35,1,1,1
694,65,1033,137,51,35,1,1,1
695,65,1040,137,51,35,1,1,1
696,65,1047,137,51,35,1,1,1
697,65,1054,137,51,35,1,1,1
698,65,1061,137,51,35,1,1,1
699,65,1061,137,51,35,1,1,1
110,66,1808,821,98,51,1,1,1
111,66,1822,818,84,50,1,1,1
112,66,1836,815,71,50,1,1,1
113,66,1851,813,56,49,1,1,1
114,66,1865,810,43,48,1,1,1
115,66,1879,807,29,48,1,1,1
72,67,1686,932,215,91,1,1,1
73,67,1717,931,183,91,1,1,1
74,67,1749,931,150,91,1,1,1
75,67,1781,931,117,91,1,1,1
76,67,1813,931,84,90,1,1,1
77,67,1845,931,51,90,1,1,1
0,68,183,954,323,110,1,1,1
1,68,187,954,323,110,1,1,1
2,68,191,955,323,110,1,1,1
3,68,195,955,323,111,1,1,1
4,68,199,956,323,111,1,1,1
5,68,205,956,323,111,1,1,1
6,68,211,956,323,111,1,1,1
7,68,217,956,323,111,1,1,1
8,68,223,956,323,111,1,1,1
9,68,230,956,323,111,1,1,1
10,68,238,956,323,111,1,1,1
11,68,246,956,323,111,1,1,1
12,68,254,956,323,111,1,1,1
13,68,263,957,323,111,1,1,1
14,68,276,960,323,108,1,1,1
15,68,289,963,323,105,1,1,1
16,68,302,966,323,102,1,1,1
17,68,316,970,322,98,1,1,1
18,68,331,969,322,98,1,1,1
19,68,346,968,322,98,1,1,1
20,68,361,967,322,98,1,1,1
21,68,376,966,322,98,1,1,1
22,68,395,966,318,98,1,1,1
23,68,414,967,315,98,1,1,1
24,68,433,967,311,99,1,1,1
25,68,453,968,307,99,1,1,1
26,68,473,968,307,99,1,1,1
27,68,493,969,307,99,1,1,1
28,68,513,969,307,99,1,1,1
29,68,534,970,307,99,1,1,1
30,68,557,974,307,95,1,1,1
31,68,580,979,307,91,1,1,1
32,68,603,983,307,87,1,1,1
33,68,627,988,307,83,1,1,1
34,68,640,996,305,75,1,1,1
35,68,653,1005,303,67,1,1,1
36,68,666,1013,301,59,1,1,1
37,68,680,1022,299,51,1,1,1
38,68,706,1021,299,51,1,1,1
39,68,732,1020,299,51,1,1,1
40,68,758,1019,299,51,1,1,1
41,68,785,1018,299,51,1,1,1
42,68,816,1017,299,52,1,1,1
43,68,847,1017,299,53,1,1,1
44,68,878,1016,299,55,1,1,1
45,68,910,1016,298,56,1,1,1
46,68,939,1016,298,56,1,1,1
47,68,968,1016,299,56,1,1,1
48,68,997,1016,299,56,1,1,1
49,68,1027,1016,299,56,1,1,1
50,68,1057,1016,299,56,1,1,1
51,68,1087,1016,299,56,1,1,1
52,68,1118,1016,299,56,1,1,1
53,68,1148,1016,299,56,1,1,1
54,68,1179,1017,299,56,1,1,1
55,68,1210,1016,299,56,1,1,1
56,68,1242,1016,299,56,1,1,1
57,68,1274,1016,299,56,1,1,1
58,68,1306,1016,299,55,1,1,1
59,68,1338,1016,299,55,1,1,1
60,68,1370,1015,299,56,1,1,1
61,68,1402,1015,299,55,1,1,1
62,68,1434,1015,299,55,1,1,1
63,68,1466,1015,299,55,1,1,1
64,68,1498,1015,299,55,1,1,1
65,68,1531,1014,286,55,1,1,1
66,68,1564,1014,273,55,1,1,1
67,68,1597,1014,261,55,1,1,1
68,68,1630,1014,248,55,1,1,1
69,68,1664,1014,235,55,1,1,1
70,68,1700,1014,199,55,1,1,1
71,68,1736,1014,163,55,1,1,1
72,68,1773,1014,127,55,1,1,1
73,68,1806,1014,94,55,1,1,1
74,68,1839,1014,61,55,1,1,1
699,68,230,956,323,111,1,1,1
0,69,52,1051,111,25,1,1,1
1,69,53,1051,111,24,1,1,1
2,69,54,1051,111,24,1,1,1
3,69,55,1051,111,24,1,1,1
4,69,56,1051,111,23,1,1,1
5,69,57,1051,111,23,1,1,1
6,69,58,1051,111,23,1,1,1
7,69,59,1051,111,23,1,1,1
8,69,62,1050,111,23,1,1,1
9,69,66,1050,111,23,1,1,1
10,69,69,1050,111,23,1,1,1
11,69,73,1049,111,23,1,1,1
12,69,76,1049,111,23,1,1,1
13,69,80,1049,111,23,1,1,1
14,69,84,1049,111,23,1,1,1
15,69,91,1048,111,23,1,1,1
16,69,98,1048,111,23,1,1,1
17,69,106,1048,111,23,1,1,1
18,69,113,1047,111,23,1,1,1
19,69,120,1047,111,23,1,1,1
20,69,128,1047,111,23,1,1,1
21,69,139,1047,111,23,1,1,1
22,69,150,1047,111,23,1,1,1
23,69,161,1047,111,23,1,1,1
24,69,172,1047,111,23,1,1,1
25,69,183,1047,111,23,1,1,1
26,69,194,1047,111,23,1,1,1
27,69,206,1047,111,23,1,1,1
28,69,218,1048,111,23,1,1,1
29,69,230,1048,111,23,1,1,1
699,69,59,1051,111,23,1,1,1
119,70,1812,789,95,60,1,1,1
120,70,1829,789,79,60,1,1,1
121,70,1846,789,63,61,1,1,1
122,70,1863,789,47,61,1,1,1
123,70,1880,789,31,62,1,1,1
74,71,1438,1021,126,43,1,1,1
75,71,1473,1022,126,42,1,1,1
76,71,1508,1024,126,40,1,1,1
77,71,1544,1026,126,38,1,1,1
78,71,1580,1026,126,39,1,1,1
79,71,1616,1027,126,39,1,1,1
80,71,1652,1028,126,39,1,1,1
81,71,1685,1029,111,38,1,1,1
82,71,1719,1030,95,38,1,1,1
83,71,1752,1031,80,38,1,1,1
84,71,1786,1032,65,38,1,1,1
85,71,1819,1033,50,38,1,1,1
86,71,1853,1034,34,38,1,1,1
9,72,7,853,56,59,1,1,1
10,72,7,852,67,60,1,1,1
11,72,7,851,79,61,1,1,1
12,72,7,850,91,62,1,1,1
13,72,7,849,103,63,1,1,1
14,72,7,848,115,64,1,1,1
15,72,7,847,127,65,1,1,1
87,72,1787,946,100,66,1,1,1
88,72,1821,947,73,66,1,1,1
89,72,1855,949,46,66,1,1,1
12,73,3,740,19,48,1,1,1
13,73,3,740,29,47,1,1,1
14,73,3,740,39,47,1,1,1
15,73,3,740,49,47,1,1,1
16,73,3,740,60,47,1,1,1
17,73,3,740,70,47,1,1,1
18,73,3,740,80,47,1,1,1
19,73,3,740,91,47,1,1,1
20,73,5,736,97,51,1,1,1
21,73,8,732,102,55,1,1,1
124,73,1781,780,104,59,1,1,1
125,73,1798,780,89,59,1,1,1
126,73,1816,780,74,59,1,1,1
127,73,1833,781,59,59,1,1,1
128,73,1851,781,44,59,1,1,1
129,73,1868,781,29,59,1,1,1
20,74,12,1017,53,52,1,1,1
21,74,14,1016,61,53,1,1,1
22,74,17,1015,68,54,1,1,1
23,74,20,1014,75,54,1,1,1
24,74,23,1013,83,55,1,1,1
25,74,25,1012,91,56,1,1,1
26,74,28,1011,98,56,1,1,1
27,74,31,1010,105,57,1,1,1
28,74,33,1009,113,58,1,1,1
29,74,36,1008,120,58,1,1,1
30,74,39,1007,127,59,1,1,1
25,75,6,917,74,48,1,1,1
26,75,7,914,89,51,1,1,1
27,75,8,912,105,54,1,1,1
28,75,9,910,120,56,1,1,1
96,75,1790,1010,98,59,1,1,1
97,75,1817,1010,73,59,1,1,1
98,75,1845,1010,47,59,1,1,1
699,75,1873,1010,22,59,1,1,1
134,76,1811,777,99,46,1,1,1
135,76,1827,777,83,45,1,1,1
136,76,1843,777,67,44,1,1,1
137,76,1859,777,51,43,1,1,1
138,76,1875,777,35,42,1,1,1
49,77,4,783,36,57,1,1,1
50,77,4,781,58,58,1,1,1
51,77,4,779,80,59,1,1,1
52,77,4,778,102,60,1,1,1
53,77,4,776,124,61,1,1,1
141,77,1781,778,119,59,1,1,1
142,77,1798,778,102,59,1,1,1
143,77,1815,778,85,60,1,1,1
144,77,1833,778,67,61,1,1,1
145,77,1850,778,50,61,1,1,1
146,77,1867,778,33,62,1,1,1
50,78,59,1060,107,19,1,1,1
51,78,77,1058,107,19,1,1,1
52,78,95,1056,107,19,1,1,1
53,78,113,1054,107,19,1,1,1
54,78,132,1052,107,19,1,1,1
55,78,155,1051,107,19,1,1,1
56,78,178,1050,107,19,1,1,1
57,78,201,1049,107,19,1,1,1
58,78,224,1049,107,19,1,1,1
59,78,243,1047,107,19,1,1,1
60,78,262,1046,107,19,1,1,1
61,78,281,1045,107,19,1,1,1
62,78,300,1044,107,19,1,1,1
63,78,322,1043,107,19,1,1,1
64,78,344,1043,107,19,1,1,1
65,78,366,1043,107,19,1,1,1
66,78,388,1043,107,19,1,1,1
67,78,411,1042,107,21,1,1,1
68,78,435,1041,107,24,1,1,1
69,78,459,1040,107,26,1,1,1
70,78,483,1040,107,28,1,1,1
71,78,507,1039,107,28,1,1,1
72,78,531,1039,107,27,1,1,1
73,78,556,1039,107,27,1,1,1
74,78,579,1040,107,27,1,1,1
75,78,602,1041,107,27,1,1,1
76,78,625,1042,107,27,1,1,1
77,78,648,1044,107,27,1,1,1
78,78,670,1043,110,27,1,1,1
79,78,693,1042,113,27,1,1,1
80,78,716,1041,116,27,1,1,1
81,78,739,1041,119,26,1,1,1
82,78,763,1042,119,26,1,1,1
83,78,788,1043,119,26,1,1,1
84,78,812,1044,119,26,1,1,1
85,78,837,1045,119,26,1,1,1
86,78,863,1044,119,27,1,1,1
87,78,890,1044,119,27,1,1,1
88,78,916,1044,119,27,1,1,1
89,78,943,1044,119,27,1,1,1
90,78,972,1045,119,25,1,1,1
91,78,1002,1047,119,23,1,1,1
92,78,1031,1048,119,21,1,1,1
93,78,1061,1050,119,19,1,1,1
94,78,1090,1050,119,19,1,1,1
95,78,1119,1050,119,19,1,1,1
96,78,1148,1050,119,19,1,1,1
97,78,1177,1050,119,19,1,1,1
98,78,1206,1050,119,19,1,1,1
99,78,1236,1050,119,19,1,1,1
100,78,1266,1050,119,19,1,1,1
101,78,1296,1050,119,19,1,1,1
102,78,1325,1050,119,19,1,1,1
103,78,1355,1050,119,19,1,1,1
104,78,1385,1050,119,19,1,1,1
105,78,1415,1050,119,19,1,1,1
106,78,1444,1050,119,19,1,1,1
107,78,1474,1050,119,19,1,1,1
108,78,1504,1050,119,19,1,1,1
109,78,1534,1050,119,19,1,1,1
110,78,1564,1051,119,19,1,1,1
111,78,1594,1049,118,19,1,1,1
112,78,1624,1047,118,20,1,1,1
113,78,1654,1046,118,20,1,1,1
114,78,1682,1044,109,20,1,1,1
115,78,1710,1043,100,20,1,1,1
116,78,1739,1042,91,20,1,1,1
117,78,1767,1041,82,19,1,1,1
118,78,1796,1040,73,19,1,1,1
119,78,1824,1039,64,19,1,1,1
699,78,1177,1050,119,19,1,1,1
47,79,10,937,78,90,1,1,1
48,79,10,930,95,96,1,1,1
49,79,10,923,112,102,1,1,1
50,79,10,917,130,107,1,1,1
51,79,10,913,150,110,1,1,1
52,79,10,910,171,112,1,1,1
53,79,10,906,191,116,1,1,1
54,79,10,903,212,118,1,1,1
55,79,10,899,232,122,1,1,1
56,79,10,896,253,124,1,1,1
57,79,10,893,274,127,1,1,1
58,79,13,891,291,127,1,1,1
59,79,16,890,309,126,1,1,1
60,79,19,889,326,125,1,1,1
61,79,22,887,344,126,1,1,1
62,79,25,886,361,125,1,1,1
63,79,28,885,379,124,1,1,1
64,79,31,883,396,125,1,1,1
65,79,34,882,414,124,1,1,1
66,79,37,881,431,123,1,1,1
127,79,1533,895,367,130,1,1,1
128,79,1556,895,343,130,1,1,1
129,79,1579,895,320,130,1,1,1
130,79,1603,895,296,130,1,1,1
131,79,1627,895,272,130,1,1,1
132,79,1651,895,248,130,1,1,1
133,79,1675,895,224,130,1,1,1
134,79,1702,895,197,127,1,1,1
135,79,1730,895,169,124,1,1,1
136,79,1758,895,141,121,1,1,1
137,79,1785,895,114,118,1,1,1
138,79,1813,895,86,115,1,1,1
139,79,1841,895,58,112,1,1,1
112,80,1815,892,90,49,1,1,1
113,80,1838,892,68,49,1,1,1
114,80,1861,892,46,50,1,1,1
54,81,11,1035,40,38,1,1,1
55,81,24,1033,47,39,1,1,1
56,81,37,1032,54,40,1,1,1
57,81,50,1031,61,41,1,1,1
58,81,63,1029,68,43,1,1,1
59,81,76,1028,75,44,1,1,1
60,81,89,1027,82,45,1,1,1
61,81,102,1026,89,46,1,1,1
62,81,115,1024,97,47,1,1,1
63,81,128,1023,104,48,1,1,1
64,81,141,1022,111,49,1,1,1
65,81,154,1021,118,50,1,1,1
66,81,167,1019,125,52,1,1,1
67,81,180,1018,132,53,1,1,1
68,81,193,1017,139,54,1,1,1
69,81,206,1016,147,55,1,1,1
70,81,228,1014,147,58,1,1,1
71,81,251,1012,146,61,1,1,1
72,81,274,1011,146,63,1,1,1
73,81,298,1011,144,62,1,1,1
74,81,323,1011,142,62,1,1,1
75,81,348,1011,140,62,1,1,1
76,81,373,1012,138,61,1,1,1
77,81,398,1012,136,61,1,1,1
78,81,422,1012,134,61,1,1,1
79,81,447,1013,132,60,1,1,1
80,81,472,1013,130,60,1,1,1
81,81,497,1013,128,60,1,1,1
82,81,522,1014,126,59,1,1,1
83,81,545,1014,126,58,1,1,1
84,81,569,1015,126,57,1,1,1
85,81,593,1015,126,57,1,1,1
86,81,617,1016,126,56,1,1,1
87,81,640,1016,127,56,1,1,1
88,81,664,1017,127,55,1,1,1
89,81,688,1017,126,54,1,1,1
90,81,712,1018,126,53,1,1,1
91,81,735,1018,127,53,1,1,1
92,81,759,1019,127,52,1,1,1
93,81,783,1019,127,52,1,1,1
94,81,807,1020,127,51,1,1,1
95,81,831,1019,130,51,1,1,1
96,81,856,1019,133,51,1,1,1
97,81,880,1019,136,50,1,1,1
98,81,905,1019,139,50,1,1,1
99,81,930,1022,139,47,1,1,1
100,81,956,1026,139,44,1,1,1
101,81,981,1029,139,42,1,1,1
102,81,1007,1033,139,39,1,1,1
103,81,1032,1033,139,39,1,1,1
104,81,1058,1033,139,39,1,1,1
105,81,1084,1033,139,39,1,1,1
106,81,1110,1033,139,39,1,1,1
107,81,1133,1033,139,39,1,1,1
108,81,1156,1033,139,39,1,1,1
109,81,1180,1033,139,39,1,1,1
110,81,1203,1033,139,39,1,1,1
111,81,1227,1033,139,39,1,1,1
112,81,1253,1032,139,39,1,1,1
113,81,1279,1032,139,39,1,1,1
114,81,1305,1032,139,39,1,1,1
115,81,1331,1032,139,39,1,1,1
116,81,1357,1032,139,39,1,1,1
117,81,1383,1032,139,39,1,1,1
118,81,1409,1032,139,39,1,1,1
119,81,1436,1033,139,39,1,1,1
120,81,1467,1032,139,39,1,1,1
121,81,1498,1032,139,39,1,1,1
122,81,1529,1031,139,39,1,1,1
123,81,1560,1031,139,39,1,1,1
124,81,1591,1031,139,39,1,1,1
125,81,1617,1032,139,39,1,1,1
126,81,1643,1033,139,39,1,1,1
127,81,1669,1034,139,39,1,1,1
128,81,1696,1036,139,39,1,1,1
129,81,1721,1035,124,39,1,1,1
130,81,1746,1034,109,39,1,1,1
131,81,1771,1034,94,39,1,1,1
132,81,1796,1033,80,39,1,1,1
133,81,1821,1033,65,39,1,1,1
134,81,1846,1032,50,39,1,1,1
699,81,905,1019,139,50,1,1,1
60,82,11,741,23,48,1,1,1
61,82,11,739,43,50,1,1,1
62,82,11,737,63,52,1,1,1
63,82,11,735,83,54,1,1,1
64,82,11,733,103,56,1,1,1
150,82,1815,765,88,50,1,1,1
151,82,1833,765,70,50,1,1,1
152,82,1852,766,52,50,1,1,1
153,82,1870,766,34,50,1,1,1
65,83,8,1008,35,55,1,1,1
66,83,10,1006,54,54,1,1,1
67,83,12,1005,74,53,1,1,1
68,83,15,1003,92,53,1,1,1
69,83,17,1002,112,52,1,1,1
137,83,1683,1025,131,54,1,1,1
138,83,1709,1026,117,52,1,1,1
139,83,1735,1027,104,50,1,1,1
140,83,1762,1028,89,48,1,1,1
141,83,1788,1030,76,45,1,1,1
142,83,1815,1031,61,43,1,1,1
143,83,1841,1032,48,41,1,1,1
68,84,8,729,32,50,1,1,1
69,84,11,728,48,49,1,1,1
70,84,15,727,63,48,1,1,1
71,84,18,727,79,46,1,1,1
72,84,22,726,94,45,1,1,1
157,84,1808,789,88,42,1,1,1
158,84,1827,791,71,42,1,1,1
159,84,1846,794,55,41,1,1,1
160,84,1865,797,38,40,1,1,1
72,85,8,803,23,50,1,1,1
73,85,11,802,58,49,1,1,1
74,85,14,801,93,49,1,1,1
126,85,1817,872,85,46,1,1,1
127,85,1841,873,61,46,1,1,1
128,85,1865,874,37,46,1,1,1
71,86,7,904,33,53,1,1,1
72,86,6,902,53,53,1,1,1
73,86,6,901,72,52,1,1,1
74,86,5,899,92,52,1,1,1
147,86,1812,946,79,44,1,1,1
148,86,1839,947,57,44,1,1,1
149,86,1867,948,34,44,1,1,1
74,87,8,989,19,50,1,1,1
75,87,7,987,41,52,1,1,1
76,87,7,985,62,55,1,1,1
77,87,7,984,84,57,1,1,1
78,87,7,982,105,60,1,1,1
151,87,1786,1031,118,42,1,1,1
152,87,1814,1032,90,41,1,1,1
153,87,1842,1034,63,40,1,1,1
78,88,8,884,23,55,1,1,1
79,88,8,882,44,57,1,1,1
80,88,8,881,65,58,1,1,1
81,88,8,880,86,59,1,1,1
82,88,8,879,107,60,1,1,1
159,88,1799,952,101,63,1,1,1
160,88,1828,956,73,63,1,1,1
161,88,1857,960,45,63,1,1,1
76,89,6,708,24,41,1,1,1
77,89,9,706,39,42,1,1,1
78,89,12,705,55,43,1,1,1
79,89,15,703,71,45,1,1,1
80,89,18,702,87,46,1,1,1
165,89,1825,798,86,43,1,1,1
166,89,1842,800,69,43,1,1,1
167,89,1860,803,52,42,1,1,1
168,89,1878,806,35,41,1,1,1
84,90,4,700,20,47,1,1,1
85,90,4,698,38,48,1,1,1
86,90,4,697,56,48,1,1,1
87,90,4,695,75,50,1,1,1
88,90,4,694,93,50,1,1,1
177,90,1796,863,99,51,1,1,1
178,90,1819,870,80,51,1,1,1
179,90,1843,877,60,51,1,1,1
180,90,1866,884,41,51,1,1,1
94,91,7,817,25,51,1,1,1
95,91,9,815,55,53,1,1,1
96,91,12,813,84,55,1,1,1
97,91,14,811,114,57,1,1,1
153,91,1789,845,95,55,1,1,1
154,91,1814,845,70,56,1,1,1
155,91,1840,846,44,57,1,1,1
93,92,6,695,29,44,1,1,1
94,92,8,694,46,45,1,1,1
95,92,10,693,64,46,1,1,1
96,92,12,692,81,48,1,1,1
97,92,14,691,99,49,1,1,1
186,92,1807,945,96,51,1,1,1
187,92,1832,954,73,51,1,1,1
188,92,1857,963,50,51,1,1,1
105,93,8,977,32,62,1,1,1
106,93,23,983,55,62,1,1,1
107,93,39,990,77,61,1,1,1
108,93,55,996,99,61,1,1,1
109,93,71,1003,121,60,1,1,1
113,93,214,1017,143,53,1,1,1
114,93,256,1019,143,51,1,1,1
115,93,298,1022,144,49,1,1,1
116,93,340,1024,144,47,1,1,1
117,93,383,1027,144,45,1,1,1
118,93,425,1030,144,42,1,1,1
119,93,467,1032,145,41,1,1,1
120,93,509,1035,145,38,1,1,1
121,93,552,1038,145,36,1,1,1
122,93,594,1040,145,34,1,1,1
123,93,636,1043,146,32,1,1,1
124,93,678,1045,146,30,1,1,1
125,93,721,1048,146,28,1,1,1
126,93,763,1051,146,25,1,1,1
127,93,805,1053,147,24,1,1,1
128,93,847,1056,147,21,1,1,1
101,94,7,665,24,44,1,1,1
102,94,8,663,42,46,1,1,1
103,94,9,662,61,48,1,1,1
104,94,11,661,79,49,1,1,1
105,94,12,659,98,52,1,1,1
106,94,13,658,117,53,1,1,1
193,94,1774,964,123,55,1,1,1
194,94,1797,971,102,55,1,1,1
195,94,1820,978,82,55,1,1,1
196,94,1844,985,61,55,1,1,1
197,94,1867,992,41,55,1,1,1
116,95,11,828,41,63,1,1,1
117,95,14,825,71,65,1,1,1
118,95,17,822,101,68,1,1,1
119,95,20,819,131,70,1,1,1
120,95,23,816,161,73,1,1,1
171,95,1783,923,119,70,1,1,1
172,95,1821,930,84,69,1,1,1
173,95,1860,937,48,69,1,1,1
113,96,4,680,31,52,1,1,1
114,96,4,679,51,53,1,1,1
115,96,4,679,72,53,1,1,1
116,96,4,678,93,54,1,1,1
201,96,1785,1000,113,60,1,1,1
202,96,1811,1006,90,57,1,1,1
203,96,1837,1012,68,55,1,1,1
204,96,1863,1018,46,53,1,1,1
127,97,6,840,26,49,1,1,1
128,97,9,840,54,51,1,1,1
129,97,13,840,82,54,1,1,1
130,97,16,840,110,56,1,1,1
176,97,1595,1029,128,39,1,1,1
177,97,1632,1034,126,35,1,1,1
178,97,1670,1040,123,31,1,1,1
179,97,1707,1046,121,27,1,1,1
205,98,1664,1040,97,26,1,1,1
206,98,1689,1044,97,24,1,1,1
207,98,1714,1048,98,22,1,1,1
208,98,1739,1052,98,20,1,1,1
209,98,1764,1056,99,18,1,1,1
210,98,1789,1060,99,16,1,1,1
143,99,8,847,27,56,1,1,1
144,99,10,844,61,59,1,1,1
145,99,13,841,94,62,1,1,1
146,99,16,838,128,65,1,1,1
147,99,19,835,161,68,1,1,1
179,99,1206,1012,158,55,1,1,1
180,99,1249,1018,158,50,1,1,1
181,99,1293,1025,158,44,1,1,1
182,99,1336,1031,159,39,1,1,1
183,99,1380,1038,158,33,1,1,1
184,99,1423,1044,159,28,1,1,1
136,100,4,667,27,40,1,1,1
137,100,6,665,46,42,1,1,1
138,100,9,663,65,44,1,1,1
139,100,11,661,85,46,1,1,1
140,100,14,659,104,48,1,1,1
216,100,1700,1024,122,51,1,1,1
217,100,1723,1026,111,48,1,1,1
218,100,1746,1029,100,45,1,1,1
219,100,1769,1031,89,43,1,1,1
220,100,1793,1034,77,39,1,1,1
221,100,1816,1036,66,37,1,1,1
222,100,1839,1039,55,34,1,1,1
145,101,10,669,25,44,1,1,1
146,101,10,668,47,45,1,1,1
147,101,10,667,69,47,1,1,1
148,101,10,666,91,49,1,1,1
214,101,1481,1036,122,39,1,1,1
215,101,1506,1039,122,35,1,1,1
216,101,1531,1042,122,31,1,1,1
217,101,1557,1046,122,26,1,1,1
218,101,1583,1049,122,23,1,1,1
219,101,1610,1053,121,20,1,1,1
220,101,1637,1056,120,18,1,1,1
158,102,4,667,19,48,1,1,1
159,102,4,667,40,51,1,1,1
160,102,4,667,61,55,1,1,1
161,102,4,667,82,58,1,1,1
162,102,4,667,103,62,1,1,1
222,102,1406,1025,123,47,1,1,1
223,102,1430,1029,123,43,1,1,1
224,102,1454,1034,123,38,1,1,1
225,102,1479,1039,123,34,1,1,1
226,102,1503,1040,123,33,1,1,1
227,102,1527,1041,123,33,1,1,1
228,102,1551,1042,123,32,1,1,1
229,102,1575,1044,123,31,1,1,1
230,102,1598,1044,123,30,1,1,1
231,102,1621,1044,123,30,1,1,1
232,102,1645,1045,122,28,1,1,1
233,102,1668,1045,122,28,1,1,1
181,103,7,951,24,49,1,1,1
182,103,9,960,66,51,1,1,1
183,103,11,969,108,53,1,1,1
190,103,293,1032,132,38,1,1,1
191,103,339,1041,130,30,1,1,1
192,103,385,1050,128,22,1,1,1
193,104,8,837,26,71,1,1,1
194,104,9,841,50,71,1,1,1
195,104,10,845,74,71,1,1,1
196,104,12,849,98,71,1,1,1
197,104,13,853,122,71,1,1,1
198,104,14,857,146,71,1,1,1
233,104,1020,1008,151,63,1,1,1
234,104,1048,1010,151,61,1,1,1
235,104,1077,1013,150,59,1,1,1
236,104,1105,1015,150,57,1,1,1
237,104,1134,1018,150,55,1,1,1
238,104,1165,1021,150,52,1,1,1
239,104,1196,1024,151,49,1,1,1
240,104,1228,1028,150,45,1,1,1
241,104,1259,1031,151,42,1,1,1
242,104,1291,1035,151,39,1,1,1
243,104,1320,1037,151,37,1,1,1
244,104,1350,1039,150,35,1,1,1
245,104,1379,1041,151,34,1,1,1
246,104,1409,1044,150,31,1,1,1
247,104,1438,1046,151,30,1,1,1
248,104,1468,1048,150,28,1,1,1
249,104,1498,1051,150,26,1,1,1
250,104,1525,1051,150,26,1,1,1
251,104,1553,1051,150,26,1,1,1
252,104,1581,1051,150,26,1,1,1
253,104,1609,1051,150,26,1,1,1
254,104,1637,1051,150,26,1,1,1
255,104,1665,1051,150,26,1,1,1
256,104,1698,1051,140,26,1,1,1
257,104,1731,1051,130,26,1,1,1
258,104,1764,1051,120,26,1,1,1
203,105,4,879,28,56,1,1,1
204,105,4,881,51,59,1,1,1
205,105,4,883,74,62,1,1,1
206,105,4,885,97,65,1,1,1
245,105,1082,1021,126,55,1,1,1
246,105,1111,1023,126,53,1,1,1
247,105,1141,1026,126,51,1,1,1
248,105,1171,1028,126,49,1,1,1
249,105,1201,1031,126,47,1,1,1
250,105,1230,1033,126,45,1,1,1
251,105,1259,1035,126,43,1,1,1
252,105,1288,1037,126,41,1,1,1
253,105,1317,1039,126,39,1,1,1
254,105,1347,1041,126,37,1,1,1
255,105,1377,1043,126,35,1,1,1
256,105,1407,1045,126,33,1,1,1
257,105,1438,1047,126,31,1,1,1
258,105,1468,1048,126,30,1,1,1
259,105,1498,1050,127,28,1,1,1
260,105,1528,1051,127,27,1,1,1
261,105,1559,1053,127,26,1,1,1
262,105,1587,1054,127,25,1,1,1
263,105,1615,1056,127,23,1,1,1
264,105,1644,1057,127,22,1,1,1
265,105,1672,1059,127,20,1,1,1
266,105,1701,1061,127,18,1,1,1
267,105,1731,1061,119,17,1,1,1
268,105,1761,1062,112,16,1,1,1
269,105,1791,1062,105,16,1,1,1
219,106,8,919,44,65,1,1,1
220,106,22,921,60,66,1,1,1
221,106,36,923,76,67,1,1,1
222,106,50,925,92,68,1,1,1
223,106,64,927,108,69,1,1,1
224,106,78,929,124,70,1,1,1
225,106,92,931,140,71,1,1,1
261,106,1172,1021,139,58,1,1,1
262,106,1199,1023,139,56,1,1,1
263,106,1227,1026,139,53,1,1,1
264,106,1255,1029,139,50,1,1,1
265,106,1287,1030,139,48,1,1,1
266,106,1319,1032,139,46,1,1,1
267,106,1351,1034,139,44,1,1,1
268,106,1379,1035,139,43,1,1,1
269,106,1407,1037,139,41,1,1,1
270,106,1436,1039,139,39,1,1,1
271,106,1465,1039,139,39,1,1,1
272,106,1494,1039,139,39,1,1,1
273,106,1524,1040,139,39,1,1,1
274,106,1555,1041,139,37,1,1,1
275,106,1587,1043,139,35,1,1,1
276,106,1619,1045,139,33,1,1,1
277,106,1651,1047,139,31,1,1,1
278,106,1677,1046,127,32,1,1,1
279,106,1703,1045,115,33,1,1,1
280,106,1729,1044,104,34,1,1,1
281,106,1755,1043,92,35,1,1,1
282,106,1782,1042,79,36,1,1,1
283,106,1808,1041,68,37,1,1,1
284,106,1834,1040,56,38,1,1,1
285,106,1860,1039,44,39,1,1,1
234,107,3,991,21,50,1,1,1
235,107,13,995,55,47,1,1,1
236,107,23,999,89,45,1,1,1
244,107,346,1034,123,30,1,1,1
245,107,390,1038,123,28,1,1,1
246,107,435,1042,123,27,1,1,1
247,107,480,1047,123,24,1,1,1
248,107,524,1051,123,23,1,1,1
249,107,569,1055,123,21,1,1,1
442,108,10,987,29,57,1,1,1
443,108,13,987,65,56,1,1,1
444,108,16,987,101,56,1,1,1
483,108,1421,1029,139,50,1,1,1
484,108,1456,1030,139,49,1,1,1
485,108,1491,1032,139,47,1,1,1
486,108,1526,1034,139,45,1,1,1
487,108,1562,1036,139,43,1,1,1
488,108,1599,1037,139,41,1,1,1
489,108,1636,1039,139,39,1,1,1
490,108,1673,1040,139,38,1,1,1
491,108,1710,1042,139,36,1,1,1
492,108,1747,1043,125,35,1,1,1
493,108,1784,1044,111,34,1,1,1
66,109,1856,142,46,35,1,1,1
67,109,1868,142,35,35,1,1,1
68,109,1880,142,25,35,1,1,1
88,110,1857,114,54,39,1,1,1
89,110,1862,114,48,39,1,1,1
90,110,1867,115,42,39,1,1,1
91,110,1872,115,36,39,1,1,1
109,111,1845,95,63,38,1,1,1
110,111,1846,91,63,38,1,1,1
111,111,1847,88,63,38,1,1,1
112,111,1848,85,63,38,1,1,1
113,111,1850,82,63,38,1,1,1
114,111,1858,80,57,38,1,1,1
115,111,1866,78,51,38,1,1,1
0,112,1748,149,160,82,1,1,1
1,112,1750,149,158,81,1,1,1
2,112,1752,149,156,81,1,1,1
3,112,1754,149,154,81,1,1,1
4,112,1757,149,151,81,1,1,1
5,112,1759,149,149,81,1,1,1
6,112,1761,149,147,81,1,1,1
7,112,1763,149,145,81,1,1,1
8,112,1766,149,142,81,1,1,1
9,112,1768,149,140,81,1,1,1
10,112,1770,149,138,81,1,1,1
11,112,1772,149,136,80,1,1,1
12,112,1775,149,133,80,1,1,1
13,112,1777,149,131,80,1,1,1
14,112,1779,149,129,80,1,1,1
15,112,1781,149,127,80,1,1,1
16,112,1784,149,124,80,1,1,1
17,112,1786,149,122,80,1,1,1
18,112,1788,149,120,80,1,1,1
19,112,1790,149,118,80,1,1,1
20,112,1793,149,115,80,1,1,1
21,112,1800,149,107,79,1,1,1
22,112,1808,149,99,79,1,1,1
23,112,1816,149,91,79,1,1,1
24,112,1824,149,83,79,1,1,1
25,112,1832,149,75,79,1,1,1
26,112,1840,149,67,79,1,1,1
27,112,1848,149,59,79,1,1,1
28,112,1856,149,51,79,1,1,1
29,112,1864,149,43,79,1,1,1
20,114,1817,621,91,59,1,1,1
21,114,1825,621,82,58,1,1,1
22,114,1834,621,73,58,1,1,1
23,114,1842,621,65,58,1,1,1
24,114,1851,621,56,58,1,1,1
25,114,1861,621,46,57,1,1,1
26,114,1872,621,35,57,1,1,1
27,114,1882,621,25,56,1,1,1
0,115,1807,848,99,51,1,1,1
1,115,1808,848,98,51,1,1,1
2,115,1809,848,97,51,1,1,1
3,115,1810,848,96,51,1,1,1
4,115,1811,848,95,51,1,1,1
5,115,1812,848,94,51,1,1,1
6,115,1813,848,93,51,1,1,1
7,115,1814,848,92,51,1,1,1
8,115,1815,848,91,51,1,1,1
9,115,1816,848,90,51,1,1,1
10,115,1820,848,85,51,1,1,1
11,115,1825,848,80,51,1,1,1
12,115,1830,848,75,51,1,1,1
13,115,1835,848,70,51,1,1,1
14,115,1840,848,65,51,1,1,1
15,115,1845,848,60,51,1,1,1
16,115,1850,848,55,51,1,1,1
17,115,1857,848,48,51,1,1,1
18,115,1864,848,41,51,1,1,1
19,115,1871,848,34,51,1,1,1
20,115,1878,848,27,51,1,1,1
699,115,1816,848,90,51,1,1,1
300,117,1437,95,35,35,1,1,1
301,117,1435,95,35,35,1,1,1
302,117,1433,95,35,35,1,1,1
303,117,1432,95,35,35,1,1,1
304,117,1429,95,35,35,1,1,1
305,117,1427,95,35,35,1,1,1
306,117,1425,96,35,35,1,1,1
307,117,1423,96,35,35,1,1,1
308,117,1420,96,35,35,1,1,1
309,117,1418,97,35,35,1,1,1
310,117,1416,97,35,35,1,1,1
311,117,1414,97,35,35,1,1,1
312,117,1411,98,35,35,1,1,1
313,117,1409,98,35,35,1,1,1
314,117,1407,98,35,35,1,1,1
447,117,1830,0,34,30,1,1,1
448,117,1839,0,34,27,1,1,1
449,117,1848,0,34,24,1,1,1
450,117,1858,0,33,21,1,1,1
451,117,1867,0,33,18,1,1,1
452,117,1876,0,33,15,1,1,1
176,118,1195,5,73,24,1,1,1
177,118,1208,6,74,24,1,1,1
178,118,1222,7,74,24,1,1,1
179,118,1236,8,74,24,1,1,1
180,118,1250,9,74,28,1,1,1
181,118,1264,10,74,33,1,1,1
223,118,1815,104,95,38,1,1,1
224,118,1827,105,84,38,1,1,1
225,118,1840,106,72,38,1,1,1
226,118,1852,107,61,39,1,1,1
227,118,1865,109,50,38,1,1,1
228,118,1877,110,39,39,1,1,1
229,118,1890,111,27,39,1,1,1
385,119,894,12,33,13,1,1,1
386,119,905,12,32,18,1,1,1
387,119,917,12,31,23,1,1,1
388,119,929,12,30,28,1,1,1
389,119,940,12,30,31,1,1,1
390,119,951,12,30,35,1,1,1
391,119,962,12,31,39,1,1,1
392,119,974,12,30,43,1,1,1
393,119,985,12,30,47,1,1,1
394,119,996,12,31,51,1,1,1
395,119,1007,12,31,55,1,1,1
468,119,1867,302,51,70,1,1,1
469,119,1879,307,39,70,1,1,1
470,119,1891,312,27,70,1,1,1
471,119,1904,317,15,71,1,1,1
472,119,1904,317,15,71,1,1,1
473,119,1904,317,15,71,1,1,1
474,119,1904,317,15,71,1,1,1
475,119,1904,317,15,71,1,1,1
476,119,1904,317,15,71,1,1,1
477,119,1904,317,15,71,1,1,1
478,119,1904,317,15,71,1,1,1
479,119,1904,317,15,71,1,1,1
480,119,1904,317,15,71,1,1,1
481,119,1904,317,15,71,1,1,1
482,119,1904,317,15,71,1,1,1
483,119,1904,317,15,71,1,1,1
484,119,1904,317,15,71,1,1,1
485,119,1904,317,15,71,1,1,1
486,119,1904,317,15,71,1,1,1
487,119,1904,317,15,71,1,1,1
488,119,1904,317,15,71,1,1,1
489,119,1904,317,15,71,1,1,1
490,119,1904,317,15,71,1,1,1
491,119,1904,317,15,71,1,1,1
492,119,1904,317,15,71,1,1,1
493,119,1904,317,15,71,1,1,1
494,119,1904,317,15,71,1,1,1
495,119,1904,317,15,71,1,1,1
496,119,1904,317,15,71,1,1,1
497,119,1904,317,15,71,1,1,1
498,119,1904,317,15,71,1,1,1
499,119,1904,317,15,71,1,1,1
500,119,1904,317,15,71,1,1,1
501,119,1904,317,15,71,1,1,1
502,119,1904,317,15,71,1,1,1
503,119,1904,317,15,71,1,1,1
504,119,1904,317,15,71,1,1,1
505,119,1904,317,15,71,1,1,1
506,119,1904,317,15,71,1,1,1
507,119,1904,317,15,71,1,1,1
508,119,1904,317,15,71,1,1,1
509,119,1904,317,15,71,1,1,1
510,119,1904,317,15,71,1,1,1
511,119,1904,317,15,71,1,1,1
512,119,1904,317,15,71,1,1,1
513,119,1904,317,15,71,1,1,1
514,119,1904,317,15,71,1,1,1
515,119,1904,317,15,71,1,1,1
516,119,1904,317,15,71,1,1,1
517,119,1904,317,15,71,1,1,1
518,119,1904,317,15,71,1,1,1
519,119,1904,317,15,71,1,1,1
520,119,1904,317,15,71,1,1,1
521,119,1904,317,15,71,1,1,1
522,119,1904,317,15,71,1,1,1
523,119,1904,317,15,71,1,1,1
524,119,1904,317,15,71,1,1,1
525,119,1904,317,15,71,1,1,1
526,119,1904,317,15,71,1,1,1
527,119,1904,317,15,71,1,1,1
528,119,1904,317,15,71,1,1,1
529,119,1904,317,15,71,1,1,1
530,119,1904,317,15,71,1,1,1
531,119,1904,317,15,71,1,1,1
532,119,1904,317,15,71,1,1,1
533,119,1904,317,15,71,1,1,1
534,119,1904,317,15,71,1,1,1
535,119,1904,317,15,71,1,1,1
536,119,1904,317,15,71,1,1,1
537,119,1904,317,15,71,1,1,1
538,119,1904,317,15,71,1,1,1
539,119,1904,317,15,71,1,1,1
540,119,1904,317,15,71,1,1,1
541,119,1904,317,15,71,1,1,1
542,119,1904,317,15,71,1,1,1
543,119,1904,317,15,71,1,1,1
544,119,1904,317,15,71,1,1,1
545,119,1904,317,15,71,1,1,1
546,119,1904,317,15,71,1,1,1
547,119,1904,317,15,71,1,1,1
548,119,1904,317,15,71,1,1,1
549,119,1904,317,15,71,1,1,1
550,119,1904,317,15,71,1,1,1
551,119,1904,317,15,71,1,1,1
552,119,1904,317,15,71,1,1,1
553,119,1904,317,15,71,1,1,1
554,119,1904,317,15,71,1,1,1
555,119,1904,317,15,71,1,1,1
556,119,1904,317,15,71,1,1,1
557,119,1904,317,15,71,1,1,1
558,119,1904,317,15,71,1,1,1
559,119,1904,317,15,71,1,1,1
560,119,1904,317,15,71,1,1,1
561,119,1904,317,15,71,1,1,1
562,119,1904,317,15,71,1,1,1
563,119,1904,317,15,71,1,1,1
564,119,1904,317,15,71,1,1,1
565,119,1904,317,15,71,1,1,1
566,119,1904,317,15,71,1,1,1
567,119,1904,317,15,71,1,1,1
568,119,1904,317,15,71,1,1,1
569,119,1904,317,15,71,1,1,1
570,119,1904,317,15,71,1,1,1
571,119,1904,317,15,71,1,1,1
572,119,1904,317,15,71,1,1,1
573,119,1904,317,15,71,1,1,1
574,119,1904,317,15,71,1,1,1
575,119,1904,317,15,71,1,1,1
576,119,1904,317,15,71,1,1,1
577,119,1904,317,15,71,1,1,1
578,119,1904,317,15,71,1,1,1
579,119,1904,317,15,71,1,1,1
580,119,1904,317,15,71,1,1,1
581,119,1904,317,15,71,1,1,1
582,119,1904,317,15,71,1,1,1
583,119,1904,317,15,71,1,1,1
584,119,1904,317,15,71,1,1,1
585,119,1904,317,15,71,1,1,1
586,119,1904,317,15,71,1,1,1
587,119,1904,317,15,71,1,1,1
588,119,1904,317,15,71,1,1,1
589,119,1904,317,15,71,1,1,1
590,119,1904,317,15,71,1,1,1
591,119,1904,317,15,71,1,1,1
592,119,1904,317,15,71,1,1,1
593,119,1904,317,15,71,1,1,1
594,119,1904,317,15,71,1,1,1
595,119,1904,317,15,71,1,1,1
596,119,1904,317,15,71,1,1,1
597,119,1904,317,15,71,1,1,1
598,119,1904,317,15,71,1,1,1
599,119,1904,317,15,71,1,1,1
600,119,1904,317,15,71,1,1,1
601,119,1904,317,15,71,1,1,1
602,119,1904,317,15,71,1,1,1
603,119,1904,317,15,71,1,1,1
604,119,1904,317,15,71,1,1,1
605,119,1904,317,15,71,1,1,1
606,119,1904,317,15,71,1,1,1
607,119,1904,317,15,71,1,1,1
608,119,1904,317,15,71,1,1,1
609,119,1904,317,15,71,1,1,1
610,119,1904,317,15,71,1,1,1
611,119,1904,317,15,71,1,1,1
612,119,1904,317,15,71,1,1,1
613,119,1904,317,15,71,1,1,1
614,119,1904,317,15,71,1,1,1
615,119,1904,317,15,71,1,1,1
616,119,1904,317,15,71,1,1,1
617,119,1904,317,15,71,1,1,1
618,119,1904,317,15,71,1,1,1
619,119,1904,317,15,71,1,1,1
620,119,1904,317,15,71,1,1,1
621,119,1904,317,15,71,1,1,1
622,119,1904,317,15,71,1,1,1
623,119,1904,317,15,71,1,1,1
624,119,1904,317,15,71,1,1,1
625,119,1904,317,15,71,1,1,1
626,119,1904,317,15,71,1,1,1
627,119,1904,317,15,71,1,1,1
628,119,1904,317,15,71,1,1,1
629,119,1904,317,15,71,1,1,1
630,119,1904,317,15,71,1,1,1
631,119,1904,317,15,71,1,1,1
632,119,1904,317,15,71,1,1,1
633,119,1904,317,15,71,1,1,1
634,119,1904,317,15,71,1,1,1
635,119,1904,317,15,71,1,1,1
636,119,1904,317,15,71,1,1,1
637,119,1904,317,15,71,1,1,1
638,119,1904,317,15,71,1,1,1
639,119,1904,317,15,71,1,1,1
640,119,1904,317,15,71,1,1,1
641,119,1904,317,15,71,1,1,1
642,119,1904,317,15,71,1,1,1
643,119,1904,317,15,71,1,1,1
644,119,1904,317,15,71,1,1,1
645,119,1904,317,15,71,1,1,1
646,119,1904,317,15,71,1,1,1
647,119,1904,317,15,71,1,1,1
648,119,1904,317,15,71,1,1,1
649,119,1904,317,15,71,1,1,1
650,119,1904,317,15,71,1,1,1
651,119,1904,317,15,71,1,1,1
652,119,1904,317,15,71,1,1,1
653,119,1904,317,15,71,1,1,1
654,119,1904,317,15,71,1,1,1
655,119,1904,317,15,71,1,1,1
656,119,1904,317,15,71,1,1,1
657,119,1904,317,15,71,1,1,1
658,119,1904,317,15,71,1,1,1
659,119,1904,317,15,71,1,1,1
660,119,1904,317,15,71,1,1,1
661,119,1904,317,15,71,1,1,1
662,119,1904,317,15,71,1,1,1
663,119,1904,317,15,71,1,1,1
664,119,1904,317,15,71,1,1,1
665,119,1904,317,15,71,1,1,1
666,119,1904,317,15,71,1,1,1
667,119,1904,317,15,71,1,1,1
668,119,1904,317,15,71,1,1,1
669,119,1904,317,15,71,1,1,1
670,119,1904,317,15,71,1,1,1
671,119,1904,317,15,71,1,1,1
672,119,1904,317,15,71,1,1,1
673,119,1904,317,15,71,1,1,1
674,119,1904,317,15,71,1,1,1
675,119,1904,317,15,71,1,1,1
676,119,1904,317,15,71,1,1,1
677,119,1904,317,15,71,1,1,1
678,119,1904,317,15,71,1,1,1
679,119,1904,317,15,71,1,1,1
680,119,1904,317,15,71,1,1,1
681,119,1904,317,15,71,1,1,1
682,119,1904,317,15,71,1,1,1
683,119,1904,317,15,71,1,1,1
684,119,1904,317,15,71,1,1,1
685,119,1904,317,15,71,1,1,1
686,119,1904,317,15,71,1,1,1
687,119,1904,317,15,71,1,1,1
688,119,1904,317,15,71,1,1,1
689,119,1904,317,15,71,1,1,1
690,119,1904,317,15,71,1,1,1
691,119,1904,317,15,71,1,1,1
692,119,1904,317,15,71,1,1,1
693,119,1904,317,15,71,1,1,1
694,119,1904,317,15,71,1,1,1
695,119,1904,317,15,71,1,1,1
696,119,1904,317,15,71,1,1,1
697,119,1904,317,15,71,1,1,1
698,119,1904,317,15,71,1,1,1
699,119,1904,317,15,71,1,1,1
347,121,182,3,82,14,1,1,1
348,121,192,3,82,14,1,1,1
349,121,202,3,82,14,1,1,1
350,121,212,3,82,14,1,1,1
351,121,222,3,82,14,1,1,1
352,121,232,3,83,15,1,1,1
353,121,242,3,83,15,1,1,1
354,121,252,3,83,15,1,1,1
355,121,262,3,83,15,1,1,1
356,121,272,3,83,15,1,1,1
357,121,283,4,83,15,1,1,1
358,121,293,4,83,15,1,1,1
359,121,303,4,83,15,1,1,1
360,121,313,4,83,15,1,1,1
361,121,324,4,83,15,1,1,1
362,121,334,4,83,15,1,1,1
363,121,344,4,83,15,1,1,1
364,121,355,4,83,15,1,1,1
365,121,365,4,83,15,1,1,1
366,121,375,4,83,15,1,1,1
367,121,386,4,83,15,1,1,1
368,121,395,4,83,15,1,1,1
369,121,405,4,83,15,1,1,1
370,121,415,4,83,15,1,1,1
371,121,425,5,83,15,1,1,1
372,121,435,5,83,15,1,1,1
373,121,445,5,83,15,1,1,1
374,121,455,6,83,15,1,1,1
375,121,465,6,83,15,1,1,1
376,121,475,6,83,15,1,1,1
377,121,485,7,83,15,1,1,1
378,121,495,7,83,15,1,1,1
379,121,506,7,83,15,1,1,1
380,121,517,7,83,15,1,1,1
381,121,528,7,83,15,1,1,1
382,121,539,7,83,15,1,1,1
383,121,550,7,83,15,1,1,1
384,121,561,7,83,15,1,1,1
385,121,572,7,83,15,1,1,1
386,121,583,7,83,15,1,1,1
387,121,594,8,83,15,1,1,1
388,121,605,9,83,15,1,1,1
389,121,617,10,83,15,1,1,1
390,121,628,11,83,15,1,1,1
391,121,640,12,83,15,1,1,1
392,121,652,13,83,15,1,1,1
393,121,663,14,83,15,1,1,1
394,121,675,15,83,15,1,1,1
395,121,686,16,83,15,1,1,1
396,121,698,17,83,15,1,1,1
397,121,710,18,83,15,1,1,1
398,121,720,16,83,17,1,1,1
399,121,731,15,83,18,1,1,1
400,121,742,13,83,20,1,1,1
401,121,753,12,83,21,1,1,1
402,121,764,10,83,24,1,1,1
403,121,775,9,83,25,1,1,1
404,121,786,7,83,27,1,1,1
405,121,797,6,83,28,1,1,1
406,121,808,4,83,30,1,1,1
407,121,819,3,83,32,1,1,1
408,121,831,2,83,33,1,1,1
409,121,843,2,83,33,1,1,1
410,121,855,2,83,34,1,1,1
411,121,867,2,83,34,1,1,1
412,121,880,2,83,35,1,1,1
413,121,892,1,83,36,1,1,1
414,121,904,1,83,36,1,1,1
415,121,916,1,83,37,1,1,1
416,121,928,1,83,37,1,1,1
417,121,941,1,83,38,1,1,1
418,121,951,1,83,38,1,1,1
419,121,962,1,83,38,1,1,1
420,121,973,1,83,38,1,1,1
421,121,984,1,83,38,1,1,1
422,121,995,1,83,38,1,1,1
423,121,1005,1,83,38,1,1,1
424,121,1016,1,83,38,1,1,1
425,121,1027,1,83,38,1,1,1
426,121,1038,1,83,38,1,1,1
427,121,1049,2,83,38,1,1,1
428,121,1056,1,83,38,1,1,1
429,121,1063,1,83,38,1,1,1
430,121,1070,1,83,38,1,1,1
431,121,1077,1,83,38,1,1,1
432,121,1084,1,83,38,1,1,1
433,121,1091,1,83,38,1,1,1
434,121,1098,1,83,38,1,1,1
435,121,1105,1,83,38,1,1,1
436,121,1112,1,83,38,1,1,1
498,121,1825,13,94,42,1,1,1
499,121,1836,13,83,43,1,1,1
500,121,1847,14,72,43,1,1,1
501,121,1859,15,60,43,1,1,1
502,121,1870,16,49,43,1,1,1
503,121,1882,17,37,43,1,1,1
504,121,1893,18,26,43,1,1,1
372,122,162,4,69,16,1,1,1
373,122,172,4,69,16,1,1,1
374,122,182,4,69,16,1,1,1
375,122,192,4,69,16,1,1,1
376,122,202,4,70,16,1,1,1
377,122,213,4,69,16,1,1,1
378,122,223,4,69,16,1,1,1
379,122,233,4,70,16,1,1,1
380,122,243,4,70,16,1,1,1
381,122,253,4,70,16,1,1,1
382,122,264,5,70,16,1,1,1
383,122,275,4,70,17,1,1,1
384,122,286,4,70,17,1,1,1
385,122,297,3,70,18,1,1,1
386,122,308,3,70,18,1,1,1
387,122,320,2,69,20,1,1,1
388,122,331,2,69,20,1,1,1
389,122,342,1,69,21,1,1,1
390,122,353,1,69,21,1,1,1
391,122,364,0,69,22,1,1,1
392,122,376,0,68,23,1,1,1
393,122,387,0,68,23,1,1,1
394,122,399,0,67,23,1,1,1
395,122,410,0,68,24,1,1,1
396,122,422,0,67,24,1,1,1
397,122,433,0,68,25,1,1,1
398,122,445,0,67,25,1,1,1
399,122,456,0,67,25,1,1,1
400,122,468,0,67,26,1,1,1
401,122,479,0,67,26,1,1,1
402,122,491,0,67,27,1,1,1
403,122,502,0,67,27,1,1,1
404,122,514,1,67,27,1,1,1
405,122,526,2,67,27,1,1,1
406,122,537,3,67,27,1,1,1
407,122,549,4,67,27,1,1,1
408,122,561,4,67,27,1,1,1
409,122,572,5,67,27,1,1,1
410,122,584,6,67,27,1,1,1
411,122,596,7,67,27,1,1,1
412,122,608,8,67,27,1,1,1
413,122,619,7,67,28,1,1,1
414,122,630,7,68,28,1,1,1
415,122,641,7,68,28,1,1,1
416,122,652,7,69,28,1,1,1
417,122,664,7,68,29,1,1,1
418,122,675,7,69,29,1,1,1
419,122,686,7,69,29,1,1,1
420,122,697,7,70,29,1,1,1
421,122,708,7,70,29,1,1,1
524,122,1841,35,72,39,1,1,1
525,122,1852,35,62,39,1,1,1
526,122,1864,36,51,39,1,1,1
527,122,1875,36,41,39,1,1,1
528,122,1887,37,30,39,1,1,1
412,123,58,7,50,19,1,1,1
413,123,71,6,50,19,1,1,1
414,123,84,5,50,19,1,1,1
415,123,97,5,50,19,1,1,1
416,123,107,5,50,19,1,1,1
417,123,117,5,50,19,1,1,1
418,123,127,5,50,19,1,1,1
419,123,138,5,50,19,1,1,1
420,123,150,5,50,19,1,1,1
421,123,163,6,50,19,1,1,1
422,123,175,6,50,19,1,1,1
423,123,188,7,50,19,1,1,1
424,123,191,7,52,20,1,1,1
425,123,194,7,55,21,1,1,1
426,123,197,7,58,23,1,1,1
427,123,200,7,61,24,1,1,1
431,123,203,10,63,26,1,1,1
432,123,215,11,63,26,1,1,1
433,123,227,12,63,26,1,1,1
434,123,240,14,63,26,1,1,1
435,123,254,14,63,26,1,1,1
436,123,268,14,63,26,1,1,1
437,123,282,15,63,26,1,1,1
438,123,293,15,63,26,1,1,1
439,123,304,16,63,26,1,1,1
440,123,315,17,63,26,1,1,1
441,123,327,18,63,26,1,1,1
442,123,337,17,63,26,1,1,1
443,123,347,16,63,26,1,1,1
444,123,357,15,63,26,1,1,1
571,123,1836,60,72,38,1,1,1
572,123,1848,60,62,39,1,1,1
573,123,1860,61,52,39,1,1,1
574,123,1873,62,41,39,1,1,1
575,123,1885,63,31,39,1,1,1
421,124,44,1,63,15,1,1,1
422,124,57,0,63,15,1,1,1
423,124,70,0,63,15,1,1,1
424,124,83,0,63,15,1,1,1
425,124,96,0,63,15,1,1,1
426,124,94,0,67,18,1,1,1
427,124,93,0,70,22,1,1,1
428,124,92,0,73,26,1,1,1
429,124,90,0,77,30,1,1,1
430,124,89,0,80,34,1,1,1
579,124,1831,55,76,46,1,1,1
580,124,1843,55,66,47,1,1,1
581,124,1856,56,55,47,1,1,1
582,124,1869,57,44,47,1,1,1
583,124,1881,58,34,47,1,1,1
584,124,1894,59,23,47,1,1,1
589,125,1818,66,85,38,1,1,1
590,125,1829,67,76,38,1,1,1
591,125,1841,68,66,38,1,1,1
592,125,1853,69,56,38,1,1,1
593,125,1864,70,48,38,1,1,1
594,125,1876,71,38,38,1,1,1
595,125,1888,72,28,38,1,1,1
495,126,1192,3,72,13,1,1,1
496,126,1202,3,72,12,1,1,1
497,126,1213,3,72,12,1,1,1
498,126,1224,3,72,12,1,1,1
499,126,1235,3,72,12,1,1,1
500,126,1246,3,72,12,1,1,1
501,126,1257,3,72,11,1,1,1
502,126,1268,3,72,11,1,1,1
503,126,1279,3,72,11,1,1,1
504,126,1290,3,72,11,1,1,1
505,126,1301,3,72,11,1,1,1
506,126,1312,2,72,12,1,1,1
507,126,1323,2,72,13,1,1,1
508,126,1334,2,72,14,1,1,1
509,126,1345,2,72,15,1,1,1
510,126,1357,2,71,16,1,1,1
511,126,1368,1,71,18,1,1,1
512,126,1379,1,71,19,1,1,1
513,126,1390,1,71,20,1,1,1
514,126,1401,1,71,21,1,1,1
515,126,1413,1,71,22,1,1,1
516,126,1425,1,71,22,1,1,1
517,126,1437,1,71,22,1,1,1
518,126,1449,1,71,22,1,1,1
519,126,1461,1,71,22,1,1,1
520,126,1474,1,71,22,1,1,1
521,126,1486,1,71,22,1,1,1
522,126,1498,1,71,22,1,1,1
523,126,1510,1,71,22,1,1,1
524,126,1522,1,71,22,1,1,1
525,126,1535,1,71,22,1,1,1
526,126,1547,1,71,22,1,1,1
527,126,1559,1,71,22,1,1,1
528,126,1571,1,71,22,1,1,1
529,126,1583,1,71,23,1,1,1
530,126,1595,2,71,22,1,1,1
531,126,1607,2,71,22,1,1,1
532,126,1619,2,71,23,1,1,1
533,126,1631,2,71,23,1,1,1
534,126,1643,2,71,23,1,1,1
535,126,1655,3,71,23,1,1,1
536,126,1666,2,72,24,1,1,1
537,126,1678,2,73,24,1,1,1
538,126,1690,2,74,25,1,1,1
539,126,1701,2,76,25,1,1,1
540,126,1713,1,76,27,1,1,1
541,126,1725,1,77,27,1,1,1
542,126,1736,1,79,27,1,1,1
543,126,1748,1,80,28,1,1,1
544,126,1760,0,80,29,1,1,1
545,126,1771,0,82,30,1,1,1
546,126,1783,0,83,30,1,1,1
547,126,1795,0,84,31,1,1,1
548,126,1806,1,77,31,1,1,1
549,126,1818,2,69,31,1,1,1
550,126,1830,3,62,31,1,1,1
551,126,1841,4,55,31,1,1,1
552,126,1853,6,48,31,1,1,1
553,126,1865,7,40,31,1,1,1
554,126,1876,8,34,31,1,1,1
555,126,1888,9,26,31,1,1,1
495,127,1103,3,72,14,1,1,1
496,127,1113,2,72,14,1,1,1
497,127,1124,2,72,14,1,1,1
498,127,1135,2,72,14,1,1,1
499,127,1146,2,72,14,1,1,1
500,127,1157,2,72,14,1,1,1
501,127,1167,1,72,14,1,1,1
502,127,1178,1,72,14,1,1,1
503,127,1189,1,72,14,1,1,1
504,127,1200,1,72,14,1,1,1
505,127,1211,1,72,14,1,1,1
506,127,1222,1,72,14,1,1,1
507,127,1234,1,71,14,1,1,1
508,127,1245,1,72,15,1,1,1
509,127,1257,2,71,14,1,1,1
510,127,1268,2,72,15,1,1,1
511,127,1280,2,71,15,1,1,1
512,127,1291,3,71,14,1,1,1
513,127,1303,3,71,15,1,1,1
514,127,1314,3,71,15,1,1,1
515,127,1326,4,71,15,1,1,1
516,127,1337,4,71,15,1,1,1
517,127,1349,4,71,15,1,1,1
518,127,1361,5,71,15,1,1,1
519,127,1372,5,71,15,1,1,1
520,127,1384,6,71,15,1,1,1
521,127,1396,6,71,15,1,1,1
522,127,1407,6,71,15,1,1,1
523,127,1419,7,71,15,1,1,1
524,127,1431,7,71,15,1,1,1
525,127,1443,8,71,15,1,1,1
526,127,1454,7,71,16,1,1,1
527,127,1466,7,71,17,1,1,1
528,127,1477,6,71,19,1,1,1
529,127,1489,6,71,20,1,1,1
530,127,1501,6,71,21,1,1,1
531,127,1512,5,71,22,1,1,1
532,127,1524,5,71,23,1,1,1
533,127,1535,4,71,25,1,1,1
534,127,1547,4,71,26,1,1,1
535,127,1559,4,71,27,1,1,1
536,127,1570,4,71,27,1,1,1
537,127,1582,4,71,27,1,1,1
538,127,1594,4,71,27,1,1,1
539,127,1606,4,71,27,1,1,1
540,127,1618,4,71,27,1,1,1
541,127,1630,4,71,27,1,1,1
542,127,1642,4,71,27,1,1,1
543,127,1654,4,71,27,1,1,1
544,127,1666,4,71,27,1,1,1
545,127,1678,4,71,27,1,1,1
546,127,1690,4,71,27,1,1,1
547,127,1703,4,70,27,1,1,1
548,127,1716,5,69,27,1,1,1
549,127,1729,5,68,27,1,1,1
550,127,1742,5,67,27,1,1,1
551,127,1755,6,66,27,1,1,1
552,127,1768,6,65,27,1,1,1
553,127,1780,6,65,27,1,1,1
554,127,1793,7,64,27,1,1,1
555,127,1806,7,63,27,1,1,1
556,127,1819,7,62,27,1,1,1
557,127,1832,8,61,27,1,1,1
558,127,1845,8,60,27,1,1,1
559,127,1858,9,60,27,1,1,1
560,127,1867,9,51,27,1,1,1
561,127,1876,9,42,27,1,1,1
562,127,1886,9,32,27,1,1,1
563,127,1895,9,23,27,1,1,1
514,128,1087,3,55,16,1,1,1
515,128,1098,3,55,15,1,1,1
516,128,1110,3,55,15,1,1,1
517,128,1122,3,55,15,1,1,1
518,128,1133,3,55,15,1,1,1
519,128,1145,3,55,15,1,1,1
520,128,1157,3,55,15,1,1,1
521,128,1168,3,55,15,1,1,1
522,128,1180,3,55,15,1,1,1
523,128,1192,3,55,15,1,1,1
524,128,1204,3,55,15,1,1,1
525,128,1215,2,55,16,1,1,1
526,128,1226,2,55,16,1,1,1
527,128,1238,2,55,17,1,1,1
528,128,1249,2,55,17,1,1,1
529,128,1261,2,55,18,1,1,1
530,128,1272,2,55,18,1,1,1
531,128,1283,2,55,18,1,1,1
532,128,1295,2,55,19,1,1,1
533,128,1306,2,55,19,1,1,1
534,128,1318,2,55,20,1,1,1
535,128,1330,2,55,21,1,1,1
536,128,1342,2,55,22,1,1,1
537,128,1354,2,55,23,1,1,1
538,128,1366,2,55,24,1,1,1
539,128,1379,2,54,25,1,1,1
540,128,1391,2,54,26,1,1,1
541,128,1403,2,54,27,1,1,1
542,128,1415,2,54,28,1,1,1
543,128,1427,2,54,29,1,1,1
544,128,1440,2,54,31,1,1,1
545,128,1452,2,54,31,1,1,1
546,128,1464,2,54,31,1,1,1
547,128,1477,2,54,31,1,1,1
548,128,1489,2,54,31,1,1,1
549,128,1501,2,54,31,1,1,1
550,128,1514,2,54,31,1,1,1
551,128,1526,2,54,31,1,1,1
564,128,1687,4,55,31,1,1,1
565,128,1698,4,55,31,1,1,1
566,128,1710,4,55,31,1,1,1
567,128,1722,5,55,31,1,1,1
568,128,1734,5,55,31,1,1,1
569,128,1745,5,56,31,1,1,1
570,128,1757,6,56,31,1,1,1
571,128,1769,6,56,31,1,1,1
572,128,1781,6,56,31,1,1,1
573,128,1793,7,56,31,1,1,1
574,128,1804,7,57,31,1,1,1
575,128,1816,7,57,31,1,1,1
576,128,1828,8,57,31,1,1,1
577,128,1840,8,57,31,1,1,1
578,128,1852,9,57,31,1,1,1
579,128,1864,9,47,31,1,1,1
580,128,1876,10,38,31,1,1,1
581,128,1888,10,28,31,1,1,1
513,129,1079,0,53,20,1,1,1
514,129,1077,0,57,19,1,1,1
515,129,1076,0,60,19,1,1,1
516,129,1075,0,63,19,1,1,1
517,129,1074,0,66,19,1,1,1
518,129,1073,0,70,19,1,1,1
519,129,1072,0,73,18,1,1,1
520,129,1071,0,76,18,1,1,1
521,129,1070,0,79,18,1,1,1
522,129,1069,0,82,18,1,1,1
523,129,1068,0,86,18,1,1,1
524,129,1079,0,86,18,1,1,1
525,129,1091,0,86,18,1,1,1
526,129,1103,0,86,18,1,1,1
527,129,1115,0,86,18,1,1,1
528,129,1127,0,86,18,1,1,1
529,129,1138,0,86,18,1,1,1
530,129,1150,0,86,18,1,1,1
531,129,1162,0,86,18,1,1,1
532,129,1174,0,86,18,1,1,1
533,129,1186,1,86,18,1,1,1
534,129,1198,1,86,18,1,1,1
535,129,1210,1,86,18,1,1,1
536,129,1222,1,86,18,1,1,1
537,129,1234,1,86,18,1,1,1
538,129,1247,1,86,18,1,1,1
539,129,1259,1,86,18,1,1,1
540,129,1271,1,86,18,1,1,1
541,129,1283,1,86,18,1,1,1
542,129,1295,1,86,18,1,1,1
543,129,1308,2,86,18,1,1,1
544,129,1320,2,86,18,1,1,1
545,129,1333,3,86,18,1,1,1
546,129,1346,3,85,19,1,1,1
547,129,1359,4,85,19,1,1,1
548,129,1372,5,84,19,1,1,1
549,129,1384,5,85,19,1,1,1
550,129,1397,6,84,19,1,1,1
551,129,1410,6,84,20,1,1,1
552,129,1423,7,83,20,1,1,1
553,129,1436,8,83,20,1,1,1
554,129,1447,7,83,21,1,1,1
555,129,1459,7,83,22,1,1,1
556,129,1470,7,83,23,1,1,1
557,129,1482,6,83,24,1,1,1
558,129,1494,6,82,25,1,1,1
559,129,1505,6,83,26,1,1,1
560,129,1517,5,82,27,1,1,1
561,129,1528,5,83,28,1,1,1
562,129,1540,5,82,29,1,1,1
563,129,1552,5,82,30,1,1,1
564,129,1564,5,82,30,1,1,1
565,129,1577,5,82,30,1,1,1
566,129,1589,5,82,30,1,1,1
567,129,1602,5,82,30,1,1,1
568,129,1614,5,82,30,1,1,1
569,129,1627,5,82,30,1,1,1
570,129,1639,5,82,30,1,1,1
571,129,1652,5,82,30,1,1,1
572,129,1664,5,82,30,1,1,1
587,129,1850,10,68,31,1,1,1
588,129,1864,11,54,31,1,1,1
589,129,1879,12,39,31,1,1,1
453,130,12,10,72,33,1,1,1
454,130,15,10,81,34,1,1,1
455,130,18,10,89,35,1,1,1
459,130,75,13,39,31,1,1,1
460,130,86,13,44,31,1,1,1
461,130,97,13,49,31,1,1,1
462,130,108,13,55,31,1,1,1
463,130,120,13,59,31,1,1,1
464,130,131,13,65,31,1,1,1
465,130,142,13,70,31,1,1,1
606,130,1807,75,83,34,1,1,1
607,130,1820,75,74,34,1,1,1
608,130,1833,76,66,34,1,1,1
609,130,1847,77,57,34,1,1,1
610,130,1860,77,49,35,1,1,1
611,130,1873,78,41,35,1,1,1
469,131,212,0,64,20,1,1,1
470,131,223,0,64,19,1,1,1
471,131,234,0,64,18,1,1,1
472,131,245,0,64,18,1,1,1
473,131,255,0,64,18,1,1,1
474,131,265,1,64,18,1,1,1
475,131,275,1,64,18,1,1,1
476,131,286,2,63,18,1,1,1
477,131,296,2,63,18,1,1,1
478,131,306,2,63,18,1,1,1
479,131,316,2,63,18,1,1,1
480,131,327,2,63,18,1,1,1
481,131,337,1,63,21,1,1,1
482,131,347,1,63,23,1,1,1
483,131,357,1,63,25,1,1,1
484,131,367,1,63,27,1,1,1
485,131,377,1,63,30,1,1,1
486,131,388,0,63,31,1,1,1
487,131,399,0,63,31,1,1,1
488,131,411,0,63,31,1,1,1
489,131,422,0,63,30,1,1,1
490,131,434,0,63,30,1,1,1
491,131,446,0,63,30,1,1,1
492,131,458,0,63,30,1,1,1
493,131,468,0,63,30,1,1,1
494,131,478,0,63,30,1,1,1
495,131,488,0,63,30,1,1,1
496,131,498,0,63,30,1,1,1
497,131,508,1,63,30,1,1,1
498,131,517,1,63,30,1,1,1
499,131,527,1,63,30,1,1,1
500,131,536,1,63,30,1,1,1
501,131,546,1,63,30,1,1,1
502,131,556,2,63,30,1,1,1
503,131,567,2,63,30,1,1,1
504,131,579,2,63,30,1,1,1
505,131,591,2,63,31,1,1,1
506,131,603,2,63,31,1,1,1
507,131,615,3,63,31,1,1,1
508,131,626,2,63,31,1,1,1
509,131,637,2,63,31,1,1,1
510,131,648,2,63,31,1,1,1
511,131,659,1,63,31,1,1,1
512,131,670,1,63,31,1,1,1
612,131,1864,51,55,31,1,1,1
613,131,1877,53,42,31,1,1,1
614,131,1891,55,28,31,1,1,1
535,132,908,0,78,17,1,1,1
536,132,919,0,78,17,1,1,1
537,132,930,0,78,17,1,1,1
538,132,942,0,78,17,1,1,1
539,132,953,0,78,17,1,1,1
540,132,965,0,78,18,1,1,1
541,132,976,0,78,18,1,1,1
542,132,987,0,78,18,1,1,1
543,132,999,0,78,18,1,1,1
544,132,1010,0,78,18,1,1,1
545,132,1022,0,78,19,1,1,1
546,132,1034,0,78,19,1,1,1
547,132,1046,0,78,20,1,1,1
548,132,1058,0,78,21,1,1,1
549,132,1070,0,78,22,1,1,1
550,132,1083,0,77,23,1,1,1
551,132,1095,0,77,24,1,1,1
552,132,1107,0,77,25,1,1,1
553,132,1119,0,77,26,1,1,1
554,132,1131,0,77,27,1,1,1
555,132,1144,0,76,28,1,1,1
556,132,1155,0,76,28,1,1,1
557,132,1167,0,76,28,1,1,1
558,132,1179,0,76,28,1,1,1
559,132,1190,0,76,28,1,1,1
560,132,1202,0,76,28,1,1,1
561,132,1214,0,76,28,1,1,1
562,132,1225,0,76,28,1,1,1
563,132,1237,0,76,28,1,1,1
564,132,1249,0,76,28,1,1,1
612,132,1833,26,76,27,1,1,1
613,132,1840,27,70,27,1,1,1
614,132,1847,28,65,27,1,1,1
615,132,1855,29,59,27,1,1,1
616,132,1862,30,53,27,1,1,1
617,132,1869,31,48,27,1,1,1
624,133,1888,741,26,43,1,1,1
625,133,1886,741,27,43,1,1,1
626,133,1884,741,29,44,1,1,1
627,133,1882,741,31,45,1,1,1
628,133,1880,741,33,46,1,1,1
629,133,1879,741,34,47,1,1,1
630,133,1877,741,35,47,1,1,1
631,133,1875,741,37,48,1,1,1
632,133,1873,741,39,49,1,1,1
633,133,1871,741,41,50,1,1,1
634,133,1870,741,42,51,1,1,1
635,133,1868,742,44,51,1,1,1
636,133,1866,743,46,51,1,1,1
637,133,1864,744,48,51,1,1,1
638,133,1862,745,50,51,1,1,1
639,133,1860,746,52,51,1,1,1
640,133,1858,747,54,51,1,1,1
641,133,1856,748,56,51,1,1,1
642,133,1854,749,58,51,1,1,1
643,133,1852,750,60,51,1,1,1
644,133,1850,752,63,51,1,1,1
645,133,1843,752,69,51,1,1,1
646,133,1836,752,76,51,1,1,1
647,133,1830,752,81,51,1,1,1
648,133,1823,752,88,51,1,1,1
649,133,1817,752,93,51,1,1,1
650,133,1810,752,100,51,1,1,1
651,133,1803,752,106,51,1,1,1
652,133,1797,752,112,51,1,1,1
653,133,1790,752,118,51,1,1,1
672,134,1879,840,32,60,1,1,1
673,134,1867,840,44,59,1,1,1
674,134,1856,840,55,59,1,1,1
675,134,1844,840,67,59,1,1,1
676,134,1833,840,79,59,1,1,1
677,134,1819,838,83,59,1,1,1
678,134,1806,837,87,59,1,1,1
679,134,1793,836,91,59,1,1,1
680,134,1780,834,95,59,1,1,1
681,134,1767,833,99,59,1,1,1
682,134,1754,832,102,59,1,1,1
683,134,1741,831,106,59,1,1,1
684,134,1728,829,110,59,1,1,1
685,134,1715,828,114,59,1,1,1
686,134,1702,827,118,59,1,1,1
683,135,1843,1023,58,52,1,1,1
684,135,1819,1023,72,52,1,1,1
685,135,1794,1023,87,52,1,1,1
686,135,1770,1024,100,51,1,1,1
687,135,1745,1024,115,51,1,1,1
688,135,1721,1024,129,51,1,1,1
689,135,1697,1025,143,50,1,1,1
690,135,1670,1024,143,51,1,1,1
691,135,1644,1024,143,51,1,1,1
692,135,1618,1024,143,51,1,1,1
693,135,1592,1024,143,51,1,1,1
694,135,1567,1024,143,51,1,1,1
695,135,1542,1024,143,51,1,1,1
696,135,1515,1024,143,51,1,1,1
697,135,1489,1025,143,51,1,1,1
698,135,1462,1026,143,51,1,1,1
699,135,1436,1027,143,51,1,1,1
