0,1,1243,0,131,317,1,1,1
1,1,1240,0,125,317,1,1,1
2,1,1237,0,119,317,1,1,1
3,1,1235,0,113,318,1,1,1
4,1,1232,0,107,318,1,1,1
5,1,1229,0,101,318,1,1,1
6,1,1227,0,95,319,1,1,1
7,1,1223,0,93,316,1,1,1
8,1,1219,1,92,313,1,1,1
9,1,1215,1,90,310,1,1,1
10,1,1211,2,89,307,1,1,1
11,1,1207,2,87,304,1,1,1
12,1,1203,3,86,301,1,1,1
13,1,1198,2,86,296,1,1,1
14,1,1193,2,86,290,1,1,1
15,1,1188,2,86,284,1,1,1
16,1,1183,2,86,278,1,1,1
17,1,1178,2,86,272,1,1,1
18,1,1173,2,86,266,1,1,1
19,1,1169,2,86,260,1,1,1
20,1,1164,1,86,255,1,1,1
21,1,1159,1,86,249,1,1,1
22,1,1154,1,86,243,1,1,1
23,1,1149,1,86,237,1,1,1
24,1,1144,1,86,231,1,1,1
25,1,1139,1,86,225,1,1,1
26,1,1135,1,86,219,1,1,1
27,1,1130,0,86,214,1,1,1
28,1,1125,0,86,208,1,1,1
29,1,1120,0,86,202,1,1,1
30,1,1115,0,86,196,1,1,1
31,1,1110,0,86,190,1,1,1
32,1,1105,0,86,184,1,1,1
33,1,1101,0,86,178,1,1,1
34,1,1096,0,86,174,1,1,1
35,1,1091,1,86,170,1,1,1
36,1,1086,1,86,166,1,1,1
37,1,1081,2,86,162,1,1,1
38,1,1077,3,86,158,1,1,1
39,1,1073,3,86,158,1,1,1
40,1,1069,3,86,159,1,1,1
41,1,1066,3,85,159,1,1,1
42,1,1062,3,86,160,1,1,1
43,1,1058,3,86,161,1,1,1
44,1,1055,3,85,161,1,1,1
45,1,1051,3,86,162,1,1,1
46,1,1047,3,86,163,1,1,1
47,1,1044,3,85,163,1,1,1
48,1,1040,3,86,164,1,1,1
49,1,1036,3,86,165,1,1,1
50,1,1033,3,85,165,1,1,1
51,1,1029,3,85,166,1,1,1
52,1,1025,3,86,167,1,1,1
53,1,1022,3,85,167,1,1,1
54,1,1018,3,85,168,1,1,1
55,1,1014,3,86,169,1,1,1
56,1,1011,3,85,169,1,1,1
57,1,1007,3,85,170,1,1,1
58,1,1004,4,85,170,1,1,1
59,1,1000,4,85,173,1,1,1
60,1,997,5,85,175,1,1,1
61,1,994,5,85,178,1,1,1
62,1,991,6,85,181,1,1,1
63,1,988,4,85,184,1,1,1
64,1,985,3,85,186,1,1,1
65,1,982,2,85,188,1,1,1
66,1,980,1,85,191,1,1,1
67,1,977,1,85,191,1,1,1
68,1,974,1,85,191,1,1,1
69,1,971,1,86,191,1,1,1
70,1,968,1,86,191,1,1,1
71,1,966,2,86,191,1,1,1
72,1,963,2,86,193,1,1,1
73,1,960,3,86,194,1,1,1
74,1,958,3,85,197,1,1,1
75,1,955,4,85,198,1,1,1
76,1,953,5,85,200,1,1,1
77,1,951,4,85,203,1,1,1
78,1,949,4,85,206,1,1,1
79,1,948,3,85,209,1,1,1
80,1,946,3,85,212,1,1,1
81,1,944,2,85,215,1,1,1
82,1,943,2,85,218,1,1,1
83,1,940,2,85,222,1,1,1
84,1,938,3,85,226,1,1,1
85,1,936,3,84,230,1,1,1
86,1,934,4,84,234,1,1,1
87,1,932,4,83,238,1,1,1
88,1,930,5,83,242,1,1,1
89,1,929,5,83,244,1,1,1
90,1,928,5,83,246,1,1,1
91,1,928,5,83,248,1,1,1
92,1,927,5,83,250,1,1,1
93,1,926,5,83,252,1,1,1
94,1,926,5,83,254,1,1,1
95,1,925,5,83,256,1,1,1
96,1,924,5,83,258,1,1,1
97,1,924,5,83,260,1,1,1
98,1,922,4,83,266,1,1,1
99,1,921,3,83,272,1,1,1
100,1,919,2,83,278,1,1,1
101,1,918,2,83,284,1,1,1
102,1,917,1,81,286,1,1,1
103,1,916,1,80,288,1,1,1
104,1,915,0,78,291,1,1,1
105,1,914,0,77,293,1,1,1
106,1,913,0,76,295,1,1,1
107,1,911,0,76,298,1,1,1
108,1,909,0,76,301,1,1,1
109,1,907,0,76,304,1,1,1
110,1,905,0,76,307,1,1,1
111,1,903,0,76,307,1,1,1
112,1,901,1,77,307,1,1,1
113,1,900,1,76,307,1,1,1
114,1,898,2,77,307,1,1,1
115,1,897,3,77,307,1,1,1
116,1,896,2,77,307,1,1,1
117,1,896,2,77,306,1,1,1
118,1,896,2,77,305,1,1,1
119,1,896,2,77,304,1,1,1
120,1,896,2,77,303,1,1,1
121,1,896,2,77,303,1,1,1
122,1,896,2,77,302,1,1,1
123,1,896,2,77,301,1,1,1
124,1,896,2,77,300,1,1,1
125,1,896,2,77,299,1,1,1
126,1,896,2,77,299,1,1,1
127,1,896,2,76,298,1,1,1
128,1,896,2,76,297,1,1,1
129,1,896,2,76,296,1,1,1
130,1,896,2,76,295,1,1,1
131,1,896,2,76,294,1,1,1
132,1,896,2,76,294,1,1,1
133,1,896,2,76,293,1,1,1
134,1,896,2,76,292,1,1,1
135,1,896,2,76,291,1,1,1
136,1,896,2,76,290,1,1,1
137,1,896,2,76,290,1,1,1
138,1,895,2,76,286,1,1,1
139,1,895,2,76,283,1,1,1
140,1,895,2,76,279,1,1,1
141,1,895,2,76,276,1,1,1
142,1,895,2,76,272,1,1,1
143,1,895,2,76,269,1,1,1
144,1,895,2,76,266,1,1,1
145,1,894,2,77,263,1,1,1
146,1,894,2,78,260,1,1,1
147,1,894,2,79,257,1,1,1
148,1,894,2,80,254,1,1,1
149,1,894,2,81,251,1,1,1
150,1,894,2,82,248,1,1,1
151,1,894,2,83,245,1,1,1
152,1,897,2,83,239,1,1,1
153,1,901,2,82,233,1,1,1
154,1,905,2,82,227,1,1,1
155,1,904,2,82,222,1,1,1
156,1,904,2,82,218,1,1,1
157,1,904,2,82,213,1,1,1
158,1,904,2,82,209,1,1,1
159,1,905,2,79,204,1,1,1
160,1,906,2,77,200,1,1,1
161,1,907,2,75,196,1,1,1
162,1,908,2,73,192,1,1,1
163,1,909,2,71,188,1,1,1
164,1,909,2,71,184,1,1,1
165,1,910,2,71,180,1,1,1
166,1,910,2,71,177,1,1,1
167,1,911,2,71,173,1,1,1
168,1,912,2,71,170,1,1,1
169,1,912,2,71,167,1,1,1
170,1,912,2,71,165,1,1,1
171,1,912,2,71,162,1,1,1
172,1,912,2,71,160,1,1,1
173,1,912,2,71,158,1,1,1
174,1,914,2,71,155,1,1,1
175,1,916,2,71,152,1,1,1
176,1,919,2,71,149,1,1,1
177,1,921,2,71,146,1,1,1
178,1,924,2,71,143,1,1,1
179,1,924,2,71,140,1,1,1
180,1,924,2,71,138,1,1,1
181,1,924,2,71,135,1,1,1
182,1,924,2,71,133,1,1,1
183,1,924,2,71,131,1,1,1
184,1,924,2,71,128,1,1,1
185,1,925,2,71,126,1,1,1
186,1,926,2,71,123,1,1,1
187,1,927,2,71,121,1,1,1
188,1,928,2,71,119,1,1,1
189,1,927,2,71,117,1,1,1
190,1,927,2,71,116,1,1,1
191,1,927,2,71,114,1,1,1
192,1,927,2,71,113,1,1,1
193,1,927,2,71,111,1,1,1
194,1,927,2,71,110,1,1,1
195,1,927,2,71,108,1,1,1
196,1,927,2,71,107,1,1,1
197,1,928,2,71,107,1,1,1
198,1,929,2,71,107,1,1,1
199,1,930,2,71,107,1,1,1
200,1,931,2,71,107,1,1,1
201,1,932,2,71,107,1,1,1
202,1,933,2,71,107,1,1,1
203,1,934,2,71,107,1,1,1
204,1,935,2,71,107,1,1,1
205,1,934,2,71,105,1,1,1
206,1,934,2,71,104,1,1,1
207,1,934,2,71,103,1,1,1
208,1,934,2,71,101,1,1,1
209,1,934,2,71,100,1,1,1
210,1,934,2,71,99,1,1,1
211,1,934,2,71,98,1,1,1
212,1,933,2,71,98,1,1,1
213,1,933,2,71,99,1,1,1
214,1,933,2,71,100,1,1,1
215,1,933,2,71,100,1,1,1
216,1,933,2,71,101,1,1,1
217,1,933,2,71,102,1,1,1
218,1,933,2,71,102,1,1,1
219,1,933,2,71,103,1,1,1
220,1,933,2,71,104,1,1,1
221,1,933,2,71,104,1,1,1
222,1,933,2,71,105,1,1,1
223,1,933,2,71,106,1,1,1
224,1,933,2,71,106,1,1,1
225,1,933,2,71,107,1,1,1
226,1,933,2,71,108,1,1,1
227,1,933,2,71,108,1,1,1
228,1,933,2,71,109,1,1,1
229,1,933,2,71,110,1,1,1
230,1,933,2,71,111,1,1,1
231,1,933,2,71,111,1,1,1
232,1,933,2,71,112,1,1,1
233,1,933,2,71,113,1,1,1
234,1,933,2,71,113,1,1,1
235,1,933,2,71,114,1,1,1
236,1,933,2,71,115,1,1,1
237,1,933,2,71,115,1,1,1
238,1,933,2,71,116,1,1,1
239,1,933,2,71,117,1,1,1
240,1,933,2,71,117,1,1,1
241,1,933,2,71,118,1,1,1
242,1,933,2,71,119,1,1,1
243,1,933,2,71,119,1,1,1
244,1,933,2,71,120,1,1,1
245,1,933,2,71,121,1,1,1
246,1,933,2,71,122,1,1,1
247,1,933,2,71,123,1,1,1
248,1,933,2,71,124,1,1,1
249,1,933,2,71,125,1,1,1
250,1,933,2,71,127,1,1,1
251,1,933,2,71,128,1,1,1
252,1,933,2,71,129,1,1,1
253,1,933,2,71,131,1,1,1
254,1,933,2,71,132,1,1,1
255,1,933,2,71,133,1,1,1
256,1,933,2,71,134,1,1,1
257,1,933,2,71,136,1,1,1
258,1,933,2,71,137,1,1,1
259,1,933,2,71,138,1,1,1
260,1,933,2,71,140,1,1,1
261,1,933,2,71,142,1,1,1
262,1,933,2,71,144,1,1,1
263,1,933,2,71,146,1,1,1
264,1,933,2,71,148,1,1,1
265,1,933,2,71,150,1,1,1
266,1,933,2,71,152,1,1,1
267,1,931,1,71,156,1,1,1
268,1,930,1,71,159,1,1,1
269,1,929,1,71,163,1,1,1
270,1,928,0,71,167,1,1,1
271,1,927,0,71,171,1,1,1
272,1,926,0,71,174,1,1,1
273,1,925,0,71,178,1,1,1
274,1,924,0,71,181,1,1,1
275,1,924,0,71,184,1,1,1
276,1,924,0,71,187,1,1,1
277,1,924,0,71,190,1,1,1
278,1,924,0,71,193,1,1,1
279,1,924,0,71,196,1,1,1
280,1,924,0,71,200,1,1,1
281,1,924,0,71,204,1,1,1
282,1,924,0,71,208,1,1,1
283,1,924,0,71,212,1,1,1
284,1,924,0,71,217,1,1,1
285,1,924,0,71,220,1,1,1
286,1,924,0,71,224,1,1,1
287,1,924,0,71,227,1,1,1
288,1,924,0,71,231,1,1,1
289,1,924,0,71,234,1,1,1
290,1,924,0,71,238,1,1,1
291,1,924,0,71,242,1,1,1
292,1,924,0,71,246,1,1,1
293,1,924,0,71,250,1,1,1
294,1,924,0,71,254,1,1,1
295,1,924,0,71,259,1,1,1
296,1,924,0,71,261,1,1,1
297,1,924,0,71,263,1,1,1
298,1,924,0,71,266,1,1,1
299,1,924,0,71,268,1,1,1
300,1,924,0,71,271,1,1,1
301,1,924,0,71,273,1,1,1
302,1,924,0,71,276,1,1,1
303,1,924,0,71,278,1,1,1
304,1,924,0,71,281,1,1,1
305,1,924,0,71,283,1,1,1
306,1,924,0,71,286,1,1,1
307,1,924,0,71,294,1,1,1
308,1,924,0,71,302,1,1,1
309,1,924,0,71,310,1,1,1
310,1,924,0,71,319,1,1,1
311,1,924,0,71,320,1,1,1
312,1,924,0,71,321,1,1,1
313,1,924,0,71,323,1,1,1
314,1,924,0,71,324,1,1,1
315,1,924,0,71,326,1,1,1
316,1,924,0,71,327,1,1,1
317,1,924,0,71,328,1,1,1
318,1,924,0,71,330,1,1,1
319,1,924,0,71,331,1,1,1
320,1,924,0,71,333,1,1,1
321,1,924,0,71,334,1,1,1
322,1,924,0,71,336,1,1,1
323,1,924,0,71,337,1,1,1
324,1,924,0,71,338,1,1,1
325,1,924,0,71,340,1,1,1
326,1,924,0,71,341,1,1,1
327,1,924,0,71,343,1,1,1
328,1,924,0,71,344,1,1,1
329,1,924,0,71,346,1,1,1
330,1,924,0,71,348,1,1,1
331,1,924,0,71,350,1,1,1
332,1,924,0,71,352,1,1,1
333,1,924,0,71,354,1,1,1
334,1,924,0,71,356,1,1,1
335,1,924,0,71,358,1,1,1
336,1,924,0,71,360,1,1,1
337,1,924,0,71,362,1,1,1
338,1,924,0,71,364,1,1,1
339,1,924,0,71,366,1,1,1
340,1,924,0,71,368,1,1,1
341,1,924,0,71,370,1,1,1
342,1,924,0,71,372,1,1,1
343,1,924,1,71,373,1,1,1
344,1,924,2,71,374,1,1,1
345,1,924,3,71,375,1,1,1
346,1,924,4,71,376,1,1,1
347,1,924,5,71,377,1,1,1
348,1,924,6,71,378,1,1,1
349,1,924,7,71,379,1,1,1
350,1,924,8,71,380,1,1,1
351,1,924,9,71,381,1,1,1
352,1,924,10,71,382,1,1,1
353,1,924,11,71,383,1,1,1
699,1,915,422,83,389,1,1,1
30,2,978,0,56,82,1,1,1
31,2,974,0,56,75,1,1,1
32,2,970,0,56,68,1,1,1
33,2,967,0,56,61,1,1,1
34,2,963,0,56,54,1,1,1
35,2,960,0,56,47,1,1,1
36,2,956,0,56,40,1,1,1
37,2,952,0,56,33,1,1,1
38,2,949,0,56,26,1,1,1
39,2,945,0,56,19,1,1,1
40,2,942,0,56,13,1,1,1
41,2,939,0,56,13,1,1,1
42,2,936,0,56,13,1,1,1
43,2,933,0,56,13,1,1,1
209,3,799,11,53,86,1,1,1
210,3,798,9,53,76,1,1,1
211,3,798,7,53,66,1,1,1
212,3,798,5,53,56,1,1,1
213,3,798,3,53,46,1,1,1
214,3,798,1,53,36,1,1,1
70,5,939,993,86,85,1,1,1
71,5,948,1000,77,78,1,1,1
72,5,957,1008,68,70,1,1,1
73,5,966,1016,59,62,1,1,1
74,5,966,1022,59,56,1,1,1
75,5,966,1028,59,50,1,1,1
76,5,966,1034,59,44,1,1,1
77,5,966,1040,59,38,1,1,1
78,5,966,1046,59,32,1,1,1
79,5,966,1049,59,29,1,1,1
80,5,966,1052,59,26,1,1,1
81,5,966,1055,59,23,1,1,1
82,5,966,1058,59,20,1,1,1
144,5,963,1043,59,35,1,1,1
145,5,963,1035,59,43,1,1,1
146,5,963,1027,59,51,1,1,1
147,5,963,1019,59,59,1,1,1
148,5,967,1008,59,70,1,1,1
149,5,971,997,59,81,1,1,1
150,5,975,987,59,91,1,1,1
151,5,978,976,59,97,1,1,1
152,5,981,966,59,102,1,1,1
153,5,985,955,59,108,1,1,1
154,5,988,945,59,113,1,1,1
155,5,991,934,59,119,1,1,1
396,5,1801,860,118,77,1,1,1
397,5,1817,876,102,77,1,1,1
398,5,1833,893,86,77,1,1,1
399,5,1849,910,70,77,1,1,1
400,5,1864,927,55,77,1,1,1
401,5,1879,944,40,77,1,1,1
63,6,760,1017,124,56,1,1,1
64,6,760,1026,122,48,1,1,1
65,6,761,1036,120,39,1,1,1
66,6,761,1046,118,30,1,1,1
482,6,678,1052,59,26,1,1,1
483,6,675,1037,59,40,1,1,1
484,6,672,1023,60,53,1,1,1
485,6,669,1009,60,66,1,1,1
486,6,667,995,60,79,1,1,1
487,6,664,981,60,92,1,1,1
488,6,661,967,61,105,1,1,1
489,6,658,953,61,118,1,1,1
554,6,637,9,61,98,1,1,1
555,6,637,7,61,85,1,1,1
556,6,638,5,61,72,1,1,1
557,6,638,3,62,59,1,1,1
558,6,639,1,62,46,1,1,1
0,7,1485,997,62,64,1,1,1
1,7,1479,1005,62,57,1,1,1
2,7,1474,1013,62,50,1,1,1
3,7,1468,1022,62,42,1,1,1
4,7,1463,1030,62,35,1,1,1
5,7,1457,1038,62,28,1,1,1
123,7,1078,1061,49,19,1,1,1
124,7,1077,1049,49,30,1,1,1
125,7,1077,1037,48,42,1,1,1
126,7,1077,1026,47,53,1,1,1
127,7,1076,1013,48,64,1,1,1
128,7,1076,1000,48,75,1,1,1
129,7,1075,987,49,86,1,1,1
130,7,1075,974,49,97,1,1,1
131,7,1074,961,50,108,1,1,1
132,7,1074,948,50,119,1,1,1
341,7,1473,6,50,14,1,1,1
342,7,1482,8,63,23,1,1,1
343,7,1492,10,76,33,1,1,1
344,7,1502,12,89,43,1,1,1
345,7,1511,14,102,53,1,1,1
346,7,1521,16,115,63,1,1,1
368,7,1812,322,90,71,1,1,1
369,7,1826,339,78,69,1,1,1
370,7,1841,356,65,67,1,1,1
371,7,1855,373,54,65,1,1,1
372,7,1870,390,41,63,1,1,1
373,7,1884,407,29,61,1,1,1
0,8,1230,1030,56,41,1,1,1
1,8,1224,1036,55,34,1,1,1
2,8,1218,1042,55,28,1,1,1
3,8,1212,1048,55,21,1,1,1
138,8,801,1056,55,20,1,1,1
139,8,801,1049,55,26,1,1,1
140,8,801,1043,55,32,1,1,1
141,8,801,1037,56,38,1,1,1
142,8,801,1029,56,46,1,1,1
143,8,801,1021,56,54,1,1,1
144,8,801,1013,56,62,1,1,1
145,8,802,1002,56,69,1,1,1
146,8,803,992,56,75,1,1,1
147,8,804,982,56,82,1,1,1
148,8,805,972,56,88,1,1,1
149,8,806,962,56,95,1,1,1
150,8,807,952,56,101,1,1,1
151,8,808,942,56,108,1,1,1
152,8,809,932,56,114,1,1,1
229,8,834,11,56,97,1,1,1
230,8,833,10,56,84,1,1,1
231,8,833,9,56,71,1,1,1
232,8,833,8,55,59,1,1,1
233,8,832,7,56,46,1,1,1
234,8,832,6,55,33,1,1,1
235,8,832,6,55,20,1,1,1
236,8,831,5,56,20,1,1,1
237,8,831,4,56,20,1,1,1
238,8,831,3,56,20,1,1,1
239,8,831,2,56,20,1,1,1
0,9,1341,1028,56,41,1,1,1
1,9,1337,1037,56,33,1,1,1
2,9,1333,1046,56,25,1,1,1
195,9,972,1031,56,41,1,1,1
196,9,972,1023,56,49,1,1,1
197,9,972,1015,56,57,1,1,1
198,9,972,1008,56,64,1,1,1
199,9,972,1001,56,70,1,1,1
200,9,972,994,56,77,1,1,1
201,9,972,988,56,83,1,1,1
202,9,972,981,56,88,1,1,1
203,9,973,974,56,93,1,1,1
204,9,974,968,56,97,1,1,1
205,9,975,961,56,102,1,1,1
206,9,976,955,56,107,1,1,1
207,9,977,948,56,112,1,1,1
208,9,978,941,56,117,1,1,1
209,9,979,935,56,121,1,1,1
210,9,980,928,56,126,1,1,1
399,9,1372,1001,112,62,1,1,1
400,9,1387,1010,112,55,1,1,1
401,9,1402,1020,113,47,1,1,1
402,9,1418,1030,112,40,1,1,1
403,9,1433,1040,113,32,1,1,1
221,10,1065,1042,56,32,1,1,1
222,10,1063,1034,56,39,1,1,1
223,10,1061,1027,56,46,1,1,1
224,10,1059,1020,56,53,1,1,1
225,10,1059,1013,56,60,1,1,1
226,10,1059,1007,56,66,1,1,1
227,10,1059,1000,56,73,1,1,1
228,10,1059,994,56,79,1,1,1
229,10,1058,987,56,85,1,1,1
230,10,1058,981,56,91,1,1,1
231,10,1058,975,56,97,1,1,1
232,10,1058,969,56,103,1,1,1
233,10,1058,963,56,109,1,1,1
389,10,1029,990,53,76,1,1,1
390,10,1029,992,53,74,1,1,1
391,10,1029,995,53,71,1,1,1
392,10,1029,998,53,68,1,1,1
393,10,1029,1001,53,65,1,1,1
394,10,1029,1006,53,60,1,1,1
395,10,1029,1011,53,55,1,1,1
396,10,1029,1016,53,50,1,1,1
397,10,1029,1021,53,45,1,1,1
398,10,1029,1026,53,40,1,1,1
399,10,1029,1029,53,37,1,1,1
400,10,1029,1032,53,34,1,1,1
401,10,1029,1036,53,30,1,1,1
402,10,1029,1039,53,27,1,1,1
403,10,1029,1043,53,23,1,1,1
404,10,1031,1044,53,23,1,1,1
405,10,1034,1046,53,23,1,1,1
406,10,1036,1047,53,23,1,1,1
407,10,1039,1049,53,23,1,1,1
408,10,1042,1051,53,23,1,1,1
409,10,1042,1051,53,23,1,1,1
410,10,1042,1051,53,23,1,1,1
411,10,1042,1051,53,23,1,1,1
412,10,1042,1051,53,23,1,1,1
413,10,1042,1051,53,23,1,1,1
414,10,1042,1051,53,23,1,1,1
415,10,1042,1051,53,23,1,1,1
416,10,1042,1051,53,23,1,1,1
417,10,1042,1051,53,23,1,1,1
418,10,1042,1051,53,23,1,1,1
419,10,1042,1051,53,23,1,1,1
629,10,868,1048,53,23,1,1,1
630,10,867,1046,53,24,1,1,1
631,10,867,1044,53,26,1,1,1
632,10,867,1042,53,28,1,1,1
633,10,867,1041,53,29,1,1,1
634,10,867,1034,53,35,1,1,1
635,10,867,1027,53,42,1,1,1
636,10,867,1020,53,49,1,1,1
637,10,867,1013,53,56,1,1,1
638,10,867,1002,53,67,1,1,1
639,10,867,992,53,77,1,1,1
640,10,867,982,53,87,1,1,1
641,10,867,971,53,98,1,1,1
642,10,867,961,53,108,1,1,1
643,10,867,951,53,118,1,1,1
218,11,774,1053,58,18,1,1,1
219,11,772,1035,58,36,1,1,1
220,11,771,1017,58,54,1,1,1
221,11,769,999,59,72,1,1,1
222,11,768,981,58,90,1,1,1
223,11,766,963,59,108,1,1,1
273,11,719,10,58,90,1,1,1
274,11,718,7,58,73,1,1,1
275,11,718,5,58,56,1,1,1
276,11,717,2,59,39,1,1,1
320,12,861,1038,44,35,1,1,1
321,12,860,1028,44,45,1,1,1
322,12,859,1018,44,55,1,1,1
323,12,858,1009,44,65,1,1,1
324,12,859,999,44,75,1,1,1
325,12,860,989,44,85,1,1,1
326,12,861,979,44,95,1,1,1
327,12,863,970,44,104,1,1,1
328,12,863,963,44,108,1,1,1
329,12,863,956,44,112,1,1,1
433,12,895,12,48,88,1,1,1
434,12,895,10,48,78,1,1,1
435,12,896,9,48,68,1,1,1
436,12,897,8,48,57,1,1,1
437,12,898,7,47,47,1,1,1
438,12,899,6,47,36,1,1,1
257,13,1119,1050,60,20,1,1,1
258,13,1119,1046,60,24,1,1,1
259,13,1119,1042,61,28,1,1,1
260,13,1119,1038,62,32,1,1,1
261,13,1115,1031,62,38,1,1,1
262,13,1111,1025,62,44,1,1,1
263,13,1107,1019,62,50,1,1,1
264,13,1106,1013,62,56,1,1,1
265,13,1106,1007,62,62,1,1,1
266,13,1105,1001,62,68,1,1,1
267,13,1105,995,62,74,1,1,1
268,13,1103,988,62,80,1,1,1
269,13,1102,982,62,86,1,1,1
270,13,1100,976,62,92,1,1,1
271,13,1099,970,62,98,1,1,1
272,13,1099,965,62,102,1,1,1
273,13,1099,961,62,105,1,1,1
274,13,1099,956,62,109,1,1,1
275,13,1099,952,62,112,1,1,1
276,13,1099,947,62,116,1,1,1
372,13,1184,969,62,98,1,1,1
373,13,1187,974,61,92,1,1,1
374,13,1190,980,61,86,1,1,1
375,13,1193,986,61,80,1,1,1
376,13,1196,992,61,74,1,1,1
377,13,1202,999,61,67,1,1,1
378,13,1209,1007,61,60,1,1,1
379,13,1215,1014,61,54,1,1,1
380,13,1222,1022,61,47,1,1,1
381,13,1228,1031,61,39,1,1,1
382,13,1234,1041,61,30,1,1,1
312,14,993,1050,42,15,1,1,1
313,14,993,1049,42,16,1,1,1
314,14,993,1048,42,17,1,1,1
315,14,993,1048,43,17,1,1,1
316,14,993,1047,43,18,1,1,1
317,14,993,1047,44,19,1,1,1
318,14,993,1043,44,22,1,1,1
319,14,993,1040,44,25,1,1,1
320,14,993,1036,44,29,1,1,1
321,14,993,1033,44,32,1,1,1
322,14,991,1030,44,35,1,1,1
323,14,990,1028,44,38,1,1,1
324,14,988,1026,44,41,1,1,1
325,14,987,1024,44,44,1,1,1
326,14,986,1024,44,44,1,1,1
327,14,985,1024,44,44,1,1,1
328,14,985,1024,44,44,1,1,1
329,14,984,1024,44,44,1,1,1
330,14,984,1024,44,44,1,1,1
331,14,983,1021,44,47,1,1,1
332,14,982,1019,44,49,1,1,1
333,14,981,1017,44,51,1,1,1
334,14,980,1015,44,53,1,1,1
335,14,979,1013,44,56,1,1,1
336,14,977,1012,44,56,1,1,1
337,14,976,1011,44,57,1,1,1
338,14,975,1010,44,57,1,1,1
339,14,974,1009,44,58,1,1,1
340,14,973,1008,44,58,1,1,1
341,14,972,1008,44,58,1,1,1
342,14,970,1007,44,59,1,1,1
343,14,968,1007,44,59,1,1,1
344,14,967,1007,44,59,1,1,1
345,14,965,1007,44,59,1,1,1
346,14,963,1007,44,59,1,1,1
347,14,962,1007,44,59,1,1,1
348,14,960,1005,44,60,1,1,1
349,14,959,1003,44,62,1,1,1
350,14,957,1001,44,64,1,1,1
351,14,956,999,44,66,1,1,1
352,14,955,997,44,68,1,1,1
353,14,953,995,44,70,1,1,1
354,14,952,994,44,71,1,1,1
355,14,950,992,44,73,1,1,1
356,14,949,991,44,74,1,1,1
357,14,947,989,44,76,1,1,1
358,14,946,988,44,77,1,1,1
359,14,944,986,44,78,1,1,1
360,14,943,984,44,80,1,1,1
361,14,941,982,44,82,1,1,1
362,14,940,981,44,83,1,1,1
363,14,939,978,44,85,1,1,1
364,14,939,976,44,87,1,1,1
365,14,939,973,44,90,1,1,1
366,14,939,971,44,92,1,1,1
367,14,939,968,44,95,1,1,1
368,14,939,965,44,98,1,1,1
369,14,939,962,44,101,1,1,1
370,14,937,962,44,101,1,1,1
371,14,935,962,44,101,1,1,1
372,14,933,963,44,101,1,1,1
373,14,933,959,44,106,1,1,1
374,14,933,956,44,111,1,1,1
526,14,791,12,43,103,1,1,1
527,14,790,10,43,95,1,1,1
528,14,790,9,43,87,1,1,1
529,14,790,8,43,78,1,1,1
530,14,790,7,43,70,1,1,1
531,14,790,6,43,61,1,1,1
532,14,790,5,43,53,1,1,1
533,14,789,5,43,42,1,1,1
534,14,789,5,42,31,1,1,1
422,15,717,1055,57,16,1,1,1
423,15,715,1019,56,44,1,1,1
424,15,714,983,55,72,1,1,1
425,15,712,947,54,100,1,1,1
452,15,676,18,58,91,1,1,1
453,15,674,15,59,67,1,1,1
454,15,673,13,59,42,1,1,1
448,16,856,1047,56,24,1,1,1
449,16,856,1041,55,30,1,1,1
450,16,856,1036,55,35,1,1,1
451,16,856,1031,55,40,1,1,1
452,16,856,1026,55,46,1,1,1
453,16,855,1017,55,54,1,1,1
454,16,855,1009,54,62,1,1,1
455,16,855,1001,53,69,1,1,1
456,16,855,993,53,77,1,1,1
457,16,853,987,53,82,1,1,1
458,16,851,981,53,87,1,1,1
459,16,849,976,53,92,1,1,1
460,16,845,970,53,97,1,1,1
461,16,842,964,53,102,1,1,1
462,16,839,958,53,107,1,1,1
463,16,836,953,53,111,1,1,1
464,16,833,948,53,115,1,1,1
628,16,788,12,53,85,1,1,1
629,16,788,12,53,78,1,1,1
630,16,789,12,53,71,1,1,1
631,16,789,12,53,64,1,1,1
632,16,790,13,53,56,1,1,1
633,16,790,13,53,49,1,1,1
634,16,791,13,53,42,1,1,1
635,16,792,14,53,35,1,1,1
636,16,792,13,53,34,1,1,1
637,16,792,13,53,32,1,1,1
638,16,792,13,53,31,1,1,1
639,16,792,13,53,29,1,1,1
640,16,792,13,53,28,1,1,1
641,16,792,13,53,26,1,1,1
642,16,792,13,53,24,1,1,1
643,16,792,13,53,23,1,1,1
644,16,792,13,53,21,1,1,1
515,17,772,1055,48,18,1,1,1
516,17,772,1052,47,21,1,1,1
517,17,772,1049,47,24,1,1,1
518,17,772,1046,47,27,1,1,1
519,17,772,1044,47,29,1,1,1
520,17,771,1040,47,33,1,1,1
521,17,771,1037,47,36,1,1,1
522,17,771,1033,47,40,1,1,1
523,17,771,1030,47,43,1,1,1
524,17,771,1026,47,46,1,1,1
525,17,771,1023,47,49,1,1,1
526,17,771,1019,47,53,1,1,1
527,17,771,1016,47,56,1,1,1
528,17,771,1013,47,59,1,1,1
529,17,771,1010,47,62,1,1,1
530,17,771,1007,47,65,1,1,1
531,17,771,1004,47,68,1,1,1
532,17,771,999,48,73,1,1,1
533,17,771,995,50,77,1,1,1
534,17,771,990,51,82,1,1,1
535,17,771,986,53,86,1,1,1
536,17,771,982,53,90,1,1,1
537,17,771,979,53,93,1,1,1
538,17,771,976,53,97,1,1,1
539,17,771,971,53,102,1,1,1
540,17,771,966,53,107,1,1,1
541,17,771,961,53,112,1,1,1
542,17,771,956,53,117,1,1,1
667,17,789,37,53,88,1,1,1
668,17,787,32,53,79,1,1,1
669,17,786,27,53,70,1,1,1
670,17,785,22,53,62,1,1,1
671,17,783,17,53,53,1,1,1
672,17,782,12,53,44,1,1,1
559,18,550,1047,54,23,1,1,1
560,18,550,1031,54,38,1,1,1
561,18,551,1015,54,54,1,1,1
562,18,552,999,54,70,1,1,1
563,18,553,983,53,85,1,1,1
564,18,554,967,53,101,1,1,1
624,18,550,16,50,84,1,1,1
625,18,549,14,50,72,1,1,1
626,18,549,12,50,61,1,1,1
627,18,549,10,50,49,1,1,1
628,18,549,8,50,38,1,1,1
629,18,549,6,50,26,1,1,1
670,19,787,1056,45,11,1,1,1
671,19,785,1044,45,22,1,1,1
672,19,784,1032,44,34,1,1,1
673,19,782,1021,44,45,1,1,1
674,19,781,1009,43,57,1,1,1
675,19,779,998,43,67,1,1,1
676,19,778,986,42,79,1,1,1
677,19,776,975,42,90,1,1,1
678,19,775,963,41,102,1,1,1
513,20,540,1053,52,20,1,1,1
514,20,539,1036,52,31,1,1,1
515,20,539,1020,52,42,1,1,1
516,20,538,1003,52,54,1,1,1
517,20,538,987,52,65,1,1,1
518,20,537,970,53,77,1,1,1
519,20,537,954,52,88,1,1,1
520,20,536,937,53,100,1,1,1
576,20,540,22,53,90,1,1,1
577,20,540,19,53,76,1,1,1
578,20,540,17,53,61,1,1,1
579,20,540,15,53,46,1,1,1
580,20,540,13,53,31,1,1,1
378,21,1234,8,83,33,1,1,1
379,21,1227,8,87,47,1,1,1
380,21,1221,9,91,60,1,1,1
381,21,1215,10,95,74,1,1,1
382,21,1209,11,98,87,1,1,1
383,21,1203,12,102,101,1,1,1
384,21,1197,13,106,114,1,1,1
616,21,943,948,68,116,1,1,1
617,21,942,952,68,111,1,1,1
618,21,942,956,68,107,1,1,1
619,21,942,960,68,103,1,1,1
620,21,942,967,68,96,1,1,1
621,21,942,974,68,89,1,1,1
622,21,942,981,68,82,1,1,1
623,21,942,989,68,74,1,1,1
624,21,942,994,68,69,1,1,1
625,21,942,999,68,64,1,1,1
626,21,942,1004,68,59,1,1,1
627,21,942,1010,68,53,1,1,1
628,21,945,1017,68,47,1,1,1
629,21,948,1024,68,41,1,1,1
630,21,951,1032,68,34,1,1,1
631,21,951,1034,68,31,1,1,1
632,21,951,1037,68,28,1,1,1
633,21,951,1039,68,26,1,1,1
634,21,951,1042,68,23,1,1,1
635,21,951,1045,68,20,1,1,1
636,21,951,1043,68,21,1,1,1
637,21,952,1042,68,22,1,1,1
638,21,952,1040,68,24,1,1,1
639,21,953,1039,68,25,1,1,1
640,21,953,1037,68,27,1,1,1
641,21,954,1036,68,28,1,1,1
642,21,955,1034,68,30,1,1,1
643,21,955,1033,68,31,1,1,1
644,21,956,1031,68,33,1,1,1
645,21,956,1030,68,34,1,1,1
646,21,957,1028,68,36,1,1,1
647,21,957,1027,68,37,1,1,1
648,21,958,1025,68,39,1,1,1
649,21,959,1024,68,40,1,1,1
650,21,959,1022,68,42,1,1,1
651,21,960,1021,68,43,1,1,1
652,21,960,1019,68,45,1,1,1
653,21,961,1018,68,46,1,1,1
654,21,961,1016,68,48,1,1,1
655,21,962,1015,68,49,1,1,1
656,21,963,1014,68,50,1,1,1
657,21,963,1009,68,54,1,1,1
658,21,963,1004,68,59,1,1,1
659,21,963,999,68,64,1,1,1
660,21,963,995,68,68,1,1,1
661,21,961,991,68,73,1,1,1
662,21,960,987,68,79,1,1,1
663,21,958,983,68,84,1,1,1
664,21,957,980,68,89,1,1,1
665,21,957,974,68,94,1,1,1
666,21,957,969,68,98,1,1,1
667,21,957,964,68,102,1,1,1
668,21,957,959,68,107,1,1,1
669,21,955,958,68,107,1,1,1
670,21,954,957,68,107,1,1,1
671,21,952,957,68,107,1,1,1
672,21,951,956,68,107,1,1,1
673,21,950,956,68,107,1,1,1
674,21,947,954,68,107,1,1,1
675,21,944,952,68,107,1,1,1
676,21,941,951,68,107,1,1,1
677,21,940,951,68,107,1,1,1
678,21,939,951,68,107,1,1,1
679,21,938,951,68,107,1,1,1
680,21,937,951,68,107,1,1,1
681,21,936,951,68,107,1,1,1
682,21,935,951,68,107,1,1,1
683,21,930,955,67,103,1,1,1
684,21,925,959,67,99,1,1,1
685,21,920,964,67,94,1,1,1
686,21,919,966,67,92,1,1,1
687,21,919,968,67,90,1,1,1
688,21,919,970,67,88,1,1,1
689,21,919,973,67,85,1,1,1
690,21,918,978,66,79,1,1,1
691,21,918,983,64,74,1,1,1
692,21,918,989,62,68,1,1,1
693,21,918,992,62,65,1,1,1
694,21,918,995,62,62,1,1,1
695,21,918,998,62,59,1,1,1
696,21,918,1000,59,57,1,1,1
697,21,918,1002,57,55,1,1,1
698,21,918,1004,55,53,1,1,1
699,21,918,1007,53,50,1,1,1
462,22,1038,972,65,88,1,1,1
463,22,1033,980,65,80,1,1,1
464,22,1028,988,65,73,1,1,1
465,22,1024,997,65,65,1,1,1
466,22,1020,1006,65,55,1,1,1
467,22,1016,1016,65,45,1,1,1
468,22,1012,1026,65,35,1,1,1
469,22,1006,1029,65,30,1,1,1
470,22,1001,1033,65,25,1,1,1
663,22,870,1043,65,20,1,1,1
664,22,870,1037,65,26,1,1,1
665,22,870,1031,65,32,1,1,1
666,22,870,1025,65,38,1,1,1
667,22,868,1015,65,49,1,1,1
668,22,867,1005,65,60,1,1,1
669,22,866,995,65,71,1,1,1
670,22,863,987,65,79,1,1,1
671,22,861,980,65,86,1,1,1
672,22,859,973,65,94,1,1,1
673,22,857,966,65,98,1,1,1
674,22,855,959,65,103,1,1,1
675,22,853,953,65,107,1,1,1
676,22,851,946,65,114,1,1,1
677,22,849,940,65,120,1,1,1
678,22,847,934,65,126,1,1,1
679,22,845,927,65,133,1,1,1
680,22,843,921,65,139,1,1,1
366,23,1875,8,30,43,1,1,1
367,23,1867,23,38,46,1,1,1
368,23,1859,39,46,48,1,1,1
369,23,1851,55,54,50,1,1,1
370,23,1843,70,62,53,1,1,1
371,23,1835,86,70,55,1,1,1
372,23,1828,102,77,58,1,1,1
373,23,1820,118,85,60,1,1,1
374,23,1812,133,93,63,1,1,1
375,23,1804,149,101,65,1,1,1
376,23,1796,165,109,67,1,1,1
395,24,1868,548,38,53,1,1,1
396,24,1860,565,43,53,1,1,1
397,24,1853,582,48,53,1,1,1
398,24,1846,600,53,53,1,1,1
399,24,1838,618,60,53,1,1,1
400,24,1831,637,67,53,1,1,1
401,24,1824,656,74,53,1,1,1
402,24,1815,671,85,57,1,1,1
403,24,1806,687,96,61,1,1,1
404,24,1797,702,108,66,1,1,1
405,24,1788,718,119,70,1,1,1
423,24,1602,989,126,72,1,1,1
424,24,1582,997,121,67,1,1,1
425,24,1563,1005,115,62,1,1,1
140,31,1771,7,104,41,1,1,1
141,31,1771,7,103,54,1,1,1
142,31,1771,7,103,67,1,1,1
143,31,1771,7,103,80,1,1,1
144,31,1771,7,103,93,1,1,1
145,31,1771,7,103,106,1,1,1
146,31,1771,7,103,119,1,1,1
147,31,1771,7,103,132,1,1,1
148,31,1771,7,103,145,1,1,1
149,31,1771,7,103,158,1,1,1
150,31,1771,7,103,171,1,1,1
151,31,1772,8,104,182,1,1,1
152,31,1773,9,105,193,1,1,1
153,31,1774,11,106,203,1,1,1
154,31,1775,12,107,214,1,1,1
155,31,1776,14,108,224,1,1,1
156,31,1777,15,109,235,1,1,1
157,31,1778,16,110,246,1,1,1
158,31,1779,18,111,256,1,1,1
159,31,1780,19,112,267,1,1,1
160,31,1781,21,113,277,1,1,1
161,31,1782,22,114,288,1,1,1
179,31,1800,276,107,283,1,1,1
180,31,1801,292,107,283,1,1,1
181,31,1802,309,107,283,1,1,1
182,31,1803,326,107,283,1,1,1
183,31,1808,343,99,282,1,1,1
184,31,1813,360,92,282,1,1,1
185,31,1819,377,84,282,1,1,1
186,31,1821,395,84,282,1,1,1
187,31,1823,414,84,282,1,1,1
188,31,1825,433,84,282,1,1,1
189,31,1825,451,84,282,1,1,1
190,31,1825,469,84,282,1,1,1
191,31,1825,487,84,282,1,1,1
192,31,1825,505,84,282,1,1,1
193,31,1827,521,81,282,1,1,1
194,31,1829,538,78,282,1,1,1
195,31,1831,554,75,282,1,1,1
196,31,1833,571,72,282,1,1,1
197,31,1834,588,70,282,1,1,1
198,31,1835,606,69,282,1,1,1
199,31,1837,623,67,282,1,1,1
200,31,1838,641,66,282,1,1,1
201,31,1840,659,64,282,1,1,1
202,31,1840,678,64,282,1,1,1
203,31,1840,697,64,282,1,1,1
204,31,1841,716,63,282,1,1,1
205,31,1841,735,63,282,1,1,1
206,31,1842,754,63,282,1,1,1
207,31,1842,767,62,273,1,1,1
208,31,1842,780,62,264,1,1,1
209,31,1842,793,62,255,1,1,1
210,31,1842,806,62,246,1,1,1
211,31,1842,826,62,226,1,1,1
212,31,1842,846,62,206,1,1,1
213,31,1842,867,62,186,1,1,1
214,31,1842,885,62,167,1,1,1
215,31,1842,904,62,148,1,1,1
216,31,1842,922,62,130,1,1,1
217,31,1842,941,62,111,1,1,1
218,31,1842,962,62,90,1,1,1
219,31,1842,983,62,69,1,1,1
220,31,1842,1004,62,48,1,1,1
166,32,1781,7,95,34,1,1,1
167,32,1781,7,97,48,1,1,1
168,32,1782,7,98,63,1,1,1
169,32,1783,7,100,77,1,1,1
170,32,1784,8,101,91,1,1,1
171,32,1785,8,103,105,1,1,1
172,32,1786,8,104,120,1,1,1
173,32,1787,8,106,134,1,1,1
174,32,1788,9,107,148,1,1,1
175,32,1789,9,109,162,1,1,1
176,32,1790,9,110,177,1,1,1
177,32,1791,10,112,191,1,1,1
178,32,1792,9,112,207,1,1,1
179,32,1793,8,112,223,1,1,1
180,32,1794,7,112,239,1,1,1
181,32,1795,7,112,254,1,1,1
182,32,1796,6,112,270,1,1,1
183,32,1797,5,112,286,1,1,1
190,32,1803,101,111,303,1,1,1
191,32,1804,118,108,303,1,1,1
192,32,1805,136,106,303,1,1,1
193,32,1807,154,103,303,1,1,1
194,32,1807,172,101,303,1,1,1
195,32,1808,191,99,303,1,1,1
196,32,1809,209,97,303,1,1,1
197,32,1810,228,95,303,1,1,1
198,32,1810,245,95,303,1,1,1
199,32,1811,262,95,303,1,1,1
200,32,1811,280,95,303,1,1,1
201,32,1812,297,95,303,1,1,1
202,32,1813,315,95,303,1,1,1
203,32,1814,334,95,303,1,1,1
204,32,1815,353,95,303,1,1,1
205,32,1816,372,95,303,1,1,1
206,32,1817,391,95,303,1,1,1
207,32,1818,411,95,303,1,1,1
208,32,1819,430,93,303,1,1,1
209,32,1820,449,92,303,1,1,1
210,32,1822,469,89,303,1,1,1
211,32,1823,488,88,303,1,1,1
212,32,1825,508,86,303,1,1,1
213,32,1826,525,84,299,1,1,1
214,32,1827,542,83,296,1,1,1
215,32,1828,559,82,292,1,1,1
216,32,1829,576,81,289,1,1,1
217,32,1831,593,79,286,1,1,1
218,32,1831,613,79,286,1,1,1
219,32,1831,634,79,286,1,1,1
220,32,1831,655,79,286,1,1,1
221,32,1831,675,79,286,1,1,1
222,32,1831,696,79,286,1,1,1
223,32,1832,717,79,286,1,1,1
224,32,1832,732,79,287,1,1,1
225,32,1833,748,79,287,1,1,1
226,32,1833,764,79,287,1,1,1
227,32,1834,780,79,287,1,1,1
228,32,1834,803,78,264,1,1,1
229,32,1834,826,78,241,1,1,1
230,32,1834,850,78,218,1,1,1
231,32,1834,869,78,199,1,1,1
232,32,1834,888,78,180,1,1,1
233,32,1834,907,78,161,1,1,1
234,32,1834,926,78,142,1,1,1
235,32,1834,945,78,123,1,1,1
236,32,1834,965,78,103,1,1,1
237,32,1834,981,78,87,1,1,1
238,32,1834,998,78,70,1,1,1
239,32,1834,1014,78,54,1,1,1
240,32,1834,1031,78,37,1,1,1
247,33,1791,9,96,43,1,1,1
248,33,1791,9,98,60,1,1,1
249,33,1791,9,100,77,1,1,1
250,33,1791,9,103,94,1,1,1
251,33,1791,9,105,111,1,1,1
252,33,1791,9,107,128,1,1,1
253,33,1791,9,110,145,1,1,1
254,33,1791,9,112,162,1,1,1
255,33,1791,9,115,180,1,1,1
256,33,1791,9,115,199,1,1,1
257,33,1791,9,115,219,1,1,1
258,33,1791,9,115,239,1,1,1
259,33,1791,9,115,259,1,1,1
260,33,1791,9,115,279,1,1,1
261,33,1791,9,115,299,1,1,1
262,33,1791,9,115,319,1,1,1
263,33,1791,9,115,339,1,1,1
264,33,1791,9,115,359,1,1,1
265,33,1791,9,115,379,1,1,1
266,33,1791,9,115,399,1,1,1
267,33,1791,18,115,409,1,1,1
268,33,1791,28,115,418,1,1,1
269,33,1791,37,115,428,1,1,1
270,33,1791,47,115,437,1,1,1
271,33,1791,57,115,447,1,1,1
272,33,1791,76,115,447,1,1,1
273,33,1792,96,115,447,1,1,1
274,33,1792,116,115,447,1,1,1
275,33,1793,136,115,447,1,1,1
276,33,1793,156,115,447,1,1,1
277,33,1794,176,115,447,1,1,1
278,33,1795,196,115,447,1,1,1
279,33,1794,216,115,447,1,1,1
280,33,1794,236,115,447,1,1,1
281,33,1794,256,115,447,1,1,1
282,33,1794,276,115,447,1,1,1
283,33,1794,296,115,447,1,1,1
284,33,1794,316,115,447,1,1,1
285,33,1794,336,115,447,1,1,1
286,33,1794,356,115,447,1,1,1
287,33,1794,376,115,447,1,1,1
288,33,1794,396,115,447,1,1,1
289,33,1794,416,115,447,1,1,1
290,33,1794,436,115,447,1,1,1
291,33,1795,457,115,447,1,1,1
292,33,1796,478,115,447,1,1,1
293,33,1796,499,115,447,1,1,1
294,33,1797,520,115,447,1,1,1
295,33,1798,541,115,447,1,1,1
296,33,1798,559,114,439,1,1,1
297,33,1798,578,114,430,1,1,1
298,33,1798,597,114,421,1,1,1
299,33,1798,616,114,412,1,1,1
300,33,1798,635,114,403,1,1,1
301,33,1798,654,114,394,1,1,1
302,33,1798,673,114,385,1,1,1
303,33,1798,692,114,376,1,1,1
304,33,1798,711,114,357,1,1,1
305,33,1798,731,114,337,1,1,1
306,33,1798,751,114,317,1,1,1
307,33,1798,771,114,297,1,1,1
308,33,1798,791,114,277,1,1,1
309,33,1798,811,114,257,1,1,1
310,33,1798,831,114,237,1,1,1
311,33,1798,851,114,218,1,1,1
312,33,1798,869,114,199,1,1,1
313,33,1798,888,114,180,1,1,1
314,33,1798,907,114,161,1,1,1
315,33,1798,926,114,142,1,1,1
316,33,1798,945,114,123,1,1,1
317,33,1798,964,114,104,1,1,1
318,33,1798,983,114,85,1,1,1
319,33,1798,1002,114,66,1,1,1
320,33,1798,1021,114,47,1,1,1
410,35,1244,5,51,35,1,1,1
411,35,1244,5,52,53,1,1,1
412,35,1244,5,53,71,1,1,1
413,35,1244,5,55,89,1,1,1
414,35,1244,5,56,107,1,1,1
466,35,1193,951,59,108,1,1,1
467,35,1190,968,59,93,1,1,1
468,35,1188,985,58,78,1,1,1
469,35,1185,1002,59,63,1,1,1
470,35,1183,1019,58,48,1,1,1
471,35,1180,1036,58,33,1,1,1
438,36,1180,5,22,19,1,1,1
439,36,1180,5,22,24,1,1,1
440,36,1180,5,22,29,1,1,1
441,36,1180,5,22,35,1,1,1
442,36,1180,5,22,40,1,1,1
613,36,1103,1036,23,35,1,1,1
614,36,1103,1042,23,29,1,1,1
615,36,1103,1049,23,22,1,1,1
423,39,1197,3,48,18,1,1,1
424,39,1197,4,53,34,1,1,1
425,39,1198,5,58,51,1,1,1
426,39,1199,6,63,67,1,1,1
427,39,1199,7,68,84,1,1,1
428,39,1200,8,73,100,1,1,1
474,39,1126,840,78,105,1,1,1
475,39,1129,859,74,84,1,1,1
476,39,1133,878,69,64,1,1,1
477,39,1137,897,64,43,1,1,1
472,40,1891,397,23,100,1,1,1
473,40,1891,415,23,100,1,1,1
474,40,1891,434,23,100,1,1,1
475,40,1891,453,23,100,1,1,1
476,40,1890,471,23,103,1,1,1
477,40,1889,490,24,106,1,1,1
478,40,1888,508,24,109,1,1,1
479,40,1887,527,25,112,1,1,1
480,40,1886,546,26,115,1,1,1
481,40,1882,572,29,115,1,1,1
482,40,1878,598,33,115,1,1,1
483,40,1875,624,36,115,1,1,1
484,40,1873,643,37,112,1,1,1
485,40,1872,662,38,110,1,1,1
486,40,1871,681,39,108,1,1,1
487,40,1870,700,40,106,1,1,1
488,40,1869,720,41,103,1,1,1
489,40,1868,739,42,100,1,1,1
490,40,1867,758,42,98,1,1,1
491,40,1866,777,43,96,1,1,1
492,40,1865,796,44,94,1,1,1
493,40,1864,816,45,91,1,1,1
494,40,1863,835,46,88,1,1,1
495,40,1862,854,47,86,1,1,1
496,40,1861,873,48,84,1,1,1
497,40,1860,892,48,82,1,1,1
498,40,1859,912,49,79,1,1,1
499,40,1858,931,50,76,1,1,1
500,40,1857,950,51,74,1,1,1
501,40,1856,969,52,72,1,1,1
502,40,1855,988,53,70,1,1,1
503,40,1854,1008,54,67,1,1,1
504,40,1854,1026,54,49,1,1,1
505,40,1854,1045,54,30,1,1,1
474,41,1881,282,28,120,1,1,1
475,41,1880,300,28,120,1,1,1
476,41,1880,318,28,120,1,1,1
477,41,1880,336,28,120,1,1,1
478,41,1876,354,32,120,1,1,1
479,41,1872,373,36,119,1,1,1
480,41,1869,392,39,119,1,1,1
481,41,1868,417,40,119,1,1,1
482,41,1867,443,41,118,1,1,1
483,41,1866,469,42,118,1,1,1
484,41,1865,487,43,117,1,1,1
485,41,1864,505,44,117,1,1,1
486,41,1863,523,45,116,1,1,1
487,41,1862,541,46,116,1,1,1
488,41,1860,560,48,116,1,1,1
489,41,1858,580,50,116,1,1,1
490,41,1856,600,52,115,1,1,1
509,41,1842,970,55,103,1,1,1
510,41,1841,987,55,85,1,1,1
511,41,1841,1005,55,66,1,1,1
512,41,1841,1022,55,48,1,1,1
513,41,1841,1040,55,29,1,1,1
475,42,1871,120,31,115,1,1,1
476,42,1867,140,37,115,1,1,1
477,42,1864,161,42,115,1,1,1
478,42,1861,182,48,115,1,1,1
479,42,1860,202,48,115,1,1,1
480,42,1859,223,48,115,1,1,1
481,42,1859,244,48,115,1,1,1
482,42,1859,266,48,115,1,1,1
483,42,1859,289,48,115,1,1,1
484,42,1860,312,48,115,1,1,1
485,42,1859,331,47,119,1,1,1
486,42,1858,351,47,123,1,1,1
487,42,1857,371,47,127,1,1,1
488,42,1855,390,50,127,1,1,1
489,42,1853,409,53,127,1,1,1
490,42,1852,428,56,127,1,1,1
491,42,1850,447,59,127,1,1,1
518,42,1833,968,63,111,1,1,1
519,42,1833,987,63,91,1,1,1
520,42,1833,1006,63,72,1,1,1
521,42,1833,1026,63,52,1,1,1
522,42,1834,1035,62,40,1,1,1
523,42,1835,1045,62,27,1,1,1
527,43,1830,955,55,107,1,1,1
528,43,1829,972,56,92,1,1,1
529,43,1829,989,57,77,1,1,1
530,43,1829,1006,57,62,1,1,1
531,43,1829,1023,58,47,1,1,1
608,44,1558,7,114,28,1,1,1
609,44,1558,9,114,37,1,1,1
610,44,1558,12,115,46,1,1,1
619,45,1323,8,119,22,1,1,1
620,45,1321,6,119,33,1,1,1
621,45,1320,5,119,44,1,1,1
619,46,1484,4,98,17,1,1,1
620,46,1484,4,103,35,1,1,1
621,46,1484,4,108,53,1,1,1
618,47,1614,7,121,21,1,1,1
619,47,1614,7,120,33,1,1,1
620,47,1614,7,119,45,1,1,1
611,48,1798,4,28,20,1,1,1
612,48,1802,19,28,21,1,1,1
613,48,1807,34,27,22,1,1,1
638,48,1885,476,27,26,1,1,1
639,48,1885,488,27,26,1,1,1
640,48,1886,500,27,26,1,1,1
641,48,1887,512,27,27,1,1,1
642,48,1888,524,27,27,1,1,1
618,49,1482,4,26,17,1,1,1
619,49,1481,20,26,17,1,1,1
620,49,1481,36,25,18,1,1,1
621,49,1480,52,26,19,1,1,1
622,49,1480,69,25,19,1,1,1
623,49,1479,85,26,20,1,1,1
624,49,1479,101,25,20,1,1,1
625,49,1478,118,25,20,1,1,1
626,49,1478,134,25,21,1,1,1
627,49,1477,150,25,22,1,1,1
628,49,1477,167,25,22,1,1,1
629,49,1477,183,24,22,1,1,1
630,49,1476,199,24,23,1,1,1
631,49,1476,215,24,24,1,1,1
632,49,1475,232,24,24,1,1,1
633,49,1475,248,24,25,1,1,1
634,49,1474,264,24,25,1,1,1
635,49,1474,281,23,25,1,1,1
636,49,1473,297,24,26,1,1,1
637,49,1473,313,23,27,1,1,1
637,52,1106,5,70,51,1,1,1
638,52,1106,5,72,63,1,1,1
639,52,1106,5,74,75,1,1,1
640,52,1106,5,76,87,1,1,1
641,52,1106,5,79,99,1,1,1
642,52,1107,5,79,111,1,1,1
643,52,1108,5,79,123,1,1,1
644,52,1110,5,78,135,1,1,1
645,52,1109,5,78,143,1,1,1
646,52,1108,5,78,152,1,1,1
647,52,1107,5,78,160,1,1,1
648,52,1106,5,78,169,1,1,1
649,52,1106,5,78,178,1,1,1
650,52,1108,6,78,184,1,1,1
651,52,1110,7,78,191,1,1,1
652,52,1112,8,78,197,1,1,1
653,52,1114,9,78,204,1,1,1
654,52,1116,10,79,211,1,1,1
655,52,1114,8,79,218,1,1,1
656,52,1113,7,78,224,1,1,1
657,52,1111,6,78,230,1,1,1
579,56,1835,5,77,22,1,1,1
580,56,1834,16,77,28,1,1,1
581,56,1834,27,77,34,1,1,1
582,56,1834,38,76,41,1,1,1
583,56,1834,49,76,47,1,1,1
584,56,1834,60,75,53,1,1,1
585,56,1834,72,75,59,1,1,1
586,56,1833,91,75,59,1,1,1
587,56,1833,110,75,59,1,1,1
588,56,1833,129,75,59,1,1,1
589,56,1833,148,75,59,1,1,1
590,56,1833,167,75,59,1,1,1
591,56,1833,186,75,59,1,1,1
592,56,1833,205,75,59,1,1,1
593,56,1833,224,75,59,1,1,1
594,56,1833,243,75,59,1,1,1
595,56,1833,263,75,59,1,1,1
596,56,1833,281,75,59,1,1,1
597,56,1833,299,75,59,1,1,1
598,56,1833,317,75,59,1,1,1
599,56,1833,335,75,59,1,1,1
600,56,1833,354,75,59,1,1,1
601,56,1833,372,75,59,1,1,1
602,56,1833,390,75,59,1,1,1
603,56,1833,408,75,59,1,1,1
604,56,1833,426,75,59,1,1,1
605,56,1833,445,75,59,1,1,1
606,56,1835,465,72,58,1,1,1
607,56,1837,485,70,58,1,1,1
608,56,1839,505,68,58,1,1,1
609,56,1841,525,66,58,1,1,1
610,56,1844,545,63,58,1,1,1
611,56,1846,565,60,58,1,1,1
612,56,1848,585,58,58,1,1,1
613,56,1850,605,56,58,1,1,1
614,56,1852,625,54,58,1,1,1
615,56,1855,645,51,58,1,1,1
616,56,1855,663,51,58,1,1,1
617,56,1855,682,51,58,1,1,1
618,56,1855,700,51,58,1,1,1
619,56,1856,719,51,58,1,1,1
620,56,1856,738,51,58,1,1,1
621,56,1856,756,51,58,1,1,1
622,56,1857,775,51,58,1,1,1
623,56,1857,793,51,58,1,1,1
624,56,1857,812,51,58,1,1,1
625,56,1858,831,51,58,1,1,1
626,56,1858,850,51,58,1,1,1
627,56,1858,869,51,59,1,1,1
628,56,1858,888,51,59,1,1,1
629,56,1858,908,51,59,1,1,1
630,56,1859,926,51,59,1,1,1
631,56,1860,944,51,59,1,1,1
632,56,1861,962,51,59,1,1,1
633,56,1862,981,51,59,1,1,1
634,56,1862,995,50,55,1,1,1
635,56,1862,1010,50,51,1,1,1
583,57,1840,4,71,23,1,1,1
584,57,1840,21,70,24,1,1,1
585,57,1840,38,70,26,1,1,1
586,57,1840,56,70,27,1,1,1
587,57,1841,73,69,29,1,1,1
588,57,1841,90,69,31,1,1,1
589,57,1841,108,69,32,1,1,1
590,57,1842,125,68,34,1,1,1
591,57,1842,143,68,35,1,1,1
592,57,1842,160,68,37,1,1,1
593,57,1843,177,67,39,1,1,1
594,57,1843,195,67,40,1,1,1
595,57,1843,212,67,42,1,1,1
596,57,1843,230,67,43,1,1,1
597,57,1844,247,66,45,1,1,1
598,57,1844,264,66,47,1,1,1
599,57,1844,282,66,48,1,1,1
600,57,1845,299,65,50,1,1,1
601,57,1845,317,65,51,1,1,1
602,57,1845,334,65,53,1,1,1
603,57,1846,351,64,55,1,1,1
604,57,1846,369,64,56,1,1,1
605,57,1846,386,64,58,1,1,1
606,57,1847,404,63,59,1,1,1
607,57,1846,424,63,59,1,1,1
608,57,1846,444,63,59,1,1,1
609,57,1846,464,63,59,1,1,1
610,57,1850,482,60,59,1,1,1
611,57,1855,501,56,59,1,1,1
612,57,1860,520,52,59,1,1,1
613,57,1857,538,52,59,1,1,1
614,57,1854,557,52,59,1,1,1
615,57,1852,576,52,59,1,1,1
616,57,1852,595,52,59,1,1,1
617,57,1853,614,51,59,1,1,1
618,57,1854,634,51,59,1,1,1
619,57,1854,653,51,59,1,1,1
620,57,1854,672,51,59,1,1,1
621,57,1855,692,51,59,1,1,1
622,57,1855,710,51,59,1,1,1
623,57,1856,728,51,59,1,1,1
624,57,1857,746,51,59,1,1,1
625,57,1858,765,51,59,1,1,1
626,57,1860,785,49,59,1,1,1
627,57,1862,805,47,59,1,1,1
628,57,1865,826,44,59,1,1,1
629,57,1864,844,44,59,1,1,1
630,57,1863,863,44,59,1,1,1
631,57,1863,882,44,59,1,1,1
632,57,1864,898,44,59,1,1,1
633,57,1865,914,44,59,1,1,1
634,57,1867,930,44,59,1,1,1
635,57,1866,943,44,59,1,1,1
636,57,1866,956,43,59,1,1,1
637,57,1866,970,43,59,1,1,1
638,57,1866,982,43,54,1,1,1
639,57,1866,994,43,50,1,1,1
640,57,1866,1007,43,45,1,1,1
641,57,1866,1019,43,41,1,1,1
587,58,1848,8,62,31,1,1,1
588,58,1848,22,62,34,1,1,1
589,58,1849,36,61,37,1,1,1
590,58,1849,50,61,41,1,1,1
591,58,1850,64,60,44,1,1,1
592,58,1850,78,60,47,1,1,1
593,58,1851,92,59,51,1,1,1
594,58,1850,110,59,51,1,1,1
595,58,1850,129,59,51,1,1,1
596,58,1849,148,59,51,1,1,1
597,58,1849,167,59,51,1,1,1
598,58,1849,186,59,51,1,1,1
599,58,1848,205,59,51,1,1,1
600,58,1848,224,59,51,1,1,1
601,58,1847,243,59,51,1,1,1
602,58,1847,262,59,51,1,1,1
603,58,1847,281,59,51,1,1,1
604,58,1846,299,59,51,1,1,1
605,58,1846,318,59,51,1,1,1
606,58,1846,337,59,51,1,1,1
607,58,1846,356,59,51,1,1,1
608,58,1846,375,59,51,1,1,1
609,58,1846,393,59,51,1,1,1
610,58,1846,412,59,51,1,1,1
611,58,1846,431,59,51,1,1,1
612,58,1846,450,59,51,1,1,1
613,58,1846,469,59,51,1,1,1
614,58,1849,487,56,51,1,1,1
615,58,1852,505,53,51,1,1,1
616,58,1855,523,50,51,1,1,1
617,58,1858,542,48,51,1,1,1
618,58,1861,560,45,51,1,1,1
619,58,1864,578,42,51,1,1,1
620,58,1867,597,40,51,1,1,1
621,58,1870,615,37,51,1,1,1
622,58,1873,633,34,51,1,1,1
623,58,1876,652,32,51,1,1,1
624,58,1876,671,32,51,1,1,1
625,58,1876,690,32,51,1,1,1
626,58,1876,709,32,51,1,1,1
627,58,1876,728,32,51,1,1,1
628,58,1877,747,31,51,1,1,1
629,58,1877,766,31,51,1,1,1
630,58,1877,785,31,51,1,1,1
631,58,1877,804,31,51,1,1,1
632,58,1877,823,31,51,1,1,1
633,58,1878,842,31,51,1,1,1
634,58,1878,854,31,51,1,1,1
635,58,1878,867,31,51,1,1,1
636,58,1878,880,31,51,1,1,1
637,58,1879,893,31,51,1,1,1
638,58,1879,906,31,51,1,1,1
639,58,1879,918,31,51,1,1,1
640,58,1880,931,31,51,1,1,1
641,58,1880,944,31,51,1,1,1
642,58,1880,957,31,51,1,1,1
643,58,1881,970,31,51,1,1,1
644,58,1881,979,31,49,1,1,1
645,58,1881,988,31,47,1,1,1
646,58,1881,997,31,45,1,1,1
647,58,1881,1006,31,43,1,1,1
648,58,1881,1015,31,41,1,1,1
649,58,1881,1024,31,39,1,1,1
589,59,1839,3,71,18,1,1,1
590,59,1838,14,71,24,1,1,1
591,59,1838,26,71,29,1,1,1
592,59,1838,38,70,34,1,1,1
593,59,1837,49,71,40,1,1,1
594,59,1837,61,70,45,1,1,1
595,59,1837,73,70,50,1,1,1
596,59,1837,91,70,50,1,1,1
597,59,1837,109,70,50,1,1,1
598,59,1837,127,70,50,1,1,1
599,59,1837,145,71,50,1,1,1
600,59,1838,164,71,50,1,1,1
601,59,1839,183,71,50,1,1,1
602,59,1839,201,71,50,1,1,1
603,59,1839,220,71,50,1,1,1
604,59,1839,238,71,50,1,1,1
605,59,1839,257,71,50,1,1,1
606,59,1840,275,68,50,1,1,1
607,59,1842,293,65,50,1,1,1
608,59,1844,311,62,50,1,1,1
609,59,1846,330,59,50,1,1,1
610,59,1847,349,59,50,1,1,1
611,59,1848,368,59,50,1,1,1
612,59,1849,387,59,50,1,1,1
613,59,1851,406,59,50,1,1,1
614,59,1851,425,59,50,1,1,1
615,59,1851,444,59,50,1,1,1
616,59,1851,463,59,50,1,1,1
617,59,1851,482,59,50,1,1,1
618,59,1852,502,59,50,1,1,1
619,59,1852,521,59,50,1,1,1
620,59,1852,540,59,50,1,1,1
621,59,1852,559,59,50,1,1,1
622,59,1852,578,59,50,1,1,1
623,59,1853,598,59,50,1,1,1
624,59,1853,616,58,50,1,1,1
625,59,1853,634,57,50,1,1,1
626,59,1853,652,56,50,1,1,1
627,59,1853,670,56,50,1,1,1
628,59,1853,688,55,50,1,1,1
629,59,1853,706,54,50,1,1,1
630,59,1853,724,54,50,1,1,1
631,59,1853,742,53,50,1,1,1
632,59,1853,760,52,50,1,1,1
633,59,1854,779,51,50,1,1,1
634,59,1855,792,50,50,1,1,1
635,59,1857,806,49,50,1,1,1
636,59,1859,819,48,50,1,1,1
637,59,1860,833,48,50,1,1,1
638,59,1862,846,47,50,1,1,1
639,59,1864,860,46,50,1,1,1
640,59,1865,873,46,50,1,1,1
641,59,1867,887,45,50,1,1,1
642,59,1869,900,44,50,1,1,1
643,59,1871,914,43,50,1,1,1
644,59,1870,923,43,50,1,1,1
645,59,1869,933,43,50,1,1,1
646,59,1868,943,43,50,1,1,1
647,59,1867,953,43,50,1,1,1
648,59,1867,961,43,50,1,1,1
649,59,1867,969,43,50,1,1,1
650,59,1867,977,43,50,1,1,1
651,59,1867,985,43,50,1,1,1
652,59,1866,992,43,51,1,1,1
653,59,1865,1000,43,51,1,1,1
654,59,1865,1008,43,51,1,1,1
655,59,1864,1016,43,51,1,1,1
656,59,1864,1024,43,51,1,1,1
657,59,1864,1028,42,47,1,1,1
658,59,1864,1032,42,43,1,1,1
659,59,1864,1037,42,38,1,1,1
660,59,1864,1040,41,35,1,1,1
661,59,1864,1043,41,32,1,1,1
662,59,1864,1046,40,29,1,1,1
593,60,1831,7,79,18,1,1,1
594,60,1831,17,79,27,1,1,1
595,60,1832,27,79,37,1,1,1
596,60,1833,37,79,46,1,1,1
597,60,1834,48,79,55,1,1,1
598,60,1834,66,79,55,1,1,1
599,60,1835,84,79,55,1,1,1
600,60,1835,102,79,55,1,1,1
601,60,1836,120,79,55,1,1,1
602,60,1837,139,79,55,1,1,1
603,60,1837,157,79,55,1,1,1
604,60,1838,175,79,55,1,1,1
605,60,1838,193,79,55,1,1,1
606,60,1839,211,79,55,1,1,1
607,60,1840,230,79,55,1,1,1
608,60,1841,248,76,55,1,1,1
609,60,1842,267,74,55,1,1,1
610,60,1843,286,72,55,1,1,1
611,60,1844,305,69,55,1,1,1
612,60,1845,324,67,55,1,1,1
613,60,1846,343,65,54,1,1,1
614,60,1847,362,62,54,1,1,1
615,60,1848,381,60,54,1,1,1
616,60,1849,400,58,54,1,1,1
617,60,1851,419,55,54,1,1,1
618,60,1851,438,55,54,1,1,1
619,60,1851,457,55,54,1,1,1
620,60,1851,476,55,54,1,1,1
621,60,1851,495,55,54,1,1,1
622,60,1852,515,55,54,1,1,1
623,60,1852,534,55,54,1,1,1
624,60,1852,553,55,54,1,1,1
625,60,1852,572,55,54,1,1,1
626,60,1852,591,55,54,1,1,1
627,60,1853,611,55,54,1,1,1
628,60,1852,627,55,54,1,1,1
629,60,1852,643,55,54,1,1,1
630,60,1852,659,55,54,1,1,1
631,60,1852,675,55,54,1,1,1
632,60,1852,691,55,55,1,1,1
633,60,1852,707,55,55,1,1,1
634,60,1852,723,55,55,1,1,1
635,60,1852,739,55,55,1,1,1
636,60,1852,755,55,55,1,1,1
637,60,1852,772,55,55,1,1,1
638,60,1851,783,55,55,1,1,1
639,60,1851,794,55,55,1,1,1
640,60,1851,805,55,55,1,1,1
641,60,1851,817,55,55,1,1,1
642,60,1851,828,55,55,1,1,1
643,60,1851,839,55,55,1,1,1
644,60,1851,851,55,55,1,1,1
645,60,1851,862,55,55,1,1,1
646,60,1851,873,55,55,1,1,1
647,60,1851,885,55,55,1,1,1
648,60,1851,892,55,55,1,1,1
649,60,1851,900,55,55,1,1,1
650,60,1851,907,55,55,1,1,1
651,60,1851,915,55,55,1,1,1
652,60,1852,922,55,55,1,1,1
653,60,1852,930,55,55,1,1,1
654,60,1852,937,55,55,1,1,1
655,60,1852,945,55,55,1,1,1
656,60,1852,952,55,55,1,1,1
657,60,1853,960,55,55,1,1,1
658,60,1853,967,55,55,1,1,1
659,60,1854,974,55,55,1,1,1
660,60,1855,982,55,55,1,1,1
661,60,1856,989,55,55,1,1,1
662,60,1857,996,55,55,1,1,1
663,60,1858,1004,55,55,1,1,1
664,60,1858,1007,54,52,1,1,1
665,60,1858,1010,54,49,1,1,1
666,60,1858,1013,54,46,1,1,1
667,60,1858,1019,54,40,1,1,1
668,60,1858,1026,54,33,1,1,1
610,61,1836,30,67,47,1,1,1
611,61,1836,48,67,47,1,1,1
612,61,1837,67,67,47,1,1,1
613,61,1838,85,67,47,1,1,1
614,61,1838,104,67,47,1,1,1
615,61,1839,123,67,47,1,1,1
616,61,1840,141,67,47,1,1,1
617,61,1840,160,67,47,1,1,1
618,61,1841,178,67,47,1,1,1
619,61,1842,197,67,47,1,1,1
620,61,1843,216,67,47,1,1,1
621,61,1843,234,67,47,1,1,1
622,61,1843,252,67,47,1,1,1
623,61,1843,270,67,47,1,1,1
624,61,1843,289,67,47,1,1,1
625,61,1843,307,67,47,1,1,1
626,61,1843,325,67,47,1,1,1
627,61,1843,344,67,47,1,1,1
628,61,1843,362,67,47,1,1,1
629,61,1843,380,67,47,1,1,1
630,61,1844,399,67,47,1,1,1
631,61,1844,413,66,47,1,1,1
632,61,1845,428,65,47,1,1,1
633,61,1845,443,65,47,1,1,1
634,61,1846,457,64,47,1,1,1
635,61,1847,472,63,47,1,1,1
636,61,1847,487,62,47,1,1,1
637,61,1848,501,61,47,1,1,1
638,61,1848,516,61,47,1,1,1
639,61,1849,531,60,47,1,1,1
640,61,1850,546,59,47,1,1,1
641,61,1850,556,59,47,1,1,1
642,61,1850,566,59,47,1,1,1
643,61,1850,577,59,47,1,1,1
644,61,1851,587,59,47,1,1,1
645,61,1851,598,59,47,1,1,1
646,61,1851,608,59,47,1,1,1
647,61,1852,618,59,47,1,1,1
648,61,1852,629,59,47,1,1,1
649,61,1852,639,59,47,1,1,1
650,61,1853,650,59,47,1,1,1
651,61,1852,657,59,47,1,1,1
652,61,1852,664,59,47,1,1,1
653,61,1852,671,59,47,1,1,1
654,61,1851,678,59,47,1,1,1
655,61,1851,685,59,47,1,1,1
656,61,1851,692,59,47,1,1,1
657,61,1850,699,59,47,1,1,1
658,61,1850,706,59,47,1,1,1
659,61,1850,713,59,47,1,1,1
660,61,1850,720,59,47,1,1,1
661,61,1849,726,59,47,1,1,1
662,61,1849,733,59,47,1,1,1
663,61,1849,739,59,47,1,1,1
664,61,1849,746,59,47,1,1,1
665,61,1849,753,59,47,1,1,1
666,61,1848,759,59,47,1,1,1
667,61,1848,766,59,47,1,1,1
668,61,1848,772,59,47,1,1,1
669,61,1848,779,59,47,1,1,1
670,61,1848,786,59,47,1,1,1
671,61,1846,795,59,47,1,1,1
672,61,1844,805,59,47,1,1,1
673,61,1843,815,59,47,1,1,1
674,61,1841,824,59,47,1,1,1
675,61,1840,834,59,47,1,1,1
676,61,1838,844,59,47,1,1,1
677,61,1836,853,59,47,1,1,1
678,61,1835,863,59,47,1,1,1
679,61,1833,873,59,47,1,1,1
680,61,1832,883,59,47,1,1,1
681,61,1830,895,62,47,1,1,1
682,61,1828,907,66,47,1,1,1
683,61,1826,920,70,47,1,1,1
684,61,1824,932,73,47,1,1,1
685,61,1822,944,77,47,1,1,1
693,61,1815,1040,91,19,1,1,1
694,61,1814,1048,92,16,1,1,1
695,61,1813,1056,93,13,1,1,1
668,62,1879,843,32,46,1,1,1
669,62,1875,850,35,45,1,1,1
670,62,1872,857,37,45,1,1,1
671,62,1869,865,40,44,1,1,1
672,62,1868,873,40,44,1,1,1
673,62,1867,881,40,44,1,1,1
674,62,1867,889,40,44,1,1,1
675,62,1865,899,40,47,1,1,1
676,62,1864,910,39,49,1,1,1
677,62,1863,921,39,51,1,1,1
678,62,1858,932,44,51,1,1,1
679,62,1854,944,49,51,1,1,1
680,62,1850,956,54,51,1,1,1
681,62,1850,966,54,51,1,1,1
682,62,1850,977,54,51,1,1,1
683,62,1850,988,54,51,1,1,1
684,62,1849,998,54,46,1,1,1
685,62,1849,1008,54,41,1,1,1
686,62,1848,1018,55,36,1,1,1
687,62,1848,1028,54,31,1,1,1
688,62,1847,1038,55,26,1,1,1
689,62,1847,1048,55,21,1,1,1
616,63,1876,4,38,16,1,1,1
617,63,1876,19,37,18,1,1,1
618,63,1876,35,37,19,1,1,1
619,63,1876,51,37,21,1,1,1
620,63,1876,66,37,23,1,1,1
621,63,1876,82,37,24,1,1,1
622,63,1876,98,37,26,1,1,1
623,63,1876,114,37,27,1,1,1
624,63,1876,129,37,29,1,1,1
625,63,1876,145,37,31,1,1,1
626,63,1877,161,36,32,1,1,1
627,63,1877,177,36,34,1,1,1
628,63,1877,192,36,36,1,1,1
629,63,1877,208,36,37,1,1,1
630,63,1877,224,36,39,1,1,1
631,63,1877,240,36,40,1,1,1
632,63,1877,255,36,42,1,1,1
633,63,1877,271,36,44,1,1,1
634,63,1877,287,36,45,1,1,1
635,63,1878,303,35,47,1,1,1
636,63,1880,316,33,47,1,1,1
637,63,1882,330,31,47,1,1,1
638,63,1884,344,29,47,1,1,1
639,63,1886,358,27,47,1,1,1
640,63,1889,372,24,47,1,1,1
641,63,1889,381,24,47,1,1,1
642,63,1889,391,24,47,1,1,1
643,63,1889,401,24,47,1,1,1
644,63,1889,411,24,47,1,1,1
645,63,1889,421,24,47,1,1,1
646,63,1889,431,24,47,1,1,1
647,63,1889,441,24,47,1,1,1
648,63,1889,450,24,47,1,1,1
649,63,1889,459,24,47,1,1,1
650,63,1889,468,24,47,1,1,1
651,63,1889,478,24,47,1,1,1
652,63,1892,485,21,47,1,1,1
653,63,1895,493,18,46,1,1,1
654,63,1898,501,15,46,1,1,1
655,63,1897,507,15,46,1,1,1
656,63,1897,514,15,46,1,1,1
657,63,1897,520,15,46,1,1,1
658,63,1897,527,15,46,1,1,1
659,63,1897,533,15,46,1,1,1
660,63,1897,539,15,46,1,1,1
661,63,1897,546,15,46,1,1,1
662,63,1897,552,15,46,1,1,1
663,63,1897,559,15,46,1,1,1
664,63,1894,565,18,46,1,1,1
665,63,1892,571,20,46,1,1,1
666,63,1890,578,22,46,1,1,1
667,63,1888,584,24,46,1,1,1
668,63,1886,591,27,46,1,1,1
669,63,1885,599,27,46,1,1,1
670,63,1885,608,27,46,1,1,1
671,63,1885,616,27,46,1,1,1
672,63,1885,625,27,46,1,1,1
673,63,1882,633,28,45,1,1,1
674,63,1879,641,29,45,1,1,1
675,63,1876,649,30,44,1,1,1
676,63,1874,657,31,44,1,1,1
677,63,1871,668,35,44,1,1,1
678,63,1869,680,39,43,1,1,1
679,63,1867,691,42,43,1,1,1
680,63,1865,703,46,42,1,1,1
681,63,1864,715,46,42,1,1,1
682,63,1863,727,46,42,1,1,1
683,63,1862,739,46,42,1,1,1
684,63,1861,751,46,42,1,1,1
685,63,1857,759,50,47,1,1,1
686,63,1853,768,54,51,1,1,1
687,63,1850,777,58,56,1,1,1
688,63,1850,791,58,55,1,1,1
689,63,1850,805,58,55,1,1,1
690,63,1850,819,58,55,1,1,1
691,63,1847,831,61,55,1,1,1
692,63,1845,843,64,55,1,1,1
693,63,1843,856,67,55,1,1,1
694,63,1842,868,67,55,1,1,1
695,63,1841,880,67,55,1,1,1
696,63,1841,892,67,55,1,1,1
697,63,1840,904,67,55,1,1,1
698,63,1839,916,67,55,1,1,1
699,63,1839,929,67,55,1,1,1
620,64,1834,18,70,25,1,1,1
621,64,1834,30,70,28,1,1,1
622,64,1834,43,70,30,1,1,1
623,64,1834,56,70,32,1,1,1
624,64,1835,69,70,34,1,1,1
625,64,1835,82,70,37,1,1,1
626,64,1835,95,70,39,1,1,1
627,64,1835,108,71,41,1,1,1
628,64,1836,121,70,43,1,1,1
629,64,1836,134,70,46,1,1,1
630,64,1836,147,71,48,1,1,1
631,64,1837,160,70,50,1,1,1
632,64,1837,173,70,52,1,1,1
633,64,1837,186,71,54,1,1,1
634,64,1837,199,71,57,1,1,1
635,64,1838,212,70,59,1,1,1
636,64,1838,225,71,61,1,1,1
637,64,1838,238,71,63,1,1,1
638,64,1838,251,71,66,1,1,1
639,64,1839,264,71,68,1,1,1
640,64,1839,277,71,70,1,1,1
641,64,1839,290,71,72,1,1,1
642,64,1840,303,71,75,1,1,1
643,64,1839,314,71,75,1,1,1
644,64,1839,325,71,75,1,1,1
645,64,1839,336,71,75,1,1,1
646,64,1839,345,71,75,1,1,1
647,64,1839,354,71,75,1,1,1
648,64,1839,363,71,75,1,1,1
649,64,1839,372,71,75,1,1,1
650,64,1842,381,68,75,1,1,1
651,64,1845,391,65,75,1,1,1
652,64,1848,401,62,74,1,1,1
653,64,1851,411,59,74,1,1,1
654,64,1851,418,59,72,1,1,1
655,64,1851,425,59,71,1,1,1
656,64,1851,432,59,69,1,1,1
657,64,1851,439,59,68,1,1,1
658,64,1852,446,58,67,1,1,1
659,64,1852,452,58,67,1,1,1
660,64,1852,459,58,67,1,1,1
661,64,1853,466,58,67,1,1,1
662,64,1853,473,58,67,1,1,1
663,64,1854,480,58,67,1,1,1
664,64,1852,486,59,67,1,1,1
665,64,1850,493,60,67,1,1,1
666,64,1848,500,62,67,1,1,1
667,64,1846,507,63,66,1,1,1
668,64,1844,514,64,66,1,1,1
669,64,1842,521,66,66,1,1,1
670,64,1839,527,68,68,1,1,1
671,64,1837,533,70,70,1,1,1
672,64,1835,539,71,72,1,1,1
673,64,1833,545,73,74,1,1,1
674,64,1831,552,75,75,1,1,1
675,64,1828,560,78,77,1,1,1
676,64,1826,568,80,80,1,1,1
677,64,1824,576,82,82,1,1,1
678,64,1822,584,84,85,1,1,1
679,64,1820,592,86,88,1,1,1
680,64,1818,605,88,87,1,1,1
681,64,1817,618,89,87,1,1,1
682,64,1815,631,91,87,1,1,1
683,64,1814,644,92,87,1,1,1
684,64,1812,657,94,87,1,1,1
685,64,1811,670,96,87,1,1,1
686,64,1809,679,96,87,1,1,1
687,64,1808,689,96,87,1,1,1
688,64,1807,699,96,87,1,1,1
689,64,1805,708,99,92,1,1,1
690,64,1803,717,103,97,1,1,1
627,65,1878,3,32,25,1,1,1
628,65,1878,13,32,31,1,1,1
629,65,1879,23,31,38,1,1,1
630,65,1880,33,31,44,1,1,1
631,65,1881,43,30,51,1,1,1
632,65,1882,53,30,58,1,1,1
633,65,1882,68,30,58,1,1,1
634,65,1882,83,31,58,1,1,1
635,65,1883,98,31,58,1,1,1
636,65,1882,111,31,58,1,1,1
637,65,1881,124,31,58,1,1,1
638,65,1880,137,31,58,1,1,1
639,65,1879,150,31,58,1,1,1
640,65,1879,161,31,58,1,1,1
641,65,1879,173,31,58,1,1,1
642,65,1879,185,31,58,1,1,1
643,65,1879,197,31,58,1,1,1
644,65,1879,206,31,58,1,1,1
645,65,1879,216,31,58,1,1,1
646,65,1879,225,31,58,1,1,1
647,65,1879,235,31,58,1,1,1
648,65,1879,244,31,59,1,1,1
649,65,1879,254,31,59,1,1,1
650,65,1879,264,31,59,1,1,1
651,65,1879,274,31,59,1,1,1
652,65,1879,284,31,59,1,1,1
653,65,1879,291,31,59,1,1,1
654,65,1879,298,31,59,1,1,1
655,65,1879,305,31,59,1,1,1
656,65,1879,312,31,59,1,1,1
657,65,1881,318,29,59,1,1,1
658,65,1884,324,26,59,1,1,1
659,65,1887,330,24,59,1,1,1
660,65,1890,336,21,59,1,1,1
661,65,1893,343,19,58,1,1,1
662,65,1892,348,19,58,1,1,1
663,65,1891,354,19,58,1,1,1
664,65,1891,359,19,58,1,1,1
665,65,1890,365,19,58,1,1,1
666,65,1890,371,19,58,1,1,1
667,65,1887,378,21,58,1,1,1
668,65,1884,385,24,58,1,1,1
669,65,1881,392,27,58,1,1,1
670,65,1878,399,30,58,1,1,1
671,65,1876,407,32,58,1,1,1
672,65,1875,416,32,58,1,1,1
673,65,1875,426,32,58,1,1,1
674,65,1875,435,32,58,1,1,1
675,65,1875,445,32,58,1,1,1
676,65,1872,456,35,59,1,1,1
677,65,1869,468,38,59,1,1,1
678,65,1866,480,41,59,1,1,1
679,65,1864,492,44,59,1,1,1
680,65,1861,502,47,59,1,1,1
681,65,1859,513,50,59,1,1,1
682,65,1857,524,53,58,1,1,1
683,65,1855,535,56,58,1,1,1
684,65,1853,547,58,58,1,1,1
685,65,1851,560,60,57,1,1,1
686,65,1849,572,62,57,1,1,1
687,65,1848,585,63,56,1,1,1
688,65,1848,598,63,56,1,1,1
689,65,1848,611,63,56,1,1,1
690,65,1848,624,63,56,1,1,1
691,65,1848,638,63,56,1,1,1
692,65,1847,651,63,56,1,1,1
693,65,1846,664,63,56,1,1,1
694,65,1846,677,63,56,1,1,1
695,65,1843,688,65,58,1,1,1
696,65,1841,699,66,60,1,1,1
697,65,1838,710,68,62,1,1,1
698,65,1836,721,69,64,1,1,1
699,65,1834,732,71,67,1,1,1
0,66,878,7,58,20,1,1,1
1,66,873,8,58,33,1,1,1
2,66,868,10,58,46,1,1,1
3,66,863,11,58,60,1,1,1
4,66,858,13,59,73,1,1,1
5,66,853,14,59,87,1,1,1
6,66,848,16,59,100,1,1,1
7,66,843,17,59,114,1,1,1
73,66,655,967,58,98,1,1,1
74,66,654,983,58,83,1,1,1
75,66,654,999,58,68,1,1,1
76,66,654,1015,58,54,1,1,1
77,66,654,1031,58,39,1,1,1
0,67,761,8,90,127,1,1,1
1,67,756,8,90,146,1,1,1
2,67,752,8,90,165,1,1,1
3,67,748,9,90,183,1,1,1
4,67,744,9,90,202,1,1,1
5,67,740,9,90,221,1,1,1
49,67,595,860,89,198,1,1,1
50,67,594,887,89,172,1,1,1
51,67,593,914,89,147,1,1,1
52,67,592,941,90,122,1,1,1
53,67,592,968,89,96,1,1,1
54,67,591,995,90,71,1,1,1
55,67,590,1022,90,46,1,1,1
47,68,501,839,98,222,1,1,1
48,68,496,868,98,194,1,1,1
49,68,492,897,97,166,1,1,1
50,68,488,927,96,138,1,1,1
51,68,488,957,95,108,1,1,1
52,68,488,988,95,77,1,1,1
53,68,488,1019,94,46,1,1,1
0,69,583,8,55,39,1,1,1
1,69,579,8,55,47,1,1,1
2,69,575,9,55,55,1,1,1
3,69,571,9,55,63,1,1,1
4,69,567,10,55,71,1,1,1
5,69,563,10,55,79,1,1,1
6,69,559,11,55,87,1,1,1
7,69,553,9,56,97,1,1,1
8,69,548,8,57,107,1,1,1
9,69,543,7,57,117,1,1,1
73,69,369,959,58,98,1,1,1
74,69,368,984,58,77,1,1,1
75,69,367,1009,58,56,1,1,1
76,69,366,1034,58,35,1,1,1
19,70,811,5,55,36,1,1,1
20,70,806,5,55,49,1,1,1
21,70,801,5,55,63,1,1,1
22,70,797,5,55,77,1,1,1
23,70,792,5,55,90,1,1,1
24,70,787,5,55,104,1,1,1
82,70,639,975,55,74,1,1,1
83,70,638,991,55,62,1,1,1
84,70,638,1008,55,49,1,1,1
85,70,637,1025,55,36,1,1,1
86,70,637,1042,55,23,1,1,1
9,71,639,7,48,46,1,1,1
10,71,635,7,48,52,1,1,1
11,71,632,8,47,58,1,1,1
12,71,629,9,47,64,1,1,1
13,71,626,11,49,71,1,1,1
14,71,624,14,50,77,1,1,1
15,71,621,16,52,85,1,1,1
16,71,619,19,53,91,1,1,1
17,71,617,21,54,98,1,1,1
18,71,614,24,56,105,1,1,1
19,71,612,26,57,112,1,1,1
64,71,489,953,58,102,1,1,1
65,71,488,979,58,81,1,1,1
66,71,487,1006,58,60,1,1,1
67,71,486,1032,58,39,1,1,1
22,72,684,6,55,78,1,1,1
23,72,678,8,56,92,1,1,1
24,72,672,10,57,106,1,1,1
25,72,666,12,58,120,1,1,1
66,72,558,948,59,99,1,1,1
67,72,557,976,58,77,1,1,1
68,72,556,1004,58,55,1,1,1
69,72,555,1032,58,33,1,1,1
32,73,751,4,52,20,1,1,1
33,73,748,8,51,33,1,1,1
34,73,745,12,51,46,1,1,1
35,73,742,16,51,59,1,1,1
36,73,739,20,51,73,1,1,1
37,73,736,24,50,86,1,1,1
38,73,733,28,50,99,1,1,1
39,73,730,32,50,112,1,1,1
89,73,641,951,50,102,1,1,1
90,73,640,967,50,90,1,1,1
91,73,640,984,50,77,1,1,1
92,73,639,1001,51,65,1,1,1
93,73,639,1018,50,52,1,1,1
94,73,638,1035,51,39,1,1,1
31,74,456,5,62,75,1,1,1
32,74,452,10,62,81,1,1,1
33,74,448,15,62,88,1,1,1
34,74,445,20,61,95,1,1,1
35,74,441,25,61,102,1,1,1
36,74,438,30,60,109,1,1,1
37,74,434,35,60,116,1,1,1
85,74,342,974,59,93,1,1,1
86,74,341,998,59,70,1,1,1
87,74,340,1023,59,46,1,1,1
76,75,465,964,50,87,1,1,1
77,75,465,978,50,73,1,1,1
78,75,465,992,50,59,1,1,1
79,75,465,1006,50,45,1,1,1
45,76,700,5,58,20,1,1,1
46,76,696,6,57,38,1,1,1
47,76,692,8,57,56,1,1,1
48,76,689,10,56,74,1,1,1
49,76,685,12,55,92,1,1,1
50,76,681,14,55,110,1,1,1
98,76,615,963,54,108,1,1,1
99,76,614,982,54,89,1,1,1
100,76,613,1002,54,69,1,1,1
101,76,612,1021,55,50,1,1,1
102,76,611,1041,55,30,1,1,1
58,77,628,1,54,19,1,1,1
59,77,626,2,53,40,1,1,1
60,77,624,3,53,62,1,1,1
61,77,622,4,53,84,1,1,1
62,77,620,5,52,106,1,1,1
63,77,618,6,52,128,1,1,1
107,77,572,949,59,118,1,1,1
108,77,571,969,59,98,1,1,1
109,77,570,990,59,77,1,1,1
110,77,570,1010,59,57,1,1,1
111,77,569,1031,59,36,1,1,1
97,78,332,941,50,110,1,1,1
98,78,331,958,50,93,1,1,1
99,78,330,976,51,75,1,1,1
100,78,330,994,50,58,1,1,1
101,78,329,1012,51,40,1,1,1
52,79,480,5,70,42,1,1,1
53,79,474,5,72,60,1,1,1
54,79,468,5,75,78,1,1,1
55,79,462,6,78,96,1,1,1
56,79,456,6,81,114,1,1,1
57,79,451,7,83,131,1,1,1
58,79,445,7,86,150,1,1,1
59,79,439,8,89,167,1,1,1
60,79,433,8,92,185,1,1,1
61,79,428,9,94,203,1,1,1
62,79,424,9,97,222,1,1,1
63,79,420,9,101,241,1,1,1
64,79,417,9,103,260,1,1,1
65,79,413,9,107,279,1,1,1
66,79,410,9,110,299,1,1,1
67,79,407,9,112,319,1,1,1
68,79,404,9,114,339,1,1,1
69,79,401,9,117,359,1,1,1
70,79,398,9,119,379,1,1,1
71,79,395,9,122,399,1,1,1
72,79,392,9,124,419,1,1,1
101,79,363,653,127,404,1,1,1
102,79,363,677,127,380,1,1,1
103,79,363,701,127,356,1,1,1
104,79,363,726,127,331,1,1,1
105,79,363,752,127,305,1,1,1
106,79,363,778,127,279,1,1,1
107,79,363,804,127,253,1,1,1
108,79,363,831,127,226,1,1,1
109,79,363,854,127,203,1,1,1
110,79,363,877,127,180,1,1,1
111,79,363,900,127,157,1,1,1
112,79,363,923,127,134,1,1,1
113,79,363,947,127,110,1,1,1
114,79,363,970,127,86,1,1,1
115,79,363,993,127,63,1,1,1
116,79,363,1016,127,40,1,1,1
63,80,548,8,47,35,1,1,1
64,80,546,9,46,68,1,1,1
65,80,544,10,45,102,1,1,1
94,80,524,963,43,89,1,1,1
95,80,523,987,43,64,1,1,1
96,80,523,1011,43,39,1,1,1
699,80,523,1035,43,15,1,1,1
60,81,370,8,49,23,1,1,1
61,81,366,8,50,43,1,1,1
62,81,362,8,52,63,1,1,1
63,81,358,8,54,83,1,1,1
64,81,354,8,56,103,1,1,1
65,81,350,8,58,123,1,1,1
109,81,296,954,58,108,1,1,1
110,81,296,978,58,85,1,1,1
111,81,297,1003,58,62,1,1,1
112,81,297,1027,58,39,1,1,1
72,82,627,7,47,20,1,1,1
73,82,625,7,47,41,1,1,1
74,82,623,7,48,62,1,1,1
75,82,621,7,49,83,1,1,1
76,82,619,7,50,104,1,1,1
117,82,586,962,50,105,1,1,1
118,82,585,984,51,82,1,1,1
119,82,585,1007,51,58,1,1,1
120,82,585,1029,51,35,1,1,1
71,83,340,5,47,24,1,1,1
72,83,338,5,46,43,1,1,1
73,83,336,5,46,62,1,1,1
74,83,334,5,46,81,1,1,1
75,83,332,5,46,100,1,1,1
120,83,301,979,42,75,1,1,1
121,83,300,990,42,63,1,1,1
122,83,300,1002,42,50,1,1,1
123,83,300,1014,42,37,1,1,1
81,84,598,8,49,23,1,1,1
82,84,596,11,50,42,1,1,1
83,84,595,14,51,62,1,1,1
84,84,593,18,53,80,1,1,1
85,84,592,21,54,100,1,1,1
128,84,567,977,55,97,1,1,1
129,84,566,998,55,75,1,1,1
130,84,566,1019,55,54,1,1,1
131,84,566,1040,54,32,1,1,1
79,85,511,8,49,35,1,1,1
80,85,508,13,50,67,1,1,1
81,85,506,18,50,99,1,1,1
108,85,497,966,46,97,1,1,1
109,85,496,991,46,76,1,1,1
110,85,496,1016,46,56,1,1,1
80,86,407,8,49,15,1,1,1
81,86,405,8,50,37,1,1,1
82,86,403,8,52,60,1,1,1
83,86,401,8,54,82,1,1,1
84,86,399,8,56,105,1,1,1
126,86,373,982,59,90,1,1,1
127,86,373,1005,59,69,1,1,1
128,86,373,1029,59,47,1,1,1
82,87,316,7,46,14,1,1,1
83,87,313,9,48,32,1,1,1
84,87,310,11,51,50,1,1,1
85,87,308,13,53,68,1,1,1
86,87,305,15,55,86,1,1,1
87,87,302,17,58,104,1,1,1
131,87,283,970,55,94,1,1,1
132,87,283,983,55,80,1,1,1
133,87,283,997,55,65,1,1,1
134,87,283,1010,55,52,1,1,1
135,87,283,1024,55,37,1,1,1
89,88,396,9,58,28,1,1,1
90,88,394,11,57,44,1,1,1
91,88,392,13,56,60,1,1,1
92,88,390,15,56,76,1,1,1
93,88,388,17,55,92,1,1,1
94,88,386,19,54,108,1,1,1
141,88,376,965,54,102,1,1,1
142,88,376,985,54,81,1,1,1
143,88,376,1006,55,60,1,1,1
144,88,376,1026,55,39,1,1,1
90,89,596,4,40,17,1,1,1
91,89,594,8,41,35,1,1,1
92,89,592,12,43,53,1,1,1
93,89,590,16,44,71,1,1,1
94,89,588,20,46,89,1,1,1
139,89,579,977,44,85,1,1,1
140,89,579,992,44,71,1,1,1
141,89,579,1007,44,57,1,1,1
142,89,579,1023,44,43,1,1,1
143,89,579,1038,44,29,1,1,1
101,90,578,5,48,22,1,1,1
102,90,576,5,49,39,1,1,1
103,90,574,5,51,56,1,1,1
104,90,573,5,51,73,1,1,1
105,90,571,5,53,90,1,1,1
161,90,588,979,54,90,1,1,1
162,90,588,997,54,72,1,1,1
163,90,589,1016,54,53,1,1,1
164,90,589,1034,54,35,1,1,1
103,91,436,5,59,28,1,1,1
104,91,433,9,64,55,1,1,1
105,91,430,14,69,81,1,1,1
106,91,427,18,74,108,1,1,1
138,91,471,960,62,102,1,1,1
139,91,472,990,62,75,1,1,1
140,91,473,1020,62,49,1,1,1
110,92,546,4,56,33,1,1,1
111,92,546,4,55,50,1,1,1
112,92,546,4,55,67,1,1,1
113,92,546,4,54,84,1,1,1
114,92,546,4,54,101,1,1,1
173,92,584,960,52,105,1,1,1
174,92,585,978,52,86,1,1,1
175,92,586,997,52,66,1,1,1
176,92,587,1015,52,47,1,1,1
110,93,216,5,66,30,1,1,1
111,93,213,8,66,66,1,1,1
112,93,211,11,66,102,1,1,1
139,93,207,973,64,95,1,1,1
140,93,207,997,64,72,1,1,1
141,93,207,1021,64,49,1,1,1
120,94,559,7,52,28,1,1,1
121,94,558,8,52,44,1,1,1
122,94,557,10,52,59,1,1,1
123,94,556,12,53,74,1,1,1
124,94,555,13,53,90,1,1,1
125,94,554,15,54,105,1,1,1
126,94,553,17,54,120,1,1,1
183,94,606,956,54,116,1,1,1
184,94,607,974,54,97,1,1,1
185,94,608,993,54,77,1,1,1
186,94,609,1011,54,58,1,1,1
187,94,610,1030,54,38,1,1,1
124,95,387,5,49,26,1,1,1
125,95,382,8,55,52,1,1,1
126,95,377,12,62,78,1,1,1
127,95,372,15,69,104,1,1,1
128,95,367,19,76,130,1,1,1
129,95,362,22,83,156,1,1,1
160,95,419,925,91,132,1,1,1
161,95,421,955,91,105,1,1,1
162,95,423,986,91,78,1,1,1
163,95,425,1017,91,51,1,1,1
130,96,567,4,52,24,1,1,1
131,96,566,4,52,40,1,1,1
132,96,565,4,53,57,1,1,1
133,96,564,4,53,73,1,1,1
134,96,563,4,54,90,1,1,1
135,96,562,4,54,106,1,1,1
193,96,621,969,54,98,1,1,1
194,96,621,989,54,78,1,1,1
195,96,622,1010,54,57,1,1,1
196,96,622,1031,55,36,1,1,1
137,97,364,8,55,16,1,1,1
138,97,364,8,54,45,1,1,1
139,97,364,8,53,74,1,1,1
140,97,364,8,52,103,1,1,1
174,97,408,966,56,102,1,1,1
175,97,409,996,53,73,1,1,1
176,97,410,1026,50,44,1,1,1
148,98,543,5,48,20,1,1,1
149,98,543,7,49,32,1,1,1
150,98,544,9,49,45,1,1,1
151,98,544,11,50,57,1,1,1
152,98,545,13,50,70,1,1,1
153,98,545,15,51,82,1,1,1
204,98,601,987,51,76,1,1,1
205,98,602,1008,51,59,1,1,1
206,98,603,1030,51,41,1,1,1
155,99,344,4,64,33,1,1,1
156,99,341,4,68,63,1,1,1
157,99,338,4,73,93,1,1,1
158,99,335,4,77,123,1,1,1
159,99,332,4,82,153,1,1,1
187,99,387,929,95,123,1,1,1
188,99,388,965,92,88,1,1,1
189,99,389,1002,89,53,1,1,1
160,100,582,8,54,27,1,1,1
161,100,582,8,54,44,1,1,1
162,100,582,9,55,60,1,1,1
163,100,582,10,56,77,1,1,1
164,100,582,11,57,93,1,1,1
165,100,582,12,58,109,1,1,1
213,100,631,959,58,106,1,1,1
214,100,632,980,58,84,1,1,1
215,100,633,1002,58,62,1,1,1
216,100,634,1023,58,41,1,1,1
170,101,564,5,56,28,1,1,1
171,101,564,5,56,44,1,1,1
172,101,565,5,55,61,1,1,1
173,101,566,5,54,77,1,1,1
174,101,566,5,54,94,1,1,1
175,101,567,5,53,110,1,1,1
221,101,607,972,47,95,1,1,1
222,101,607,994,47,74,1,1,1
223,101,607,1017,47,53,1,1,1
185,102,588,7,52,22,1,1,1
186,102,588,9,52,43,1,1,1
187,102,588,12,53,64,1,1,1
188,102,589,14,53,86,1,1,1
189,102,589,17,54,107,1,1,1
232,102,615,955,55,101,1,1,1
233,102,615,977,55,80,1,1,1
234,102,616,1000,55,58,1,1,1
235,102,616,1022,55,37,1,1,1
194,103,406,3,50,20,1,1,1
195,103,406,11,50,57,1,1,1
196,103,406,19,51,94,1,1,1
217,103,429,919,47,138,1,1,1
218,103,430,964,47,97,1,1,1
219,103,431,1009,47,56,1,1,1
216,104,583,5,51,23,1,1,1
217,104,579,5,56,49,1,1,1
218,104,576,5,61,76,1,1,1
219,104,573,5,65,102,1,1,1
220,104,570,5,70,129,1,1,1
253,104,572,908,74,159,1,1,1
254,104,571,936,74,130,1,1,1
255,104,571,964,74,101,1,1,1
256,104,570,992,74,73,1,1,1
257,104,570,1020,74,44,1,1,1
227,105,592,4,56,37,1,1,1
228,105,592,9,55,58,1,1,1
229,105,592,14,54,80,1,1,1
230,105,592,19,53,102,1,1,1
265,105,586,967,49,93,1,1,1
266,105,585,994,49,67,1,1,1
267,105,584,1022,49,41,1,1,1
240,106,582,3,52,26,1,1,1
241,106,580,8,53,48,1,1,1
242,106,578,14,55,69,1,1,1
243,106,577,19,55,92,1,1,1
244,106,575,25,57,113,1,1,1
277,106,565,949,59,106,1,1,1
278,106,564,977,59,85,1,1,1
279,106,563,1006,59,64,1,1,1
248,107,518,7,42,22,1,1,1
249,107,517,13,42,53,1,1,1
250,107,516,19,42,84,1,1,1
273,107,497,985,43,71,1,1,1
274,107,496,1001,44,57,1,1,1
275,107,495,1018,45,42,1,1,1
451,108,540,7,52,20,1,1,1
452,108,537,7,54,55,1,1,1
453,108,534,7,56,90,1,1,1
480,108,454,957,55,96,1,1,1
481,108,451,988,55,68,1,1,1
482,108,448,1019,55,41,1,1,1
64,114,386,975,56,94,1,1,1
65,114,386,999,54,70,1,1,1
66,114,387,1023,51,46,1,1,1
124,117,1768,56,72,84,1,1,1
125,117,1768,73,72,84,1,1,1
126,117,1768,90,72,84,1,1,1
127,117,1769,108,72,84,1,1,1
128,117,1768,122,72,84,1,1,1
129,117,1767,136,72,84,1,1,1
130,117,1766,150,72,84,1,1,1
131,117,1766,164,71,84,1,1,1
132,117,1766,180,71,84,1,1,1
133,117,1766,196,71,84,1,1,1
134,117,1766,212,71,84,1,1,1
135,117,1767,229,71,84,1,1,1
136,117,1768,240,71,87,1,1,1
137,117,1769,252,71,89,1,1,1
138,117,1770,264,71,91,1,1,1
139,117,1771,276,71,93,1,1,1
140,117,1773,288,71,96,1,1,1
141,117,1773,301,71,96,1,1,1
142,117,1773,314,71,96,1,1,1
143,117,1773,327,71,96,1,1,1
144,117,1773,340,71,96,1,1,1
145,117,1774,354,71,96,1,1,1
146,117,1776,367,71,96,1,1,1
147,117,1778,380,71,96,1,1,1
148,117,1780,394,71,96,1,1,1
149,117,1782,407,71,96,1,1,1
150,117,1784,421,71,96,1,1,1
151,117,1785,433,71,99,1,1,1
152,117,1786,446,71,102,1,1,1
153,117,1788,459,70,105,1,1,1
154,117,1789,472,70,108,1,1,1
155,117,1790,485,70,111,1,1,1
156,117,1792,498,70,114,1,1,1
157,117,1793,510,70,114,1,1,1
158,117,1795,523,70,114,1,1,1
159,117,1796,536,70,114,1,1,1
160,117,1798,549,70,114,1,1,1
161,117,1800,562,70,114,1,1,1
162,117,1802,574,70,117,1,1,1
163,117,1805,586,70,120,1,1,1
164,117,1807,599,71,122,1,1,1
165,117,1810,611,70,125,1,1,1
166,117,1812,623,71,128,1,1,1
167,117,1815,636,71,131,1,1,1
168,117,1815,650,71,131,1,1,1
169,117,1816,664,71,131,1,1,1
170,117,1816,679,71,131,1,1,1
171,117,1817,693,71,131,1,1,1
172,117,1818,708,71,131,1,1,1
173,117,1818,723,71,131,1,1,1
174,117,1819,738,71,131,1,1,1
175,117,1820,754,71,131,1,1,1
176,117,1821,769,71,131,1,1,1
177,117,1822,785,71,131,1,1,1
178,117,1823,801,71,131,1,1,1
179,117,1825,818,71,131,1,1,1
180,117,1826,835,71,131,1,1,1
181,117,1828,852,71,131,1,1,1
182,117,1830,869,71,131,1,1,1
183,117,1832,884,71,127,1,1,1
184,117,1834,900,71,122,1,1,1
185,117,1836,915,71,118,1,1,1
186,117,1838,931,71,113,1,1,1
187,117,1840,946,71,109,1,1,1
188,117,1842,962,71,104,1,1,1
127,118,1768,5,62,42,1,1,1
128,118,1768,5,62,53,1,1,1
129,118,1768,6,62,63,1,1,1
130,118,1768,6,62,74,1,1,1
131,118,1768,7,62,84,1,1,1
132,118,1768,7,62,95,1,1,1
133,118,1768,8,62,105,1,1,1
134,118,1768,8,62,116,1,1,1
198,118,1847,934,71,127,1,1,1
199,118,1847,953,70,111,1,1,1
200,118,1848,972,69,95,1,1,1
144,123,9,37,67,67,1,1,1
145,123,8,49,67,67,1,1,1
146,123,8,61,67,67,1,1,1
147,123,8,74,67,67,1,1,1
148,123,8,87,67,67,1,1,1
149,123,9,100,67,67,1,1,1
150,123,9,113,67,67,1,1,1
151,123,10,126,67,67,1,1,1
152,123,11,139,67,67,1,1,1
153,123,11,152,67,67,1,1,1
154,123,12,165,67,67,1,1,1
155,123,12,179,67,67,1,1,1
156,123,13,192,67,67,1,1,1
157,123,14,206,67,67,1,1,1
158,123,12,218,71,65,1,1,1
159,123,11,230,74,64,1,1,1
160,123,10,242,77,62,1,1,1
161,123,9,254,80,61,1,1,1
162,123,8,267,84,59,1,1,1
163,123,8,281,84,59,1,1,1
164,123,9,295,84,59,1,1,1
165,123,9,309,84,59,1,1,1
166,123,10,323,84,59,1,1,1
167,123,11,337,84,59,1,1,1
168,123,11,351,84,59,1,1,1
169,123,11,366,84,59,1,1,1
170,123,11,380,84,59,1,1,1
171,123,11,395,84,59,1,1,1
172,123,11,409,84,59,1,1,1
173,123,11,424,84,59,1,1,1
174,123,12,439,84,59,1,1,1
175,123,14,454,84,59,1,1,1
176,123,15,469,84,59,1,1,1
177,123,17,484,84,59,1,1,1
178,123,19,500,84,59,1,1,1
179,123,17,517,86,57,1,1,1
180,123,15,534,89,56,1,1,1
181,123,13,551,91,54,1,1,1
182,123,11,568,94,53,1,1,1
183,123,9,585,96,51,1,1,1
184,123,8,602,98,50,1,1,1
185,123,9,618,98,50,1,1,1
186,123,10,635,98,50,1,1,1
187,123,12,652,98,50,1,1,1
188,123,13,668,98,50,1,1,1
189,123,14,685,98,50,1,1,1
190,123,16,702,98,50,1,1,1
191,123,12,719,105,51,1,1,1
192,123,8,736,112,52,1,1,1
193,123,4,753,119,53,1,1,1
220,124,244,8,59,45,1,1,1
221,124,244,20,59,63,1,1,1
222,124,245,32,59,82,1,1,1
223,124,246,44,58,100,1,1,1
246,124,269,970,53,86,1,1,1
247,124,269,986,54,70,1,1,1
248,124,270,1003,54,53,1,1,1
249,124,270,1020,55,36,1,1,1
226,125,318,5,58,19,1,1,1
227,125,316,5,60,55,1,1,1
228,125,315,5,61,91,1,1,1
253,125,309,968,62,95,1,1,1
254,125,309,995,62,68,1,1,1
255,125,309,1023,62,41,1,1,1
245,126,335,11,56,29,1,1,1
246,126,334,20,56,59,1,1,1
247,126,333,29,56,89,1,1,1
274,126,291,1000,50,67,1,1,1
275,126,290,1018,50,51,1,1,1
276,126,289,1036,50,35,1,1,1
251,127,148,9,50,16,1,1,1
252,127,132,9,69,36,1,1,1
253,127,116,9,88,56,1,1,1
290,127,264,963,75,90,1,1,1
291,127,265,972,73,81,1,1,1
292,127,266,982,72,71,1,1,1
293,127,267,992,71,61,1,1,1
294,127,268,1002,70,51,1,1,1
295,127,269,1012,69,41,1,1,1
277,129,35,16,113,39,1,1,1
278,129,35,16,112,57,1,1,1
279,129,35,16,112,76,1,1,1
280,129,35,16,111,94,1,1,1
281,129,35,16,111,113,1,1,1
282,129,35,16,111,132,1,1,1
283,129,33,17,111,150,1,1,1
284,129,31,19,111,167,1,1,1
285,129,30,21,111,184,1,1,1
286,129,28,21,113,202,1,1,1
287,129,27,21,114,220,1,1,1
288,129,26,21,115,239,1,1,1
289,129,25,21,116,257,1,1,1
290,129,24,21,117,275,1,1,1
290,130,1806,8,48,16,1,1,1
291,130,1805,10,48,35,1,1,1
292,130,1805,12,48,54,1,1,1
293,130,1805,14,47,73,1,1,1
294,130,1805,16,47,92,1,1,1
340,130,1822,949,58,108,1,1,1
341,130,1822,967,58,94,1,1,1
342,130,1823,986,58,79,1,1,1
343,130,1823,1005,58,64,1,1,1
344,130,1824,1024,58,49,1,1,1
314,131,382,0,58,50,1,1,1
315,131,381,38,58,62,1,1,1
316,131,380,77,59,74,1,1,1
317,131,380,115,58,87,1,1,1
318,131,379,154,59,99,1,1,1
367,132,12,4,56,25,1,1,1
368,132,10,16,58,37,1,1,1
369,132,8,29,60,48,1,1,1
370,132,6,41,63,60,1,1,1
371,132,4,54,65,71,1,1,1
372,132,2,66,67,83,1,1,1
373,132,0,79,70,95,1,1,1
374,132,0,105,65,94,1,1,1
375,132,0,131,60,93,1,1,1
376,132,0,157,55,92,1,1,1
377,132,0,184,50,90,1,1,1
378,132,0,210,45,89,1,1,1
379,132,0,236,40,88,1,1,1
377,134,114,7,53,26,1,1,1
378,134,111,11,54,50,1,1,1
379,134,109,15,55,75,1,1,1
380,134,106,19,57,100,1,1,1
398,134,6,528,71,108,1,1,1
399,134,5,557,65,101,1,1,1
400,134,4,587,59,94,1,1,1
401,134,3,617,53,87,1,1,1
402,134,2,646,47,80,1,1,1
403,134,1,676,41,73,1,1,1
404,134,0,706,35,66,1,1,1
383,135,248,5,48,19,1,1,1
384,135,246,8,50,47,1,1,1
385,135,245,12,52,74,1,1,1
386,135,244,15,53,102,1,1,1
418,135,109,979,80,94,1,1,1
419,135,108,1000,76,74,1,1,1
420,135,108,1022,71,53,1,1,1
421,135,107,1044,67,32,1,1,1
385,136,104,3,63,21,1,1,1
386,136,102,11,62,43,1,1,1
387,136,100,19,62,66,1,1,1
388,136,98,27,62,89,1,1,1
412,136,8,727,72,103,1,1,1
413,136,6,755,68,99,1,1,1
414,136,5,784,63,95,1,1,1
415,136,4,813,58,91,1,1,1
416,136,3,842,53,86,1,1,1
417,136,2,871,48,82,1,1,1
418,136,1,900,43,78,1,1,1
391,137,292,0,59,32,1,1,1
392,137,292,12,59,60,1,1,1
393,137,293,25,58,87,1,1,1
418,137,308,978,59,76,1,1,1
419,137,308,1004,59,58,1,1,1
420,137,308,1030,59,40,1,1,1
392,138,152,0,48,30,1,1,1
393,138,149,0,50,62,1,1,1
394,138,147,0,51,94,1,1,1
426,138,7,931,90,95,1,1,1
427,138,6,956,83,80,1,1,1
428,138,5,981,77,66,1,1,1
429,138,4,1006,71,51,1,1,1
430,138,3,1031,65,37,1,1,1
399,140,86,7,49,18,1,1,1
400,140,86,12,51,40,1,1,1
401,140,86,18,54,62,1,1,1
402,140,86,24,57,84,1,1,1
435,140,67,988,59,82,1,1,1
436,140,66,1013,59,60,1,1,1
437,140,65,1039,59,37,1,1,1
406,141,186,5,53,22,1,1,1
407,141,184,13,55,43,1,1,1
408,141,183,22,56,64,1,1,1
409,141,182,30,57,86,1,1,1
410,141,181,39,58,107,1,1,1
442,141,149,976,59,101,1,1,1
443,141,147,1005,59,72,1,1,1
444,141,145,1035,59,43,1,1,1
418,143,178,3,54,17,1,1,1
419,143,177,5,54,45,1,1,1
420,143,177,8,53,72,1,1,1
421,143,176,10,53,100,1,1,1
453,143,142,963,50,98,1,1,1
454,143,139,994,51,72,1,1,1
455,143,137,1026,51,46,1,1,1
427,144,198,5,53,19,1,1,1
428,144,198,9,54,47,1,1,1
429,144,198,14,55,74,1,1,1
430,144,198,18,56,102,1,1,1
461,144,128,968,59,97,1,1,1
462,144,124,1000,59,69,1,1,1
463,144,120,1032,59,42,1,1,1
438,145,230,3,62,45,1,1,1
439,145,227,20,62,63,1,1,1
440,145,225,37,62,82,1,1,1
441,145,222,54,63,101,1,1,1
468,145,170,991,63,84,1,1,1
469,145,169,1001,63,74,1,1,1
470,145,168,1011,63,64,1,1,1
471,145,167,1021,63,55,1,1,1
472,145,166,1032,63,44,1,1,1
473,145,165,1042,63,35,1,1,1
474,145,164,1052,63,25,1,1,1
449,146,184,7,58,26,1,1,1
450,146,181,17,57,57,1,1,1
451,146,179,27,56,88,1,1,1
477,146,71,983,55,85,1,1,1
478,146,68,1008,55,63,1,1,1
479,146,65,1033,55,41,1,1,1
458,147,131,8,59,27,1,1,1
459,147,127,11,59,57,1,1,1
460,147,123,14,59,88,1,1,1
490,147,37,971,59,89,1,1,1
491,147,34,1003,59,63,1,1,1
492,147,31,1036,59,36,1,1,1
465,148,42,4,53,23,1,1,1
466,148,38,6,56,57,1,1,1
467,148,34,8,60,92,1,1,1
479,148,17,440,41,127,1,1,1
480,148,15,479,40,122,1,1,1
481,148,14,518,38,117,1,1,1
482,148,13,557,37,112,1,1,1
483,148,12,596,35,107,1,1,1
484,148,11,635,34,102,1,1,1
485,148,10,674,32,97,1,1,1
486,148,9,713,30,92,1,1,1
487,148,7,753,30,86,1,1,1
488,148,6,792,28,81,1,1,1
489,148,5,831,27,76,1,1,1
490,148,4,870,25,71,1,1,1
491,148,3,909,23,66,1,1,1
492,148,2,948,22,61,1,1,1
493,148,1,987,20,56,1,1,1
475,149,211,7,59,54,1,1,1
476,149,209,17,59,75,1,1,1
477,149,208,27,59,97,1,1,1
498,149,183,987,63,87,1,1,1
499,149,182,1002,63,72,1,1,1
500,149,182,1018,63,57,1,1,1
501,149,182,1034,63,42,1,1,1
502,149,182,1050,63,27,1,1,1
480,150,35,4,48,15,1,1,1
481,150,33,8,50,42,1,1,1
482,150,32,13,51,69,1,1,1
483,150,30,17,53,96,1,1,1
508,150,0,923,58,114,1,1,1
509,150,0,957,52,90,1,1,1
510,150,0,992,46,66,1,1,1
511,150,0,1026,40,42,1,1,1
482,151,162,3,60,48,1,1,1
483,151,160,8,60,66,1,1,1
484,151,158,13,60,84,1,1,1
542,152,1844,986,42,89,1,1,1
543,152,1844,1005,42,71,1,1,1
544,152,1844,1024,42,53,1,1,1
493,153,66,5,54,27,1,1,1
494,153,62,11,56,59,1,1,1
495,153,59,17,57,92,1,1,1
520,153,16,990,58,85,1,1,1
521,153,15,1016,58,60,1,1,1
522,153,14,1043,59,34,1,1,1
516,155,30,4,68,31,1,1,1
517,155,29,12,68,67,1,1,1
518,155,29,20,67,103,1,1,1
541,155,4,967,67,92,1,1,1
542,155,3,995,67,70,1,1,1
533,156,20,1,56,27,1,1,1
534,156,18,6,59,59,1,1,1
535,156,16,11,62,91,1,1,1
559,156,7,945,67,104,1,1,1
560,156,6,985,67,73,1,1,1
561,156,6,1026,66,42,1,1,1
575,158,0,31,43,66,1,1,1
576,158,0,62,43,77,1,1,1
577,158,0,94,42,88,1,1,1
578,158,0,125,42,99,1,1,1
579,158,0,157,42,110,1,1,1
580,158,0,203,41,111,1,1,1
581,158,0,250,41,112,1,1,1
582,158,0,296,41,114,1,1,1
583,158,0,343,40,115,1,1,1
584,158,0,389,40,117,1,1,1
585,158,0,436,40,118,1,1,1
586,158,0,482,39,120,1,1,1
587,158,0,529,39,121,1,1,1
588,158,0,575,39,123,1,1,1
589,158,0,622,38,124,1,1,1
590,158,0,668,38,126,1,1,1
591,158,0,715,38,127,1,1,1
592,158,0,761,38,114,1,1,1
593,158,0,808,38,101,1,1,1
594,158,0,854,38,89,1,1,1
595,158,1,901,38,76,1,1,1
596,158,1,947,38,64,1,1,1
597,158,1,994,38,51,1,1,1
586,160,62,3,57,28,1,1,1
587,160,62,25,56,52,1,1,1
588,160,62,48,56,75,1,1,1
589,160,62,70,56,99,1,1,1
608,162,18,7,56,33,1,1,1
609,162,19,22,57,64,1,1,1
610,162,20,38,58,95,1,1,1
633,163,0,43,41,121,1,1,1
634,163,1,83,44,123,1,1,1
635,163,1,123,47,125,1,1,1
636,163,2,163,50,127,1,1,1
637,163,2,202,54,129,1,1,1
638,163,3,242,56,131,1,1,1
639,163,3,282,60,133,1,1,1
656,163,57,947,62,105,1,1,1
657,163,57,985,62,75,1,1,1
658,163,57,1023,63,46,1,1,1
650,164,322,3,62,28,1,1,1
651,164,321,25,62,58,1,1,1
652,164,320,48,62,87,1,1,1
699,165,252,1029,63,50,1,1,1
685,166,350,4,62,29,1,1,1
686,166,346,17,62,69,1,1,1
687,166,343,30,61,109,1,1,1
