0,2,94,146,95,46,1,1,1
1,2,89,145,95,46,1,1,1
2,2,84,145,95,46,1,1,1
3,2,79,145,95,46,1,1,1
4,2,74,145,95,46,1,1,1
5,2,70,145,95,46,1,1,1
6,2,65,144,95,46,1,1,1
7,2,60,144,95,46,1,1,1
8,2,55,144,95,46,1,1,1
9,2,50,144,95,46,1,1,1
10,2,46,144,95,46,1,1,1
11,2,41,144,94,46,1,1,1
12,2,36,145,94,46,1,1,1
13,2,32,145,92,46,1,1,1
14,2,27,146,92,46,1,1,1
15,2,23,146,90,46,1,1,1
16,2,18,147,90,46,1,1,1
17,2,13,147,89,46,1,1,1
18,2,9,148,88,46,1,1,1
19,2,4,148,87,46,1,1,1
20,2,0,149,86,46,1,1,1
21,2,0,148,81,46,1,1,1
22,2,0,147,76,46,1,1,1
23,2,0,146,71,46,1,1,1
24,2,0,146,67,46,1,1,1
25,2,0,145,62,46,1,1,1
26,2,0,144,57,46,1,1,1
27,2,0,144,53,46,1,1,1
28,2,0,143,48,46,1,1,1
29,2,0,142,43,46,1,1,1
30,2,0,142,39,46,1,1,1
31,2,0,141,36,46,1,1,1
32,2,0,141,33,46,1,1,1
33,2,0,141,30,46,1,1,1
34,2,0,141,28,46,1,1,1
35,2,0,141,25,46,1,1,1
36,2,0,141,22,46,1,1,1
37,2,0,141,20,46,1,1,1
38,2,0,141,17,46,1,1,1
39,2,0,141,14,46,1,1,1
20,3,0,161,200,105,1,1,1
21,3,0,161,191,104,1,1,1
22,3,0,161,182,104,1,1,1
23,3,0,161,173,103,1,1,1
24,3,0,161,165,103,1,1,1
25,3,0,162,156,102,1,1,1
26,3,0,162,147,101,1,1,1
27,3,0,162,139,101,1,1,1
28,3,0,162,130,100,1,1,1
29,3,0,162,121,100,1,1,1
30,3,0,163,113,99,1,1,1
31,3,0,163,106,99,1,1,1
32,3,0,163,99,99,1,1,1
33,3,0,163,92,99,1,1,1
34,3,0,163,85,99,1,1,1
35,3,0,163,78,99,1,1,1
36,3,0,163,71,99,1,1,1
37,3,0,163,64,99,1,1,1
38,3,0,163,57,99,1,1,1
39,3,0,163,50,99,1,1,1
0,5,278,133,86,40,1,1,1
1,5,273,132,87,41,1,1,1
2,5,269,132,88,42,1,1,1
3,5,265,132,88,42,1,1,1
4,5,260,132,90,43,1,1,1
5,5,256,132,90,44,1,1,1
6,5,252,132,91,44,1,1,1
7,5,247,132,92,45,1,1,1
8,5,243,132,93,45,1,1,1
9,5,239,132,93,46,1,1,1
10,5,235,132,94,47,1,1,1
11,5,229,132,94,47,1,1,1
12,5,223,132,94,47,1,1,1
13,5,217,132,94,47,1,1,1
14,5,211,132,94,47,1,1,1
15,5,205,132,94,47,1,1,1
16,5,199,132,94,47,1,1,1
17,5,193,132,94,47,1,1,1
18,5,187,132,94,47,1,1,1
19,5,181,132,94,47,1,1,1
80,5,0,127,63,48,1,1,1
81,5,0,126,59,48,1,1,1
82,5,0,126,55,48,1,1,1
83,5,0,126,51,48,1,1,1
84,5,0,126,47,48,1,1,1
85,5,0,126,44,48,1,1,1
86,5,0,126,40,48,1,1,1
87,5,0,126,36,48,1,1,1
88,5,0,126,32,48,1,1,1
89,5,0,126,28,48,1,1,1
130,6,0,142,83,41,1,1,1
131,6,0,142,78,41,1,1,1
132,6,0,142,73,41,1,1,1
133,6,0,142,68,41,1,1,1
134,6,0,142,63,41,1,1,1
135,6,0,143,59,41,1,1,1
136,6,0,143,54,41,1,1,1
137,6,0,143,49,41,1,1,1
138,6,0,143,44,41,1,1,1
139,6,0,143,39,41,1,1,1
210,18,0,205,175,94,1,1,1
211,18,0,205,166,93,1,1,1
212,18,0,205,157,93,1,1,1
213,18,0,205,148,93,1,1,1
214,18,0,205,139,93,1,1,1
215,18,0,205,131,93,1,1,1
216,18,0,205,122,93,1,1,1
217,18,0,205,113,93,1,1,1
218,18,0,205,104,93,1,1,1
219,18,0,205,95,93,1,1,1
40,20,1194,219,89,46,1,1,1
41,20,1188,218,89,46,1,1,1
42,20,1182,218,89,46,1,1,1
43,20,1176,218,89,46,1,1,1
44,20,1170,218,89,46,1,1,1
45,20,1164,218,89,46,1,1,1
46,20,1158,217,89,46,1,1,1
47,20,1152,217,89,46,1,1,1
48,20,1146,217,89,46,1,1,1
49,20,1140,217,89,46,1,1,1
50,20,1135,217,89,46,1,1,1
51,20,1128,216,89,46,1,1,1
52,20,1122,216,89,46,1,1,1
53,20,1116,215,89,46,1,1,1
54,20,1110,215,89,46,1,1,1
55,20,1104,214,89,46,1,1,1
56,20,1097,214,89,46,1,1,1
57,20,1091,213,89,46,1,1,1
58,20,1085,213,89,46,1,1,1
59,20,1079,212,89,46,1,1,1
60,20,1073,212,89,46,1,1,1
61,20,1066,211,89,46,1,1,1
62,20,1059,211,89,46,1,1,1
63,20,1052,211,89,46,1,1,1
64,20,1045,211,89,46,1,1,1
65,20,1039,211,89,46,1,1,1
66,20,1032,211,89,46,1,1,1
67,20,1025,211,89,46,1,1,1
68,20,1018,211,89,46,1,1,1
69,20,1011,211,89,46,1,1,1
70,20,1005,211,89,46,1,1,1
71,20,997,210,89,46,1,1,1
72,20,990,210,89,46,1,1,1
73,20,983,209,89,46,1,1,1
74,20,976,209,89,46,1,1,1
75,20,969,209,89,46,1,1,1
76,20,961,208,89,46,1,1,1
77,20,954,208,89,46,1,1,1
78,20,947,207,89,46,1,1,1
79,20,940,207,89,46,1,1,1
80,20,933,207,89,46,1,1,1
81,20,925,206,89,46,1,1,1
82,20,917,206,89,46,1,1,1
83,20,909,205,89,46,1,1,1
84,20,901,205,89,46,1,1,1
85,20,893,204,89,46,1,1,1
86,20,885,204,89,46,1,1,1
87,20,877,203,89,46,1,1,1
88,20,869,203,89,46,1,1,1
89,20,861,202,89,46,1,1,1
90,20,854,202,89,46,1,1,1
91,20,845,201,89,46,1,1,1
92,20,837,201,89,46,1,1,1
93,20,829,201,89,46,1,1,1
94,20,820,201,89,46,1,1,1
95,20,812,201,89,46,1,1,1
96,20,804,201,89,46,1,1,1
97,20,795,201,89,46,1,1,1
98,20,787,201,89,46,1,1,1
99,20,779,201,89,46,1,1,1
100,20,771,201,89,46,1,1,1
101,20,762,200,89,46,1,1,1
102,20,753,200,89,46,1,1,1
103,20,744,200,89,46,1,1,1
104,20,736,199,89,46,1,1,1
105,20,727,199,89,46,1,1,1
106,20,718,199,89,46,1,1,1
107,20,710,198,89,46,1,1,1
108,20,701,198,89,46,1,1,1
109,20,692,198,89,46,1,1,1
110,20,684,198,89,46,1,1,1
111,20,674,197,89,46,1,1,1
112,20,664,197,89,46,1,1,1
113,20,654,197,89,46,1,1,1
114,20,644,197,89,46,1,1,1
115,20,635,197,89,46,1,1,1
116,20,625,196,89,46,1,1,1
117,20,615,196,89,46,1,1,1
118,20,605,196,89,46,1,1,1
119,20,595,196,89,46,1,1,1
120,20,586,196,89,46,1,1,1
121,20,576,195,89,46,1,1,1
122,20,567,195,89,46,1,1,1
123,20,558,195,89,46,1,1,1
124,20,549,195,89,46,1,1,1
125,20,540,195,89,46,1,1,1
126,20,531,195,89,46,1,1,1
127,20,522,195,89,46,1,1,1
128,20,513,195,89,46,1,1,1
129,20,504,195,89,46,1,1,1
0,25,1828,339,89,47,1,1,1
1,25,1821,338,91,47,1,1,1
2,25,1814,338,93,47,1,1,1
3,25,1807,338,95,47,1,1,1
4,25,1801,338,97,46,1,1,1
5,25,1794,338,99,46,1,1,1
6,25,1787,337,101,47,1,1,1
7,25,1781,337,103,46,1,1,1
8,25,1774,337,105,46,1,1,1
9,25,1767,337,107,46,1,1,1
0,26,1884,215,34,45,1,1,1
1,26,1874,214,41,46,1,1,1
2,26,1865,214,47,46,1,1,1
3,26,1855,213,54,47,1,1,1
4,26,1846,213,61,47,1,1,1
5,26,1836,213,68,47,1,1,1
6,26,1827,212,74,48,1,1,1
7,26,1817,212,82,48,1,1,1
8,26,1808,211,88,49,1,1,1
9,26,1798,211,95,49,1,1,1
0,27,1880,403,38,40,1,1,1
1,27,1872,402,45,41,1,1,1
2,27,1864,402,53,41,1,1,1
3,27,1857,402,59,41,1,1,1
4,27,1849,401,67,43,1,1,1
5,27,1842,401,73,43,1,1,1
6,27,1834,401,81,43,1,1,1
7,27,1826,400,88,45,1,1,1
8,27,1819,400,95,45,1,1,1
9,27,1811,400,102,45,1,1,1
290,27,0,388,99,44,1,1,1
291,27,0,388,91,44,1,1,1
292,27,0,388,84,44,1,1,1
293,27,0,389,76,44,1,1,1
294,27,0,389,69,44,1,1,1
295,27,0,390,62,44,1,1,1
296,27,0,390,54,44,1,1,1
297,27,0,390,47,44,1,1,1
298,27,0,391,39,44,1,1,1
299,27,0,391,32,44,1,1,1
10,28,1855,265,63,49,1,1,1
11,28,1845,265,70,48,1,1,1
12,28,1835,265,77,48,1,1,1
13,28,1825,265,84,48,1,1,1
14,28,1815,265,91,47,1,1,1
15,28,1806,265,97,47,1,1,1
16,28,1796,265,104,47,1,1,1
17,28,1786,265,111,46,1,1,1
18,28,1776,265,118,46,1,1,1
19,28,1766,265,125,46,1,1,1
20,29,1851,339,68,45,1,1,1
21,29,1845,339,71,45,1,1,1
22,29,1839,339,75,45,1,1,1
23,29,1833,339,79,45,1,1,1
24,29,1827,339,82,45,1,1,1
25,29,1821,339,86,45,1,1,1
26,29,1815,339,90,45,1,1,1
27,29,1809,339,93,45,1,1,1
28,29,1803,339,97,45,1,1,1
29,29,1797,339,101,45,1,1,1
30,30,1855,217,62,51,1,1,1
31,30,1848,217,65,51,1,1,1
32,30,1841,217,69,51,1,1,1
33,30,1834,217,73,51,1,1,1
34,30,1827,217,77,51,1,1,1
35,30,1820,217,81,51,1,1,1
36,30,1813,217,84,51,1,1,1
37,30,1806,217,88,51,1,1,1
38,30,1799,217,92,51,1,1,1
39,30,1792,217,96,51,1,1,1
40,31,1900,334,19,38,1,1,1
41,31,1896,333,23,39,1,1,1
42,31,1893,332,26,40,1,1,1
43,31,1889,331,30,41,1,1,1
44,31,1886,331,33,41,1,1,1
45,31,1883,330,36,42,1,1,1
46,31,1879,329,40,43,1,1,1
47,31,1876,329,43,43,1,1,1
48,31,1872,328,47,44,1,1,1
49,31,1869,327,50,45,1,1,1
50,31,1866,327,53,46,1,1,1
51,31,1861,327,58,45,1,1,1
52,31,1857,327,62,45,1,1,1
53,31,1852,327,67,45,1,1,1
54,31,1848,327,71,45,1,1,1
55,31,1843,327,76,45,1,1,1
56,31,1839,327,80,45,1,1,1
57,31,1834,327,85,45,1,1,1
58,31,1830,327,89,45,1,1,1
59,31,1825,327,94,45,1,1,1
60,31,1821,327,98,45,1,1,1
61,31,1815,326,99,45,1,1,1
62,31,1810,326,100,45,1,1,1
63,31,1805,326,100,45,1,1,1
64,31,1799,326,102,45,1,1,1
65,31,1794,326,103,45,1,1,1
66,31,1789,326,103,44,1,1,1
67,31,1783,326,105,44,1,1,1
68,31,1778,326,105,44,1,1,1
69,31,1773,326,106,44,1,1,1
60,32,1842,264,75,44,1,1,1
61,32,1835,263,77,44,1,1,1
62,32,1828,263,79,44,1,1,1
63,32,1821,263,81,44,1,1,1
64,32,1814,263,84,43,1,1,1
65,32,1807,263,86,43,1,1,1
66,32,1800,262,88,44,1,1,1
67,32,1793,262,91,43,1,1,1
68,32,1786,262,93,43,1,1,1
69,32,1779,262,95,43,1,1,1
60,33,1850,223,68,37,1,1,1
61,33,1842,223,71,37,1,1,1
62,33,1834,223,75,38,1,1,1
63,33,1826,223,79,38,1,1,1
64,33,1818,223,82,39,1,1,1
65,33,1811,223,85,39,1,1,1
66,33,1803,223,89,40,1,1,1
67,33,1795,223,92,40,1,1,1
68,33,1787,223,96,41,1,1,1
69,33,1779,223,100,41,1,1,1
81,34,1892,330,26,55,1,1,1
82,34,1886,329,32,55,1,1,1
83,34,1881,329,37,55,1,1,1
84,34,1876,329,42,55,1,1,1
85,34,1870,329,48,55,1,1,1
86,34,1865,329,53,54,1,1,1
87,34,1860,329,58,54,1,1,1
88,34,1854,329,64,54,1,1,1
89,34,1849,329,69,54,1,1,1
90,34,1844,329,74,54,1,1,1
91,34,1837,329,81,54,1,1,1
92,34,1830,329,88,54,1,1,1
93,34,1823,329,95,54,1,1,1
94,34,1817,330,101,54,1,1,1
95,34,1810,329,104,54,1,1,1
96,34,1804,328,106,55,1,1,1
97,34,1797,328,110,55,1,1,1
98,34,1791,327,112,56,1,1,1
99,34,1784,326,115,57,1,1,1
84,35,1886,274,32,45,1,1,1
85,35,1878,273,40,45,1,1,1
86,35,1871,273,47,45,1,1,1
87,35,1863,273,55,44,1,1,1
88,35,1856,272,62,45,1,1,1
89,35,1848,272,70,45,1,1,1
90,35,1841,272,77,44,1,1,1
91,35,1833,271,85,45,1,1,1
92,35,1826,271,92,44,1,1,1
93,35,1818,271,100,44,1,1,1
94,35,1811,271,107,44,1,1,1
95,35,1803,270,107,44,1,1,1
96,35,1795,270,107,44,1,1,1
97,35,1787,270,107,44,1,1,1
98,35,1779,270,107,44,1,1,1
99,35,1771,270,107,44,1,1,1
100,35,1763,269,107,44,1,1,1
101,35,1755,269,107,44,1,1,1
102,35,1747,269,107,44,1,1,1
103,35,1739,269,107,44,1,1,1
104,35,1732,269,107,44,1,1,1
105,35,1723,268,107,44,1,1,1
106,35,1715,268,107,44,1,1,1
107,35,1707,268,107,44,1,1,1
108,35,1699,268,107,44,1,1,1
109,35,1691,268,107,44,1,1,1
110,35,1682,267,107,44,1,1,1
111,35,1674,267,107,44,1,1,1
112,35,1666,267,107,44,1,1,1
113,35,1658,267,107,44,1,1,1
114,35,1650,267,107,44,1,1,1
115,35,1641,266,107,44,1,1,1
116,35,1632,266,107,44,1,1,1
117,35,1623,266,107,44,1,1,1
118,35,1614,266,107,44,1,1,1
119,35,1605,266,107,44,1,1,1
120,35,1596,265,107,44,1,1,1
121,35,1587,265,107,44,1,1,1
122,35,1578,265,107,44,1,1,1
123,35,1569,265,107,44,1,1,1
134,36,1899,326,20,50,1,1,1
135,36,1891,323,27,53,1,1,1
136,36,1883,320,35,56,1,1,1
137,36,1875,317,43,59,1,1,1
138,36,1867,314,50,63,1,1,1
139,36,1859,311,58,66,1,1,1
140,36,1851,308,66,69,1,1,1
141,36,1843,305,73,73,1,1,1
142,36,1835,302,81,76,1,1,1
143,36,1827,299,89,79,1,1,1
144,36,1820,296,96,83,1,1,1
145,36,1812,296,103,83,1,1,1
146,36,1805,296,109,83,1,1,1
147,36,1797,296,117,83,1,1,1
148,36,1790,296,123,84,1,1,1
149,36,1782,296,131,84,1,1,1
150,36,1775,296,137,84,1,1,1
151,36,1767,296,144,85,1,1,1
152,36,1760,296,151,85,1,1,1
153,36,1752,296,158,85,1,1,1
114,37,1877,319,43,50,1,1,1
115,37,1869,319,49,49,1,1,1
116,37,1862,319,55,49,1,1,1
117,37,1855,319,61,49,1,1,1
118,37,1847,319,67,49,1,1,1
119,37,1840,319,73,49,1,1,1
120,37,1833,319,79,48,1,1,1
121,37,1825,319,85,48,1,1,1
122,37,1818,319,91,48,1,1,1
123,37,1811,319,97,48,1,1,1
124,38,1871,263,48,55,1,1,1
125,38,1861,263,56,54,1,1,1
126,38,1852,263,63,54,1,1,1
127,38,1842,263,71,54,1,1,1
128,38,1833,263,78,54,1,1,1
129,38,1823,263,86,54,1,1,1
130,38,1814,263,93,54,1,1,1
131,38,1804,263,101,54,1,1,1
132,38,1795,263,108,54,1,1,1
133,38,1785,263,116,54,1,1,1
150,39,1883,257,35,40,1,1,1
151,39,1872,256,42,41,1,1,1
152,39,1862,256,49,41,1,1,1
153,39,1851,256,57,41,1,1,1
154,39,1841,256,64,42,1,1,1
155,39,1830,256,72,42,1,1,1
156,39,1820,255,79,43,1,1,1
157,39,1809,255,87,44,1,1,1
158,39,1799,255,94,44,1,1,1
159,39,1788,255,102,44,1,1,1
170,40,1868,289,49,87,1,1,1
171,40,1859,289,58,86,1,1,1
172,40,1851,289,66,86,1,1,1
173,40,1843,289,74,86,1,1,1
174,40,1834,289,83,86,1,1,1
175,40,1826,289,91,86,1,1,1
176,40,1818,289,99,86,1,1,1
177,40,1809,289,108,86,1,1,1
178,40,1801,289,116,86,1,1,1
179,40,1793,289,124,86,1,1,1
180,40,1785,289,132,86,1,1,1
181,40,1776,287,141,88,1,1,1
182,40,1768,285,149,90,1,1,1
183,40,1760,284,157,91,1,1,1
184,40,1752,282,165,93,1,1,1
185,40,1744,281,174,95,1,1,1
186,40,1736,279,182,97,1,1,1
187,40,1728,277,190,99,1,1,1
188,40,1720,276,198,100,1,1,1
189,40,1712,274,206,102,1,1,1
190,40,1704,273,215,104,1,1,1
191,40,1694,273,224,104,1,1,1
192,40,1685,273,232,104,1,1,1
193,40,1676,273,240,104,1,1,1
194,40,1666,273,250,104,1,1,1
195,40,1657,274,258,103,1,1,1
196,40,1648,274,266,103,1,1,1
197,40,1638,274,276,103,1,1,1
198,40,1629,274,284,103,1,1,1
199,40,1620,274,292,103,1,1,1
170,41,1893,259,26,43,1,1,1
171,41,1882,258,33,44,1,1,1
172,41,1872,258,40,44,1,1,1
173,41,1862,258,47,45,1,1,1
174,41,1852,258,53,45,1,1,1
175,41,1842,258,60,46,1,1,1
176,41,1831,258,68,46,1,1,1
177,41,1821,258,74,46,1,1,1
178,41,1811,258,81,47,1,1,1
179,41,1801,258,88,47,1,1,1
359,41,0,345,92,46,1,1,1
200,42,1859,251,58,53,1,1,1
201,42,1847,251,63,53,1,1,1
202,42,1835,252,68,53,1,1,1
203,42,1823,253,73,53,1,1,1
204,42,1811,254,78,52,1,1,1
205,42,1800,254,82,53,1,1,1
206,42,1788,255,87,53,1,1,1
207,42,1776,256,92,52,1,1,1
208,42,1764,257,97,52,1,1,1
209,42,1753,258,101,52,1,1,1
210,42,1740,257,101,52,1,1,1
211,42,1727,257,102,52,1,1,1
212,42,1714,257,102,52,1,1,1
213,42,1701,257,103,52,1,1,1
214,42,1688,257,103,52,1,1,1
215,42,1675,256,104,52,1,1,1
216,42,1662,256,104,52,1,1,1
217,42,1649,256,105,52,1,1,1
218,42,1636,256,105,52,1,1,1
219,42,1623,256,106,52,1,1,1
220,42,1611,256,106,52,1,1,1
221,42,1599,255,106,52,1,1,1
222,42,1587,255,106,52,1,1,1
223,42,1575,254,106,52,1,1,1
224,42,1563,254,106,52,1,1,1
225,42,1551,253,106,52,1,1,1
226,42,1539,253,106,52,1,1,1
227,42,1527,252,106,52,1,1,1
228,42,1515,252,106,52,1,1,1
229,42,1503,251,106,52,1,1,1
230,42,1491,251,106,52,1,1,1
231,42,1479,251,106,51,1,1,1
232,42,1467,251,106,51,1,1,1
233,42,1455,252,106,50,1,1,1
234,42,1444,252,105,50,1,1,1
235,42,1432,253,106,49,1,1,1
236,42,1420,253,106,48,1,1,1
237,42,1409,253,105,48,1,1,1
238,42,1397,254,105,47,1,1,1
239,42,1385,254,105,47,1,1,1
240,42,1374,255,105,46,1,1,1
241,42,1362,255,105,46,1,1,1
242,42,1350,255,105,46,1,1,1
243,42,1338,255,105,46,1,1,1
244,42,1326,255,105,46,1,1,1
245,42,1315,255,105,46,1,1,1
246,42,1303,255,105,46,1,1,1
247,42,1291,255,105,46,1,1,1
248,42,1279,255,105,46,1,1,1
249,42,1268,255,105,46,1,1,1
250,42,1257,255,105,46,1,1,1
251,42,1246,255,105,46,1,1,1
252,42,1235,255,105,46,1,1,1
253,42,1225,255,105,46,1,1,1
254,42,1214,256,105,46,1,1,1
255,42,1203,256,105,46,1,1,1
256,42,1193,256,105,46,1,1,1
257,42,1182,256,105,46,1,1,1
258,42,1171,256,105,46,1,1,1
259,42,1161,257,105,46,1,1,1
260,42,1151,256,105,46,1,1,1
261,42,1141,256,105,46,1,1,1
262,42,1132,256,105,46,1,1,1
263,42,1122,255,105,46,1,1,1
264,42,1113,255,105,46,1,1,1
265,42,1103,255,105,46,1,1,1
266,42,1093,254,105,46,1,1,1
267,42,1084,254,105,46,1,1,1
268,42,1074,254,105,46,1,1,1
269,42,1065,254,105,46,1,1,1
270,42,1055,253,105,46,1,1,1
271,42,1046,253,105,46,1,1,1
272,42,1036,253,105,46,1,1,1
273,42,1027,253,105,46,1,1,1
274,42,1017,253,105,46,1,1,1
275,42,1008,252,105,46,1,1,1
276,42,998,252,105,46,1,1,1
277,42,989,252,105,46,1,1,1
278,42,979,252,105,46,1,1,1
279,42,970,252,105,46,1,1,1
280,42,961,252,105,46,1,1,1
281,42,952,252,105,46,1,1,1
282,42,943,252,105,46,1,1,1
283,42,935,252,105,46,1,1,1
284,42,926,252,105,46,1,1,1
285,42,917,252,105,46,1,1,1
286,42,909,252,105,46,1,1,1
287,42,900,252,105,46,1,1,1
288,42,891,252,105,46,1,1,1
289,42,883,253,105,46,1,1,1
290,42,874,253,105,46,1,1,1
291,42,866,253,105,46,1,1,1
292,42,857,254,105,46,1,1,1
293,42,849,254,105,46,1,1,1
294,42,841,255,105,46,1,1,1
295,42,832,255,105,46,1,1,1
296,42,824,255,105,46,1,1,1
297,42,815,256,105,46,1,1,1
298,42,807,256,105,46,1,1,1
299,42,799,257,105,46,1,1,1
300,42,790,257,105,46,1,1,1
301,42,782,258,105,46,1,1,1
302,42,774,259,105,46,1,1,1
303,42,766,260,105,46,1,1,1
304,42,758,261,105,46,1,1,1
305,42,749,262,105,46,1,1,1
306,42,741,263,105,46,1,1,1
307,42,733,264,105,46,1,1,1
308,42,725,265,105,46,1,1,1
309,42,717,266,105,46,1,1,1
310,42,707,267,105,46,1,1,1
311,42,698,269,105,46,1,1,1
312,42,689,270,105,46,1,1,1
313,42,680,272,105,46,1,1,1
314,42,671,274,105,46,1,1,1
315,42,662,275,105,46,1,1,1
316,42,653,277,105,46,1,1,1
317,42,644,278,105,46,1,1,1
318,42,635,280,105,46,1,1,1
319,42,626,282,105,46,1,1,1
320,42,616,283,105,46,1,1,1
321,42,607,285,105,46,1,1,1
322,42,598,287,105,46,1,1,1
323,42,589,289,105,46,1,1,1
324,42,580,291,105,46,1,1,1
325,42,570,293,105,46,1,1,1
326,42,561,295,105,46,1,1,1
327,42,552,297,105,46,1,1,1
328,42,543,299,105,46,1,1,1
329,42,534,301,105,46,1,1,1
330,42,524,302,105,46,1,1,1
331,42,514,304,105,46,1,1,1
332,42,505,305,105,46,1,1,1
333,42,495,307,105,46,1,1,1
334,42,486,309,105,46,1,1,1
335,42,476,310,105,46,1,1,1
336,42,466,312,105,46,1,1,1
337,42,457,313,105,46,1,1,1
338,42,447,315,105,46,1,1,1
339,42,438,317,105,46,1,1,1
340,42,428,318,105,46,1,1,1
341,42,418,320,105,46,1,1,1
342,42,408,322,105,46,1,1,1
343,42,398,324,105,46,1,1,1
344,42,388,326,105,46,1,1,1
345,42,378,328,105,46,1,1,1
346,42,368,330,105,46,1,1,1
347,42,358,332,105,46,1,1,1
348,42,348,334,105,46,1,1,1
349,42,339,336,105,46,1,1,1
350,42,327,337,105,46,1,1,1
351,42,316,338,105,46,1,1,1
352,42,305,339,105,46,1,1,1
353,42,293,341,105,46,1,1,1
354,42,282,342,105,46,1,1,1
355,42,271,343,105,46,1,1,1
356,42,259,345,105,46,1,1,1
357,42,248,346,105,46,1,1,1
358,42,237,347,105,46,1,1,1
359,42,226,349,105,46,1,1,1
220,44,1833,317,85,48,1,1,1
221,44,1823,316,87,48,1,1,1
222,44,1814,316,89,48,1,1,1
223,44,1805,316,91,47,1,1,1
224,44,1796,315,93,48,1,1,1
225,44,1787,315,95,48,1,1,1
226,44,1778,315,96,47,1,1,1
227,44,1769,314,98,48,1,1,1
228,44,1760,314,100,47,1,1,1
229,44,1751,314,102,47,1,1,1
200,45,1891,381,28,46,1,1,1
201,45,1877,380,35,46,1,1,1
202,45,1863,379,43,46,1,1,1
203,45,1849,379,51,45,1,1,1
204,45,1835,378,59,45,1,1,1
205,45,1822,378,66,45,1,1,1
206,45,1808,377,74,45,1,1,1
207,45,1794,377,82,44,1,1,1
208,45,1780,376,90,44,1,1,1
229,46,1872,200,46,48,1,1,1
230,46,1859,200,51,47,1,1,1
231,46,1846,200,56,47,1,1,1
232,46,1833,200,61,47,1,1,1
233,46,1820,200,66,47,1,1,1
234,46,1807,200,71,47,1,1,1
235,46,1794,200,76,47,1,1,1
236,46,1781,200,81,47,1,1,1
237,46,1768,200,86,47,1,1,1
238,46,1755,200,91,47,1,1,1
239,47,1814,245,104,47,1,1,1
240,47,1802,244,104,48,1,1,1
241,47,1790,244,105,48,1,1,1
242,47,1778,244,106,48,1,1,1
243,47,1766,244,106,48,1,1,1
244,47,1754,244,107,48,1,1,1
245,47,1742,243,108,49,1,1,1
246,47,1730,243,108,49,1,1,1
247,47,1718,243,109,49,1,1,1
248,47,1706,243,110,49,1,1,1
239,48,1865,279,51,87,1,1,1
240,48,1856,277,60,89,1,1,1
241,48,1847,276,69,90,1,1,1
242,48,1838,275,78,91,1,1,1
243,48,1830,274,86,92,1,1,1
244,48,1821,273,96,94,1,1,1
245,48,1812,271,105,96,1,1,1
246,48,1804,270,113,97,1,1,1
247,48,1795,269,122,98,1,1,1
248,48,1786,268,131,99,1,1,1
249,48,1778,267,140,101,1,1,1
250,48,1769,267,149,100,1,1,1
251,48,1760,267,158,100,1,1,1
252,48,1751,267,167,100,1,1,1
253,48,1742,267,176,100,1,1,1
254,48,1733,267,185,100,1,1,1
255,48,1724,267,194,100,1,1,1
256,48,1715,267,203,100,1,1,1
257,48,1706,267,212,100,1,1,1
258,48,1697,267,221,100,1,1,1
259,48,1688,267,231,100,1,1,1
260,48,1679,266,239,100,1,1,1
261,48,1670,266,248,99,1,1,1
262,48,1661,265,257,99,1,1,1
263,48,1652,265,265,98,1,1,1
264,48,1644,265,273,98,1,1,1
265,48,1635,264,282,98,1,1,1
266,48,1626,264,290,97,1,1,1
267,48,1617,263,299,97,1,1,1
268,48,1608,263,308,96,1,1,1
269,48,1600,263,316,96,1,1,1
270,48,1590,262,323,97,1,1,1
271,48,1580,262,330,98,1,1,1
272,48,1571,262,337,99,1,1,1
273,48,1561,262,344,99,1,1,1
274,48,1552,262,351,100,1,1,1
275,48,1542,261,358,102,1,1,1
276,48,1532,261,365,102,1,1,1
277,48,1523,261,372,103,1,1,1
278,48,1513,261,379,104,1,1,1
243,49,1867,371,49,47,1,1,1
244,49,1853,371,53,46,1,1,1
245,49,1839,371,58,46,1,1,1
246,49,1825,371,63,46,1,1,1
247,49,1811,371,68,46,1,1,1
248,49,1797,371,73,46,1,1,1
249,49,1783,371,77,46,1,1,1
250,49,1769,371,82,46,1,1,1
251,49,1755,371,87,46,1,1,1
252,49,1741,371,92,46,1,1,1
269,51,1847,242,67,41,1,1,1
270,51,1835,242,69,41,1,1,1
271,51,1824,242,71,41,1,1,1
272,51,1812,242,74,41,1,1,1
273,51,1801,242,76,41,1,1,1
274,51,1789,242,79,41,1,1,1
275,51,1778,242,81,41,1,1,1
276,51,1766,242,84,41,1,1,1
277,51,1755,242,86,41,1,1,1
278,51,1743,242,89,41,1,1,1
279,51,1732,243,91,40,1,1,1
280,51,1720,242,91,40,1,1,1
281,51,1708,241,91,40,1,1,1
282,51,1696,241,91,40,1,1,1
283,51,1684,240,91,40,1,1,1
284,51,1672,240,91,40,1,1,1
285,51,1660,239,91,40,1,1,1
286,51,1648,238,91,40,1,1,1
287,51,1636,238,91,40,1,1,1
288,51,1624,237,91,40,1,1,1
289,51,1612,237,91,40,1,1,1
290,51,1601,238,91,40,1,1,1
291,51,1590,239,91,40,1,1,1
292,51,1579,240,91,40,1,1,1
293,51,1568,241,91,40,1,1,1
294,51,1557,242,91,40,1,1,1
295,51,1546,243,91,40,1,1,1
296,51,1535,244,91,40,1,1,1
297,51,1524,245,91,40,1,1,1
298,51,1513,246,91,40,1,1,1
299,51,1503,247,91,40,1,1,1
300,51,1491,247,91,40,1,1,1
301,51,1480,248,91,40,1,1,1
302,51,1469,249,91,40,1,1,1
303,51,1457,250,91,40,1,1,1
304,51,1446,251,91,40,1,1,1
305,51,1435,252,91,40,1,1,1
306,51,1423,253,91,40,1,1,1
307,51,1412,254,91,40,1,1,1
308,51,1401,255,91,40,1,1,1
309,51,1390,256,91,40,1,1,1
310,51,1378,257,91,40,1,1,1
311,51,1367,259,91,40,1,1,1
312,51,1356,261,91,40,1,1,1
313,51,1344,262,91,40,1,1,1
314,51,1333,264,91,40,1,1,1
315,51,1322,266,91,40,1,1,1
316,51,1310,267,91,40,1,1,1
317,51,1299,269,91,40,1,1,1
318,51,1288,271,91,40,1,1,1
319,51,1277,273,91,40,1,1,1
320,51,1264,274,91,40,1,1,1
321,51,1252,276,91,40,1,1,1
322,51,1239,277,91,40,1,1,1
323,51,1227,279,91,40,1,1,1
324,51,1215,281,91,40,1,1,1
325,51,1202,282,91,40,1,1,1
326,51,1190,284,91,40,1,1,1
327,51,1177,285,91,40,1,1,1
328,51,1165,287,91,40,1,1,1
329,51,1153,289,91,40,1,1,1
330,51,1140,291,91,40,1,1,1
331,51,1128,293,91,40,1,1,1
332,51,1116,295,91,40,1,1,1
333,51,1103,298,91,40,1,1,1
334,51,1091,300,91,40,1,1,1
335,51,1079,302,91,40,1,1,1
336,51,1066,305,91,40,1,1,1
337,51,1054,307,91,40,1,1,1
338,51,1042,309,91,40,1,1,1
339,51,1030,312,91,40,1,1,1
340,51,1018,312,90,41,1,1,1
341,51,1006,313,90,42,1,1,1
342,51,994,314,90,42,1,1,1
343,51,982,315,90,43,1,1,1
344,51,970,316,90,44,1,1,1
345,51,958,317,90,44,1,1,1
346,51,946,318,90,45,1,1,1
347,51,934,319,90,45,1,1,1
348,51,922,320,90,46,1,1,1
349,51,910,321,90,47,1,1,1
350,51,898,322,90,47,1,1,1
351,51,886,323,90,47,1,1,1
352,51,874,325,90,47,1,1,1
353,51,863,326,90,47,1,1,1
354,51,851,328,90,47,1,1,1
355,51,839,329,90,47,1,1,1
356,51,828,330,90,47,1,1,1
357,51,816,332,90,47,1,1,1
358,51,804,333,90,47,1,1,1
359,51,793,335,90,47,1,1,1
289,52,1803,261,93,52,1,1,1
290,52,1791,261,93,52,1,1,1
291,52,1780,261,93,52,1,1,1
292,52,1768,261,93,52,1,1,1
293,52,1757,262,93,52,1,1,1
294,52,1745,262,93,52,1,1,1
295,52,1734,262,93,52,1,1,1
296,52,1722,263,93,52,1,1,1
297,52,1711,263,93,52,1,1,1
298,52,1699,263,93,52,1,1,1
299,52,1688,264,93,52,1,1,1
300,52,1677,264,93,52,1,1,1
301,52,1667,265,93,52,1,1,1
302,52,1657,266,93,52,1,1,1
303,52,1646,267,93,52,1,1,1
304,52,1636,268,93,52,1,1,1
305,52,1626,268,93,52,1,1,1
306,52,1615,269,93,52,1,1,1
307,52,1605,270,93,52,1,1,1
308,52,1595,271,93,52,1,1,1
309,52,1585,272,93,52,1,1,1
310,52,1573,273,94,52,1,1,1
311,52,1561,274,95,52,1,1,1
312,52,1550,276,95,51,1,1,1
313,52,1538,277,96,52,1,1,1
314,52,1527,279,96,51,1,1,1
315,52,1515,280,97,51,1,1,1
316,52,1503,281,98,52,1,1,1
317,52,1492,283,98,51,1,1,1
318,52,1480,284,99,51,1,1,1
319,52,1469,286,100,51,1,1,1
320,52,1457,287,100,51,1,1,1
321,52,1446,289,100,51,1,1,1
322,52,1435,290,100,51,1,1,1
323,52,1423,292,100,51,1,1,1
324,52,1412,293,100,51,1,1,1
325,52,1401,295,100,51,1,1,1
326,52,1389,296,100,51,1,1,1
327,52,1378,298,100,51,1,1,1
328,52,1367,299,100,51,1,1,1
329,52,1356,301,100,51,1,1,1
330,52,1343,302,100,51,1,1,1
331,52,1331,303,100,51,1,1,1
332,52,1319,305,100,51,1,1,1
333,52,1307,306,100,51,1,1,1
334,52,1295,308,100,51,1,1,1
335,52,1283,309,100,51,1,1,1
336,52,1271,310,100,51,1,1,1
337,52,1259,312,100,51,1,1,1
338,52,1247,313,100,51,1,1,1
339,52,1235,315,100,51,1,1,1
340,52,1222,316,100,51,1,1,1
341,52,1210,318,100,51,1,1,1
342,52,1198,319,100,51,1,1,1
343,52,1186,321,100,51,1,1,1
344,52,1174,323,100,51,1,1,1
345,52,1162,324,100,51,1,1,1
346,52,1150,326,100,51,1,1,1
347,52,1138,327,100,51,1,1,1
348,52,1126,329,100,51,1,1,1
349,52,1114,331,100,51,1,1,1
350,52,1102,332,100,51,1,1,1
351,52,1090,333,100,51,1,1,1
352,52,1078,334,100,51,1,1,1
353,52,1066,335,100,51,1,1,1
354,52,1055,336,100,51,1,1,1
355,52,1043,337,100,51,1,1,1
356,52,1031,338,100,51,1,1,1
357,52,1019,339,100,51,1,1,1
358,52,1007,340,100,51,1,1,1
359,52,996,341,100,51,1,1,1
299,53,1868,239,50,49,1,1,1
300,53,1857,240,54,49,1,1,1
301,53,1846,241,58,49,1,1,1
302,53,1835,243,62,48,1,1,1
303,53,1824,244,66,49,1,1,1
304,53,1813,246,70,48,1,1,1
305,53,1802,247,74,48,1,1,1
306,53,1791,248,78,49,1,1,1
307,53,1780,250,82,48,1,1,1
308,53,1769,251,86,48,1,1,1
309,53,1759,253,89,48,1,1,1
310,53,1748,254,89,48,1,1,1
311,53,1737,255,90,48,1,1,1
312,53,1726,256,91,48,1,1,1
313,53,1715,257,92,48,1,1,1
314,53,1704,259,93,47,1,1,1
315,53,1693,260,94,47,1,1,1
316,53,1682,261,95,47,1,1,1
317,53,1671,262,96,47,1,1,1
318,53,1660,263,97,47,1,1,1
319,53,1649,265,98,47,1,1,1
320,53,1638,267,98,47,1,1,1
321,53,1627,269,98,47,1,1,1
322,53,1616,271,98,47,1,1,1
323,53,1605,274,98,47,1,1,1
324,53,1594,276,98,47,1,1,1
325,53,1583,278,98,47,1,1,1
326,53,1572,281,98,47,1,1,1
327,53,1561,283,98,47,1,1,1
328,53,1550,285,98,47,1,1,1
329,53,1540,288,98,47,1,1,1
330,53,1529,289,98,47,1,1,1
331,53,1519,291,98,47,1,1,1
332,53,1508,293,98,47,1,1,1
333,53,1498,294,98,47,1,1,1
334,53,1488,296,98,47,1,1,1
335,53,1477,298,98,47,1,1,1
336,53,1467,299,98,47,1,1,1
337,53,1456,301,98,47,1,1,1
338,53,1446,303,98,47,1,1,1
339,53,1436,305,98,47,1,1,1
340,53,1425,306,98,47,1,1,1
341,53,1414,308,98,47,1,1,1
342,53,1403,309,98,47,1,1,1
343,53,1392,311,98,47,1,1,1
344,53,1382,312,98,47,1,1,1
345,53,1371,314,98,47,1,1,1
346,53,1360,315,98,47,1,1,1
347,53,1349,317,98,47,1,1,1
348,53,1338,318,98,47,1,1,1
319,54,1895,272,24,40,1,1,1
320,54,1885,273,33,41,1,1,1
321,54,1875,274,42,42,1,1,1
322,54,1865,276,51,42,1,1,1
323,54,1855,277,60,44,1,1,1
324,54,1845,279,69,44,1,1,1
325,54,1835,280,78,45,1,1,1
326,54,1825,281,87,47,1,1,1
327,54,1815,283,96,47,1,1,1
328,54,1805,284,105,48,1,1,1
331,55,1869,230,49,49,1,1,1
332,55,1847,231,56,49,1,1,1
333,55,1826,233,62,49,1,1,1
334,55,1804,234,70,49,1,1,1
335,55,1783,236,76,49,1,1,1
336,55,1762,238,83,48,1,1,1
337,55,1740,239,90,49,1,1,1
338,55,1719,241,96,48,1,1,1
339,55,1697,242,104,49,1,1,1
340,55,1676,244,110,48,1,1,1
351,55,1433,260,117,48,1,1,1
352,55,1412,261,117,48,1,1,1
353,55,1392,263,117,48,1,1,1
354,55,1371,264,117,48,1,1,1
355,55,1351,266,117,48,1,1,1
356,55,1330,268,117,48,1,1,1
357,55,1310,269,117,48,1,1,1
358,55,1289,271,117,48,1,1,1
359,55,1269,273,117,48,1,1,1
349,56,1847,313,72,49,1,1,1
350,56,1835,314,76,49,1,1,1
351,56,1823,315,80,49,1,1,1
352,56,1812,316,83,49,1,1,1
353,56,1800,318,88,48,1,1,1
354,56,1789,319,91,48,1,1,1
355,56,1777,320,95,48,1,1,1
356,56,1765,322,100,47,1,1,1
357,56,1754,323,103,47,1,1,1
358,56,1742,324,107,47,1,1,1
349,57,1868,381,51,52,1,1,1
350,57,1855,382,57,52,1,1,1
351,57,1842,383,64,52,1,1,1
352,57,1829,384,71,52,1,1,1
353,57,1816,386,78,51,1,1,1
354,57,1803,387,85,52,1,1,1
355,57,1790,388,91,52,1,1,1
356,57,1777,390,98,51,1,1,1
357,57,1764,391,105,51,1,1,1
358,57,1751,392,112,51,1,1,1
210,58,0,758,106,50,1,1,1
211,58,0,757,104,50,1,1,1
212,58,0,757,103,50,1,1,1
213,58,0,756,101,50,1,1,1
214,58,0,756,100,50,1,1,1
215,58,0,755,98,50,1,1,1
216,58,0,755,97,50,1,1,1
217,58,0,754,95,50,1,1,1
218,58,0,754,94,50,1,1,1
219,58,0,753,92,50,1,1,1
220,58,0,753,91,50,1,1,1
221,58,0,752,89,50,1,1,1
222,58,0,752,87,50,1,1,1
223,58,0,752,85,50,1,1,1
224,58,0,752,83,50,1,1,1
225,58,0,752,81,50,1,1,1
226,58,0,752,79,50,1,1,1
227,58,0,752,77,50,1,1,1
228,58,0,752,75,50,1,1,1
229,58,0,752,73,50,1,1,1
230,58,0,752,71,50,1,1,1
231,58,0,751,70,50,1,1,1
232,58,0,751,69,50,1,1,1
233,58,0,751,68,50,1,1,1
234,58,0,751,67,50,1,1,1
235,58,0,751,66,50,1,1,1
236,58,0,750,65,50,1,1,1
237,58,0,750,64,50,1,1,1
238,58,0,750,63,50,1,1,1
239,58,0,750,62,50,1,1,1
240,58,0,750,61,50,1,1,1
241,58,0,749,59,50,1,1,1
242,58,0,749,57,50,1,1,1
243,58,0,749,55,50,1,1,1
244,58,0,749,53,50,1,1,1
245,58,0,749,51,50,1,1,1
246,58,0,749,49,50,1,1,1
247,58,0,749,47,50,1,1,1
248,58,0,749,45,50,1,1,1
249,58,0,749,43,50,1,1,1
250,58,0,749,41,50,1,1,1
251,58,0,748,38,50,1,1,1
252,58,0,748,36,50,1,1,1
253,58,0,748,34,50,1,1,1
254,58,0,748,32,50,1,1,1
255,58,0,748,30,50,1,1,1
256,58,0,748,27,50,1,1,1
257,58,0,748,25,50,1,1,1
258,58,0,748,23,50,1,1,1
259,58,0,748,21,50,1,1,1
180,59,1,699,94,61,1,1,1
181,59,0,699,92,61,1,1,1
182,59,0,699,90,61,1,1,1
183,59,0,699,88,61,1,1,1
184,59,0,699,86,61,1,1,1
185,59,0,699,84,61,1,1,1
186,59,0,699,82,61,1,1,1
187,59,0,699,80,61,1,1,1
188,59,0,699,78,61,1,1,1
189,59,0,699,76,61,1,1,1
190,59,0,699,74,61,1,1,1
191,59,0,698,70,61,1,1,1
192,59,0,698,67,61,1,1,1
193,59,0,698,64,61,1,1,1
194,59,0,697,60,61,1,1,1
195,59,0,697,57,61,1,1,1
196,59,0,697,54,61,1,1,1
197,59,0,696,50,61,1,1,1
198,59,0,696,47,61,1,1,1
199,59,0,696,44,61,1,1,1
200,59,0,696,41,61,1,1,1
201,59,0,695,38,61,1,1,1
202,59,0,694,35,61,1,1,1
203,59,0,694,32,61,1,1,1
204,59,0,693,29,61,1,1,1
205,59,0,693,26,61,1,1,1
206,59,0,692,23,61,1,1,1
207,59,0,691,20,61,1,1,1
208,59,0,691,17,61,1,1,1
209,59,0,690,14,61,1,1,1
310,60,0,626,121,50,1,1,1
311,60,0,628,119,50,1,1,1
312,60,0,630,117,50,1,1,1
313,60,0,632,115,50,1,1,1
314,60,0,634,113,50,1,1,1
315,60,0,636,111,50,1,1,1
316,60,0,638,109,50,1,1,1
317,60,0,640,107,50,1,1,1
318,60,0,642,105,50,1,1,1
319,60,0,644,103,50,1,1,1
320,60,0,647,102,50,1,1,1
321,60,0,649,99,50,1,1,1
322,60,0,652,96,50,1,1,1
323,60,0,654,94,50,1,1,1
324,60,0,657,91,50,1,1,1
325,60,0,659,89,50,1,1,1
326,60,0,662,86,50,1,1,1
327,60,0,664,83,50,1,1,1
328,60,0,667,81,50,1,1,1
329,60,0,669,78,50,1,1,1
330,60,0,672,76,50,1,1,1
331,60,0,674,73,50,1,1,1
332,60,0,676,71,50,1,1,1
333,60,0,678,68,50,1,1,1
334,60,0,680,66,50,1,1,1
335,60,0,682,64,50,1,1,1
336,60,0,684,61,50,1,1,1
337,60,0,686,59,50,1,1,1
338,60,0,688,56,50,1,1,1
339,60,0,690,54,50,1,1,1
340,60,0,693,52,50,1,1,1
341,60,0,695,48,50,1,1,1
342,60,0,697,45,50,1,1,1
343,60,0,699,42,50,1,1,1
344,60,0,701,39,50,1,1,1
345,60,0,703,36,50,1,1,1
346,60,0,705,33,50,1,1,1
347,60,0,707,30,50,1,1,1
348,60,0,709,27,50,1,1,1
349,60,0,711,24,50,1,1,1
0,61,2,491,95,46,1,1,1
1,61,1,491,92,46,1,1,1
2,61,1,491,88,46,1,1,1
3,61,1,491,84,46,1,1,1
4,61,1,491,80,46,1,1,1
5,61,1,491,76,46,1,1,1
6,61,0,491,73,46,1,1,1
7,61,0,491,69,46,1,1,1
8,61,0,491,65,46,1,1,1
9,61,0,491,61,46,1,1,1
10,61,0,491,58,46,1,1,1
11,61,0,491,53,46,1,1,1
12,61,0,491,48,46,1,1,1
13,61,0,491,43,46,1,1,1
14,61,0,491,39,46,1,1,1
15,61,0,491,34,46,1,1,1
16,61,0,491,29,46,1,1,1
17,61,0,491,25,46,1,1,1
18,61,0,491,20,46,1,1,1
19,61,0,491,15,46,1,1,1
50,62,2,491,113,49,1,1,1
51,62,1,491,111,49,1,1,1
52,62,1,491,108,49,1,1,1
53,62,1,491,106,49,1,1,1
54,62,1,492,103,49,1,1,1
55,62,1,492,101,49,1,1,1
56,62,0,492,99,49,1,1,1
57,62,0,493,96,49,1,1,1
58,62,0,493,94,49,1,1,1
59,62,0,493,91,49,1,1,1
60,62,0,494,89,49,1,1,1
61,62,0,494,85,49,1,1,1
62,62,0,494,81,49,1,1,1
63,62,0,495,78,49,1,1,1
64,62,0,495,74,49,1,1,1
65,62,0,496,71,49,1,1,1
66,62,0,496,67,49,1,1,1
67,62,0,496,63,49,1,1,1
68,62,0,497,60,49,1,1,1
69,62,0,497,56,49,1,1,1
90,63,0,485,94,47,1,1,1
91,63,0,485,88,47,1,1,1
92,63,0,485,83,47,1,1,1
93,63,0,485,78,47,1,1,1
94,63,0,485,73,47,1,1,1
95,63,0,486,68,47,1,1,1
96,63,0,486,62,47,1,1,1
97,63,0,486,57,47,1,1,1
98,63,0,486,52,47,1,1,1
99,63,0,486,47,47,1,1,1
320,67,3,755,118,47,1,1,1
321,67,2,757,115,47,1,1,1
322,67,2,759,112,47,1,1,1
323,67,2,761,109,47,1,1,1
324,67,1,764,106,47,1,1,1
325,67,1,766,103,47,1,1,1
326,67,1,768,100,47,1,1,1
327,67,0,771,97,47,1,1,1
328,67,0,773,94,47,1,1,1
329,67,0,775,91,47,1,1,1
330,67,0,778,88,47,1,1,1
331,67,0,779,84,47,1,1,1
332,67,0,781,81,47,1,1,1
333,67,0,783,78,47,1,1,1
334,67,0,785,74,47,1,1,1
335,67,0,787,71,47,1,1,1
336,67,0,788,68,47,1,1,1
337,67,0,790,64,47,1,1,1
338,67,0,792,61,47,1,1,1
339,67,0,794,58,47,1,1,1
340,67,0,796,55,47,1,1,1
341,67,0,797,51,47,1,1,1
342,67,0,799,48,47,1,1,1
343,67,0,800,45,47,1,1,1
344,67,0,802,41,47,1,1,1
345,67,0,804,38,47,1,1,1
346,67,0,805,35,47,1,1,1
347,67,0,807,31,47,1,1,1
348,67,0,808,28,47,1,1,1
349,67,0,810,25,47,1,1,1
340,73,1526,610,118,52,1,1,1
341,73,1529,612,118,52,1,1,1
342,73,1532,614,118,52,1,1,1
343,73,1535,616,118,52,1,1,1
344,73,1538,618,118,52,1,1,1
345,73,1541,620,118,52,1,1,1
346,73,1544,622,118,52,1,1,1
347,73,1547,624,118,52,1,1,1
348,73,1550,626,118,52,1,1,1
349,73,1553,628,118,52,1,1,1
350,73,1556,631,118,52,1,1,1
351,73,1557,632,118,52,1,1,1
352,73,1558,633,118,52,1,1,1
353,73,1559,634,118,52,1,1,1
354,73,1560,635,118,52,1,1,1
355,73,1561,636,118,52,1,1,1
356,73,1562,637,118,52,1,1,1
357,73,1563,638,118,52,1,1,1
358,73,1564,639,118,52,1,1,1
340,76,1554,694,108,52,1,1,1
341,76,1555,695,108,52,1,1,1
342,76,1557,697,108,52,1,1,1
343,76,1559,698,108,52,1,1,1
344,76,1561,700,108,52,1,1,1
345,76,1563,702,108,52,1,1,1
346,76,1564,703,108,52,1,1,1
347,76,1566,705,108,52,1,1,1
348,76,1568,706,108,52,1,1,1
349,76,1570,708,108,52,1,1,1
350,76,1572,710,108,52,1,1,1
351,76,1573,711,108,52,1,1,1
352,76,1574,712,108,52,1,1,1
353,76,1576,713,108,52,1,1,1
354,76,1577,714,108,52,1,1,1
355,76,1579,716,108,52,1,1,1
356,76,1580,717,108,52,1,1,1
357,76,1582,718,108,52,1,1,1
358,76,1583,719,108,52,1,1,1
90,77,1583,538,335,87,1,1,1
91,77,1585,538,333,87,1,1,1
92,77,1587,538,331,87,1,1,1
93,77,1590,538,328,87,1,1,1
94,77,1592,538,326,87,1,1,1
95,77,1595,538,323,87,1,1,1
96,77,1597,538,321,87,1,1,1
97,77,1599,538,319,87,1,1,1
98,77,1602,538,316,87,1,1,1
99,77,1604,538,314,87,1,1,1
100,77,1607,539,311,87,1,1,1
101,77,1609,538,309,87,1,1,1
102,77,1612,538,306,87,1,1,1
103,77,1614,538,304,87,1,1,1
104,77,1617,537,301,87,1,1,1
105,77,1620,537,298,87,1,1,1
106,77,1622,537,296,87,1,1,1
107,77,1625,536,293,87,1,1,1
108,77,1627,536,291,87,1,1,1
109,77,1630,536,288,87,1,1,1
110,77,1633,536,285,87,1,1,1
111,77,1635,536,282,86,1,1,1
112,77,1637,536,280,86,1,1,1
113,77,1639,536,278,85,1,1,1
114,77,1641,536,276,85,1,1,1
115,77,1643,536,274,85,1,1,1
116,77,1645,536,272,84,1,1,1
117,77,1647,536,270,84,1,1,1
118,77,1649,536,268,83,1,1,1
119,77,1651,536,266,83,1,1,1
120,77,1654,537,263,82,1,1,1
121,77,1656,537,261,82,1,1,1
122,77,1659,537,258,82,1,1,1
123,77,1661,537,256,82,1,1,1
124,77,1664,537,253,82,1,1,1
125,77,1666,537,251,82,1,1,1
126,77,1669,537,248,82,1,1,1
127,77,1671,537,246,82,1,1,1
128,77,1674,537,243,82,1,1,1
129,77,1676,537,241,82,1,1,1
130,77,1679,537,239,82,1,1,1
131,77,1680,536,238,82,1,1,1
132,77,1682,536,236,82,1,1,1
133,77,1684,536,234,82,1,1,1
134,77,1686,536,232,82,1,1,1
135,77,1688,536,230,82,1,1,1
136,77,1690,535,228,82,1,1,1
137,77,1692,535,226,82,1,1,1
138,77,1694,535,224,82,1,1,1
139,77,1696,535,222,82,1,1,1
140,77,1698,535,220,82,1,1,1
141,77,1700,535,218,82,1,1,1
142,77,1702,535,216,82,1,1,1
143,77,1705,535,213,82,1,1,1
144,77,1707,535,211,82,1,1,1
145,77,1710,535,208,82,1,1,1
146,77,1712,535,206,82,1,1,1
147,77,1714,535,204,82,1,1,1
148,77,1717,535,201,82,1,1,1
149,77,1719,535,199,82,1,1,1
150,77,1722,535,196,82,1,1,1
151,77,1724,534,194,82,1,1,1
152,77,1727,534,191,82,1,1,1
153,77,1730,534,188,82,1,1,1
154,77,1732,534,186,82,1,1,1
155,77,1735,534,183,82,1,1,1
156,77,1738,534,180,82,1,1,1
157,77,1740,534,178,82,1,1,1
158,77,1743,534,175,82,1,1,1
159,77,1746,534,172,82,1,1,1
160,77,1749,534,169,82,1,1,1
161,77,1752,533,166,82,1,1,1
162,77,1755,533,163,82,1,1,1
163,77,1758,532,160,82,1,1,1
164,77,1761,532,157,82,1,1,1
165,77,1764,532,154,82,1,1,1
166,77,1767,531,151,82,1,1,1
167,77,1770,531,148,82,1,1,1
168,77,1773,530,145,82,1,1,1
169,77,1776,530,142,82,1,1,1
170,77,1779,530,139,82,1,1,1
171,77,1781,529,137,82,1,1,1
172,77,1784,529,134,82,1,1,1
173,77,1787,529,131,82,1,1,1
174,77,1789,529,129,82,1,1,1
175,77,1792,529,126,82,1,1,1
176,77,1795,529,123,82,1,1,1
177,77,1797,529,121,82,1,1,1
178,77,1800,529,118,82,1,1,1
179,77,1803,529,115,82,1,1,1
180,77,1806,529,112,82,1,1,1
181,77,1809,528,109,82,1,1,1
182,77,1812,528,106,82,1,1,1
183,77,1815,528,103,82,1,1,1
184,77,1818,528,100,82,1,1,1
185,77,1822,528,96,82,1,1,1
186,77,1825,528,93,82,1,1,1
187,77,1828,528,90,82,1,1,1
188,77,1831,528,87,82,1,1,1
189,77,1834,528,84,82,1,1,1
190,77,1838,528,80,82,1,1,1
191,77,1841,528,77,81,1,1,1
192,77,1845,528,73,81,1,1,1
193,77,1848,528,70,80,1,1,1
194,77,1852,528,66,80,1,1,1
195,77,1855,528,63,79,1,1,1
196,77,1859,528,59,79,1,1,1
197,77,1862,528,56,78,1,1,1
198,77,1866,528,52,78,1,1,1
199,77,1869,528,49,77,1,1,1
200,77,1873,528,45,77,1,1,1
201,77,1876,529,42,75,1,1,1
202,77,1879,530,39,73,1,1,1
203,77,1882,531,36,72,1,1,1
204,77,1885,532,33,70,1,1,1
205,77,1889,533,29,69,1,1,1
206,77,1892,534,26,67,1,1,1
207,77,1895,535,23,65,1,1,1
208,77,1898,536,20,64,1,1,1
209,77,1901,537,17,62,1,1,1
70,79,1814,645,104,54,1,1,1
71,79,1818,644,100,54,1,1,1
72,79,1823,643,95,54,1,1,1
73,79,1828,642,90,54,1,1,1
74,79,1833,642,85,54,1,1,1
75,79,1838,641,80,54,1,1,1
76,79,1842,640,76,54,1,1,1
77,79,1847,640,71,54,1,1,1
78,79,1852,639,66,54,1,1,1
79,79,1857,638,61,54,1,1,1
70,80,1746,697,172,70,1,1,1
71,80,1747,697,171,70,1,1,1
72,80,1749,697,169,70,1,1,1
73,80,1750,697,168,70,1,1,1
74,80,1752,697,166,70,1,1,1
75,80,1753,697,165,70,1,1,1
76,80,1755,697,163,70,1,1,1
77,80,1756,697,162,70,1,1,1
78,80,1758,697,160,70,1,1,1
79,80,1759,697,159,70,1,1,1
80,80,1761,698,157,70,1,1,1
81,80,1761,697,157,70,1,1,1
82,80,1762,697,156,70,1,1,1
83,80,1762,696,156,70,1,1,1
84,80,1763,696,155,70,1,1,1
85,80,1764,695,154,70,1,1,1
86,80,1764,695,154,70,1,1,1
87,80,1765,694,153,70,1,1,1
88,80,1765,694,153,70,1,1,1
89,80,1766,693,152,70,1,1,1
90,80,1767,693,151,70,1,1,1
91,80,1768,692,150,70,1,1,1
92,80,1769,691,149,70,1,1,1
93,80,1770,691,148,70,1,1,1
94,80,1771,690,147,70,1,1,1
95,80,1772,690,146,70,1,1,1
96,80,1773,689,145,70,1,1,1
97,80,1774,688,144,70,1,1,1
98,80,1775,688,143,70,1,1,1
99,80,1776,687,142,70,1,1,1
100,80,1778,687,140,70,1,1,1
101,80,1779,686,139,70,1,1,1
102,80,1780,686,138,70,1,1,1
103,80,1781,685,137,70,1,1,1
104,80,1783,685,135,70,1,1,1
105,80,1784,684,134,70,1,1,1
106,80,1785,684,133,70,1,1,1
107,80,1787,683,131,70,1,1,1
108,80,1788,683,130,70,1,1,1
109,80,1789,682,129,70,1,1,1
110,80,1791,682,127,70,1,1,1
111,80,1790,681,128,70,1,1,1
112,80,1790,680,128,70,1,1,1
113,80,1789,679,129,70,1,1,1
114,80,1789,679,129,69,1,1,1
115,80,1789,678,129,70,1,1,1
116,80,1788,677,130,70,1,1,1
117,80,1788,677,130,69,1,1,1
118,80,1787,676,131,69,1,1,1
119,80,1787,675,131,69,1,1,1
120,80,1787,675,131,69,1,1,1
121,80,1787,674,131,69,1,1,1
122,80,1787,674,131,69,1,1,1
123,80,1787,674,131,69,1,1,1
124,80,1787,674,131,69,1,1,1
125,80,1788,674,130,69,1,1,1
126,80,1788,673,130,69,1,1,1
127,80,1788,673,130,69,1,1,1
128,80,1788,673,130,69,1,1,1
129,80,1788,673,130,69,1,1,1
130,80,1789,673,129,69,1,1,1
131,80,1789,672,129,69,1,1,1
132,80,1789,671,129,69,1,1,1
133,80,1789,670,129,69,1,1,1
134,80,1790,669,128,69,1,1,1
135,80,1790,669,128,69,1,1,1
136,80,1790,668,128,69,1,1,1
137,80,1791,667,127,69,1,1,1
138,80,1791,666,127,69,1,1,1
139,80,1791,665,127,69,1,1,1
140,80,1792,665,126,69,1,1,1
141,80,1792,665,126,69,1,1,1
142,80,1792,665,126,69,1,1,1
143,80,1792,665,126,69,1,1,1
144,80,1792,665,126,69,1,1,1
145,80,1792,665,126,69,1,1,1
146,80,1792,665,126,69,1,1,1
147,80,1792,665,126,69,1,1,1
148,80,1792,665,126,69,1,1,1
149,80,1792,665,126,69,1,1,1
150,80,1793,666,125,69,1,1,1
151,80,1793,665,125,69,1,1,1
152,80,1793,664,125,69,1,1,1
153,80,1793,663,125,69,1,1,1
154,80,1793,662,125,69,1,1,1
155,80,1793,661,125,69,1,1,1
156,80,1793,660,125,69,1,1,1
157,80,1793,659,125,69,1,1,1
158,80,1793,658,125,69,1,1,1
159,80,1793,657,125,69,1,1,1
160,80,1793,657,125,69,1,1,1
161,80,1792,656,126,69,1,1,1
162,80,1792,656,126,69,1,1,1
163,80,1791,656,127,68,1,1,1
164,80,1791,655,127,69,1,1,1
165,80,1790,655,128,69,1,1,1
166,80,1790,655,128,68,1,1,1
167,80,1789,654,129,69,1,1,1
168,80,1789,654,129,68,1,1,1
169,80,1788,654,130,68,1,1,1
170,80,1788,654,130,68,1,1,1
171,80,1788,653,130,68,1,1,1
172,80,1788,652,130,68,1,1,1
173,80,1788,652,130,68,1,1,1
174,80,1788,651,130,68,1,1,1
175,80,1788,651,130,68,1,1,1
176,80,1788,650,130,68,1,1,1
177,80,1788,649,130,68,1,1,1
178,80,1788,649,130,68,1,1,1
179,80,1788,648,130,68,1,1,1
180,80,1789,648,129,68,1,1,1
181,80,1788,647,130,68,1,1,1
182,80,1787,647,131,68,1,1,1
183,80,1787,647,131,68,1,1,1
184,80,1786,647,132,68,1,1,1
185,80,1786,647,132,68,1,1,1
186,80,1785,647,133,67,1,1,1
187,80,1784,647,134,67,1,1,1
188,80,1784,647,134,67,1,1,1
189,80,1783,647,135,67,1,1,1
190,80,1783,647,135,67,1,1,1
191,80,1783,646,135,67,1,1,1
192,80,1783,645,135,67,1,1,1
193,80,1783,645,135,67,1,1,1
194,80,1783,644,135,67,1,1,1
195,80,1783,644,135,67,1,1,1
196,80,1783,643,135,67,1,1,1
197,80,1783,642,135,67,1,1,1
198,80,1783,642,135,67,1,1,1
199,80,1783,641,135,67,1,1,1
200,80,1784,641,134,67,1,1,1
201,80,1783,640,135,67,1,1,1
202,80,1783,639,135,67,1,1,1
203,80,1782,639,136,66,1,1,1
204,80,1782,638,136,67,1,1,1
205,80,1781,638,137,66,1,1,1
206,80,1781,637,137,66,1,1,1
207,80,1780,636,138,67,1,1,1
208,80,1780,636,138,66,1,1,1
209,80,1779,635,139,66,1,1,1
210,80,1779,635,139,66,1,1,1
211,80,1779,634,139,66,1,1,1
212,80,1779,633,139,66,1,1,1
213,80,1779,633,139,65,1,1,1
214,80,1779,632,139,66,1,1,1
215,80,1780,632,138,65,1,1,1
216,80,1780,631,138,65,1,1,1
217,80,1780,630,138,66,1,1,1
218,80,1780,630,138,65,1,1,1
219,80,1780,629,138,65,1,1,1
220,80,1781,629,137,65,1,1,1
221,80,1780,628,138,65,1,1,1
222,80,1780,628,138,64,1,1,1
223,80,1779,627,139,65,1,1,1
224,80,1779,627,139,64,1,1,1
225,80,1778,626,140,65,1,1,1
226,80,1778,626,140,64,1,1,1
227,80,1777,625,141,64,1,1,1
228,80,1777,625,141,64,1,1,1
229,80,1776,624,142,64,1,1,1
230,80,1776,624,142,64,1,1,1
231,80,1776,623,142,64,1,1,1
232,80,1776,622,142,65,1,1,1
233,80,1776,621,142,66,1,1,1
234,80,1776,621,142,65,1,1,1
235,80,1776,620,142,66,1,1,1
236,80,1776,619,142,67,1,1,1
237,80,1776,619,142,66,1,1,1
238,80,1776,618,142,67,1,1,1
239,80,1776,617,142,68,1,1,1
240,80,1777,617,141,68,1,1,1
241,80,1777,616,141,68,1,1,1
242,80,1777,615,141,68,1,1,1
243,80,1777,614,141,68,1,1,1
244,80,1777,614,141,68,1,1,1
245,80,1778,613,140,68,1,1,1
246,80,1778,612,140,68,1,1,1
247,80,1778,612,140,68,1,1,1
248,80,1778,611,140,68,1,1,1
249,80,1778,610,140,68,1,1,1
250,80,1779,610,139,68,1,1,1
251,80,1778,609,140,68,1,1,1
252,80,1778,609,140,68,1,1,1
253,80,1778,609,140,67,1,1,1
254,80,1778,608,140,68,1,1,1
255,80,1778,608,140,68,1,1,1
256,80,1777,608,141,67,1,1,1
257,80,1777,607,141,68,1,1,1
258,80,1777,607,141,67,1,1,1
259,80,1777,607,141,67,1,1,1
260,80,1777,607,141,67,1,1,1
261,80,1777,606,141,67,1,1,1
262,80,1777,606,141,67,1,1,1
263,80,1777,606,141,67,1,1,1
264,80,1777,605,141,67,1,1,1
265,80,1777,605,141,67,1,1,1
266,80,1777,605,141,67,1,1,1
267,80,1777,604,141,67,1,1,1
268,80,1777,604,141,67,1,1,1
269,80,1777,604,141,67,1,1,1
270,80,1778,604,140,67,1,1,1
271,80,1778,603,140,67,1,1,1
272,80,1779,603,139,67,1,1,1
273,80,1780,603,138,67,1,1,1
274,80,1781,602,137,67,1,1,1
275,80,1782,602,136,67,1,1,1
276,80,1783,602,135,67,1,1,1
277,80,1784,601,134,67,1,1,1
278,80,1785,601,133,67,1,1,1
279,80,1786,601,132,67,1,1,1
280,80,1787,601,131,67,1,1,1
281,80,1787,601,131,67,1,1,1
282,80,1788,601,130,67,1,1,1
283,80,1789,601,129,67,1,1,1
284,80,1790,602,128,67,1,1,1
285,80,1791,602,127,67,1,1,1
286,80,1791,602,127,67,1,1,1
287,80,1792,602,126,67,1,1,1
288,80,1793,603,125,67,1,1,1
289,80,1794,603,124,67,1,1,1
290,80,1795,603,123,67,1,1,1
291,80,1795,603,123,67,1,1,1
292,80,1796,604,122,67,1,1,1
293,80,1797,604,121,67,1,1,1
294,80,1798,604,120,67,1,1,1
295,80,1799,604,119,67,1,1,1
296,80,1799,605,119,67,1,1,1
297,80,1800,605,118,67,1,1,1
298,80,1801,605,117,67,1,1,1
299,80,1802,605,116,67,1,1,1
300,80,1803,606,115,67,1,1,1
301,80,1804,607,114,67,1,1,1
302,80,1806,608,112,67,1,1,1
303,80,1807,609,111,67,1,1,1
304,80,1809,610,109,67,1,1,1
305,80,1811,611,107,67,1,1,1
306,80,1812,612,106,67,1,1,1
307,80,1814,613,104,67,1,1,1
308,80,1815,614,103,67,1,1,1
309,80,1817,615,101,67,1,1,1
310,80,1819,616,99,67,1,1,1
311,80,1819,617,99,67,1,1,1
312,80,1820,619,98,67,1,1,1
313,80,1820,621,98,67,1,1,1
314,80,1821,623,97,67,1,1,1
315,80,1822,625,96,67,1,1,1
316,80,1822,626,96,67,1,1,1
317,80,1823,628,95,67,1,1,1
318,80,1823,630,95,67,1,1,1
319,80,1824,632,94,67,1,1,1
320,80,1825,634,93,67,1,1,1
321,80,1829,636,89,67,1,1,1
322,80,1834,639,84,67,1,1,1
323,80,1838,642,80,67,1,1,1
324,80,1843,644,75,67,1,1,1
325,80,1847,647,71,67,1,1,1
326,80,1852,650,66,67,1,1,1
327,80,1856,652,62,67,1,1,1
328,80,1861,655,57,67,1,1,1
329,80,1865,658,53,67,1,1,1
330,80,1870,661,48,67,1,1,1
331,80,1872,663,46,67,1,1,1
332,80,1875,666,43,67,1,1,1
333,80,1877,668,41,67,1,1,1
334,80,1880,671,38,67,1,1,1
335,80,1883,673,35,67,1,1,1
336,80,1885,676,33,67,1,1,1
337,80,1888,678,30,67,1,1,1
338,80,1890,681,28,67,1,1,1
339,80,1893,683,25,67,1,1,1
240,81,1896,714,20,66,1,1,1
241,81,1888,713,28,67,1,1,1
242,81,1880,712,36,68,1,1,1
243,81,1872,711,44,69,1,1,1
244,81,1864,710,52,71,1,1,1
245,81,1857,709,60,72,1,1,1
246,81,1849,708,68,73,1,1,1
247,81,1841,707,76,75,1,1,1
248,81,1833,706,84,76,1,1,1
249,81,1825,705,92,77,1,1,1
250,81,1818,704,100,79,1,1,1
251,81,1809,704,109,78,1,1,1
252,81,1801,704,117,78,1,1,1
253,81,1792,704,126,78,1,1,1
254,81,1784,704,134,78,1,1,1
255,81,1776,704,142,78,1,1,1
256,81,1767,704,151,78,1,1,1
257,81,1759,704,159,78,1,1,1
258,81,1750,704,168,78,1,1,1
259,81,1742,704,176,78,1,1,1
260,81,1734,704,184,78,1,1,1
261,81,1725,703,188,79,1,1,1
262,81,1717,703,192,79,1,1,1
263,81,1709,702,196,81,1,1,1
264,81,1701,702,199,81,1,1,1
265,81,1693,702,203,82,1,1,1
266,81,1685,701,207,83,1,1,1
267,81,1677,701,210,83,1,1,1
268,81,1669,700,214,85,1,1,1
269,81,1661,700,218,85,1,1,1
0,82,1,534,334,91,1,1,1
1,82,0,533,333,91,1,1,1
2,82,0,533,331,91,1,1,1
3,82,0,533,329,91,1,1,1
4,82,0,533,327,91,1,1,1
5,82,0,533,325,91,1,1,1
6,82,0,532,323,91,1,1,1
7,82,0,532,321,91,1,1,1
8,82,0,532,319,91,1,1,1
9,82,0,532,317,91,1,1,1
10,82,0,532,315,91,1,1,1
11,82,0,532,311,91,1,1,1
12,82,0,532,308,91,1,1,1
13,82,0,533,305,91,1,1,1
14,82,0,533,301,91,1,1,1
15,82,0,534,298,91,1,1,1
16,82,0,534,295,91,1,1,1
17,82,0,534,291,91,1,1,1
18,82,0,535,288,91,1,1,1
19,82,0,535,285,91,1,1,1
20,82,0,536,282,91,1,1,1
21,82,0,535,279,91,1,1,1
22,82,0,535,276,91,1,1,1
23,82,0,535,274,91,1,1,1
24,82,0,535,271,91,1,1,1
25,82,0,535,269,91,1,1,1
26,82,0,535,266,91,1,1,1
27,82,0,535,263,91,1,1,1
28,82,0,535,261,91,1,1,1
29,82,0,535,258,91,1,1,1
30,82,0,535,256,91,1,1,1
31,82,0,535,255,91,1,1,1
32,82,0,535,254,91,1,1,1
33,82,0,535,253,91,1,1,1
34,82,0,535,252,91,1,1,1
35,82,0,535,251,91,1,1,1
36,82,0,535,250,91,1,1,1
37,82,0,535,249,91,1,1,1
38,82,0,535,248,91,1,1,1
39,82,0,535,247,91,1,1,1
40,82,0,536,247,91,1,1,1
41,82,0,536,246,91,1,1,1
42,82,0,536,246,91,1,1,1
43,82,0,536,246,91,1,1,1
44,82,0,536,245,91,1,1,1
45,82,0,536,245,91,1,1,1
46,82,0,536,245,91,1,1,1
47,82,0,536,244,91,1,1,1
48,82,0,536,244,91,1,1,1
49,82,0,536,244,91,1,1,1
50,82,0,536,244,91,1,1,1
51,82,0,536,244,91,1,1,1
52,82,0,536,244,91,1,1,1
53,82,0,536,244,91,1,1,1
54,82,1,537,244,91,1,1,1
55,82,1,537,244,91,1,1,1
56,82,1,537,244,91,1,1,1
57,82,2,538,244,91,1,1,1
58,82,2,538,244,91,1,1,1
59,82,2,538,244,91,1,1,1
60,82,3,539,244,91,1,1,1
61,82,2,538,244,91,1,1,1
62,82,2,538,244,91,1,1,1
63,82,2,538,243,91,1,1,1
64,82,2,538,243,91,1,1,1
65,82,2,538,242,91,1,1,1
66,82,2,538,242,91,1,1,1
67,82,2,538,241,91,1,1,1
68,82,2,538,241,91,1,1,1
69,82,2,538,240,91,1,1,1
70,82,2,538,240,91,1,1,1
71,82,1,537,240,91,1,1,1
72,82,1,537,240,91,1,1,1
73,82,1,537,239,91,1,1,1
74,82,1,537,239,91,1,1,1
75,82,1,537,239,91,1,1,1
76,82,1,537,238,91,1,1,1
77,82,1,537,238,91,1,1,1
78,82,1,537,237,91,1,1,1
79,82,1,537,237,91,1,1,1
80,82,1,537,236,91,1,1,1
81,82,0,536,237,91,1,1,1
82,82,0,536,236,91,1,1,1
83,82,0,536,236,91,1,1,1
84,82,0,536,235,91,1,1,1
85,82,0,536,235,91,1,1,1
86,82,0,536,234,91,1,1,1
87,82,0,536,234,91,1,1,1
88,82,0,536,233,91,1,1,1
89,82,0,536,233,91,1,1,1
90,82,0,536,233,91,1,1,1
91,82,0,536,232,91,1,1,1
92,82,0,536,232,91,1,1,1
93,82,0,537,231,91,1,1,1
94,82,0,537,231,91,1,1,1
95,82,0,538,231,91,1,1,1
96,82,0,538,230,91,1,1,1
97,82,0,538,230,91,1,1,1
98,82,0,539,229,91,1,1,1
99,82,0,539,229,91,1,1,1
100,82,0,540,229,91,1,1,1
101,82,0,540,228,91,1,1,1
102,82,0,540,227,91,1,1,1
103,82,0,540,227,91,1,1,1
104,82,0,540,226,91,1,1,1
105,82,0,540,226,91,1,1,1
106,82,0,540,225,91,1,1,1
107,82,0,540,224,91,1,1,1
108,82,0,540,224,91,1,1,1
109,82,0,540,223,91,1,1,1
110,82,0,540,223,91,1,1,1
111,82,0,539,222,91,1,1,1
112,82,0,538,221,91,1,1,1
113,82,0,537,220,91,1,1,1
114,82,0,537,219,91,1,1,1
115,82,0,536,218,91,1,1,1
116,82,0,535,217,91,1,1,1
117,82,0,535,216,91,1,1,1
118,82,0,534,215,91,1,1,1
119,82,0,533,214,91,1,1,1
120,82,0,533,214,91,1,1,1
121,82,0,533,212,91,1,1,1
122,82,0,533,211,91,1,1,1
123,82,0,533,210,91,1,1,1
124,82,0,533,209,91,1,1,1
125,82,0,533,208,91,1,1,1
126,82,0,533,207,91,1,1,1
127,82,0,533,206,91,1,1,1
128,82,0,533,205,91,1,1,1
129,82,0,533,204,91,1,1,1
130,82,0,534,203,91,1,1,1
131,82,0,534,202,91,1,1,1
132,82,0,534,202,91,1,1,1
133,82,0,534,202,91,1,1,1
134,82,0,534,201,91,1,1,1
135,82,0,534,201,91,1,1,1
136,82,0,534,201,91,1,1,1
137,82,0,534,200,91,1,1,1
138,82,0,534,200,91,1,1,1
139,82,0,534,200,91,1,1,1
140,82,0,534,200,91,1,1,1
141,82,0,534,199,91,1,1,1
142,82,0,534,198,91,1,1,1
143,82,0,534,197,91,1,1,1
144,82,0,534,196,91,1,1,1
145,82,0,534,195,91,1,1,1
146,82,0,534,194,91,1,1,1
147,82,0,534,193,91,1,1,1
148,82,0,534,192,91,1,1,1
149,82,0,534,191,91,1,1,1
150,82,0,534,191,91,1,1,1
151,82,0,534,190,91,1,1,1
152,82,0,534,190,91,1,1,1
153,82,0,534,190,91,1,1,1
154,82,0,534,189,91,1,1,1
155,82,0,534,189,91,1,1,1
156,82,0,534,189,91,1,1,1
157,82,0,534,188,91,1,1,1
158,82,0,534,188,91,1,1,1
159,82,0,534,188,91,1,1,1
160,82,0,535,188,91,1,1,1
161,82,0,535,187,91,1,1,1
162,82,0,535,186,91,1,1,1
163,82,0,535,185,91,1,1,1
164,82,0,535,184,91,1,1,1
165,82,0,535,183,91,1,1,1
166,82,0,535,182,91,1,1,1
167,82,0,535,181,91,1,1,1
168,82,0,535,180,91,1,1,1
169,82,0,535,179,91,1,1,1
170,82,0,535,179,91,1,1,1
171,82,0,534,177,91,1,1,1
172,82,0,534,176,91,1,1,1
173,82,0,534,175,91,1,1,1
174,82,0,534,174,91,1,1,1
175,82,0,534,173,91,1,1,1
176,82,0,534,172,91,1,1,1
177,82,0,534,171,91,1,1,1
178,82,0,534,170,91,1,1,1
179,82,0,534,169,91,1,1,1
180,82,0,534,168,91,1,1,1
181,82,0,533,167,91,1,1,1
182,82,0,533,166,91,1,1,1
183,82,0,533,165,91,1,1,1
184,82,0,533,164,91,1,1,1
185,82,0,533,163,91,1,1,1
186,82,0,532,162,91,1,1,1
187,82,0,532,161,91,1,1,1
188,82,0,532,160,91,1,1,1
189,82,0,532,159,91,1,1,1
190,82,0,532,159,91,1,1,1
191,82,0,531,157,91,1,1,1
192,82,0,531,155,91,1,1,1
193,82,0,531,153,91,1,1,1
194,82,0,531,152,91,1,1,1
195,82,0,531,150,91,1,1,1
196,82,0,530,148,91,1,1,1
197,82,0,530,147,91,1,1,1
198,82,0,530,145,91,1,1,1
199,82,0,530,143,91,1,1,1
200,82,0,530,142,91,1,1,1
201,82,0,529,141,91,1,1,1
202,82,0,529,140,91,1,1,1
203,82,0,529,140,91,1,1,1
204,82,0,529,139,91,1,1,1
205,82,0,529,139,91,1,1,1
206,82,0,528,138,91,1,1,1
207,82,0,528,137,91,1,1,1
208,82,0,528,137,91,1,1,1
209,82,0,528,136,91,1,1,1
210,82,0,528,136,91,1,1,1
211,82,0,528,135,91,1,1,1
212,82,0,528,134,91,1,1,1
213,82,0,528,133,91,1,1,1
214,82,0,528,132,91,1,1,1
215,82,0,528,131,91,1,1,1
216,82,0,528,130,91,1,1,1
217,82,0,528,129,91,1,1,1
218,82,0,528,128,91,1,1,1
219,82,0,528,127,91,1,1,1
220,82,0,528,127,91,1,1,1
221,82,0,528,126,91,1,1,1
222,82,0,528,126,91,1,1,1
223,82,0,528,126,91,1,1,1
224,82,0,528,125,91,1,1,1
225,82,0,528,125,91,1,1,1
226,82,0,528,125,91,1,1,1
227,82,0,528,124,91,1,1,1
228,82,0,528,124,91,1,1,1
229,82,0,528,124,91,1,1,1
230,82,0,528,124,91,1,1,1
231,82,0,527,124,91,1,1,1
232,82,0,527,125,91,1,1,1
233,82,0,527,125,91,1,1,1
234,82,0,527,126,91,1,1,1
235,82,0,527,127,91,1,1,1
236,82,0,527,127,91,1,1,1
237,82,0,527,128,91,1,1,1
238,82,0,527,129,91,1,1,1
239,82,0,527,129,91,1,1,1
240,82,0,527,130,91,1,1,1
241,82,0,527,130,91,1,1,1
242,82,0,527,131,91,1,1,1
243,82,0,527,132,91,1,1,1
244,82,0,527,132,91,1,1,1
245,82,0,527,133,91,1,1,1
246,82,0,527,134,91,1,1,1
247,82,0,527,134,91,1,1,1
248,82,0,527,135,91,1,1,1
249,82,0,527,135,91,1,1,1
250,82,0,527,136,91,1,1,1
251,82,0,527,137,90,1,1,1
252,82,0,527,137,90,1,1,1
253,82,0,527,138,90,1,1,1
254,82,0,527,139,90,1,1,1
255,82,0,527,139,90,1,1,1
256,82,0,527,140,90,1,1,1
257,82,0,527,140,90,1,1,1
258,82,0,527,141,90,1,1,1
259,82,0,527,142,90,1,1,1
260,82,0,527,142,90,1,1,1
261,82,0,527,143,90,1,1,1
262,82,0,527,144,90,1,1,1
263,82,0,527,144,90,1,1,1
264,82,0,527,145,90,1,1,1
265,82,0,527,145,90,1,1,1
266,82,0,527,146,90,1,1,1
267,82,0,527,147,90,1,1,1
268,82,0,527,147,90,1,1,1
269,82,0,527,148,90,1,1,1
270,82,0,527,149,90,1,1,1
271,82,0,526,148,90,1,1,1
272,82,0,526,148,90,1,1,1
273,82,0,525,147,90,1,1,1
274,82,0,525,147,90,1,1,1
275,82,0,525,147,90,1,1,1
276,82,0,524,146,90,1,1,1
277,82,0,524,146,90,1,1,1
278,82,0,523,145,90,1,1,1
279,82,0,523,145,90,1,1,1
280,82,0,523,145,90,1,1,1
281,82,0,522,146,90,1,1,1
282,82,0,522,147,89,1,1,1
283,82,0,521,148,90,1,1,1
284,82,0,521,149,89,1,1,1
285,82,0,520,150,90,1,1,1
286,82,0,520,151,89,1,1,1
287,82,0,519,152,89,1,1,1
288,82,0,519,153,89,1,1,1
289,82,0,518,154,89,1,1,1
290,82,0,518,155,89,1,1,1
291,82,0,518,154,89,1,1,1
292,82,0,519,154,89,1,1,1
293,82,0,519,153,89,1,1,1
294,82,0,520,153,89,1,1,1
295,82,0,521,153,89,1,1,1
296,82,0,521,152,89,1,1,1
297,82,0,522,152,89,1,1,1
298,82,0,522,151,89,1,1,1
299,82,0,523,151,89,1,1,1
300,82,0,524,151,89,1,1,1
301,82,0,524,150,89,1,1,1
302,82,0,525,150,89,1,1,1
303,82,0,525,149,89,1,1,1
304,82,0,526,149,89,1,1,1
305,82,0,527,149,89,1,1,1
306,82,0,527,148,89,1,1,1
307,82,0,528,148,89,1,1,1
308,82,0,528,147,89,1,1,1
309,82,0,529,147,89,1,1,1
310,82,0,530,147,89,1,1,1
311,82,0,531,146,89,1,1,1
312,82,0,533,146,89,1,1,1
313,82,0,535,145,89,1,1,1
314,82,0,537,145,89,1,1,1
315,82,0,539,145,89,1,1,1
316,82,0,541,144,89,1,1,1
317,82,0,543,144,89,1,1,1
318,82,0,545,143,89,1,1,1
319,82,0,547,143,89,1,1,1
320,82,0,549,143,89,1,1,1
321,82,0,551,141,89,1,1,1
322,82,0,553,139,89,1,1,1
323,82,0,555,138,89,1,1,1
324,82,0,557,136,89,1,1,1
325,82,0,560,135,89,1,1,1
326,82,0,562,133,89,1,1,1
327,82,0,564,131,89,1,1,1
328,82,0,566,130,89,1,1,1
329,82,0,568,128,89,1,1,1
330,82,0,571,127,89,1,1,1
331,82,0,573,125,89,1,1,1
332,82,0,575,124,89,1,1,1
333,82,0,577,123,89,1,1,1
334,82,0,579,122,89,1,1,1
335,82,0,581,121,89,1,1,1
336,82,0,583,120,89,1,1,1
337,82,0,585,119,89,1,1,1
338,82,0,587,118,89,1,1,1
339,82,0,589,117,89,1,1,1
340,82,0,591,116,89,1,1,1
341,82,0,592,114,89,1,1,1
342,82,0,594,112,89,1,1,1
343,82,0,596,110,89,1,1,1
344,82,0,597,108,89,1,1,1
345,82,0,599,107,89,1,1,1
346,82,0,601,105,89,1,1,1
347,82,0,602,103,89,1,1,1
348,82,0,604,101,89,1,1,1
349,82,0,606,99,89,1,1,1
350,82,0,608,98,89,1,1,1
351,82,0,609,96,89,1,1,1
352,82,0,611,94,89,1,1,1
353,82,0,612,93,89,1,1,1
354,82,0,614,91,89,1,1,1
355,82,0,615,89,89,1,1,1
356,82,0,617,88,89,1,1,1
357,82,0,618,86,89,1,1,1
358,82,0,620,84,89,1,1,1
359,82,0,622,83,89,1,1,1
140,83,0,483,81,51,1,1,1
141,83,0,482,75,51,1,1,1
142,83,0,482,69,51,1,1,1
143,83,0,482,63,51,1,1,1
144,83,0,482,57,51,1,1,1
145,83,0,482,52,51,1,1,1
146,83,0,482,46,51,1,1,1
147,83,0,482,40,51,1,1,1
148,83,0,482,34,51,1,1,1
149,83,0,482,28,51,1,1,1
160,84,0,496,81,50,1,1,1
161,84,0,496,74,50,1,1,1
162,84,0,496,67,50,1,1,1
163,84,0,496,60,50,1,1,1
164,84,0,496,54,50,1,1,1
165,84,0,496,47,50,1,1,1
166,84,0,496,40,50,1,1,1
167,84,0,496,34,50,1,1,1
168,84,0,496,27,50,1,1,1
169,84,0,496,20,50,1,1,1
180,85,0,486,94,51,1,1,1
181,85,0,486,87,51,1,1,1
182,85,0,486,80,51,1,1,1
183,85,0,486,73,51,1,1,1
184,85,0,486,67,51,1,1,1
185,85,0,486,60,51,1,1,1
186,85,0,486,53,51,1,1,1
187,85,0,486,47,51,1,1,1
188,85,0,486,40,51,1,1,1
189,85,0,486,33,51,1,1,1
50,86,843,872,45,30,1,1,1
51,86,844,871,45,30,1,1,1
52,86,845,870,45,30,1,1,1
53,86,846,869,45,30,1,1,1
54,86,848,868,45,30,1,1,1
55,86,849,867,45,30,1,1,1
56,86,850,866,45,30,1,1,1
57,86,852,865,45,30,1,1,1
58,86,853,864,45,30,1,1,1
59,86,854,863,45,30,1,1,1
250,86,553,799,45,30,1,1,1
251,86,550,798,45,30,1,1,1
252,86,547,798,45,30,1,1,1
253,86,544,797,45,30,1,1,1
254,86,541,797,45,30,1,1,1
255,86,539,797,45,30,1,1,1
256,86,536,796,45,30,1,1,1
257,86,533,796,45,30,1,1,1
258,86,530,795,45,30,1,1,1
259,86,527,795,45,30,1,1,1
280,86,471,794,45,30,1,1,1
281,86,469,794,45,30,1,1,1
282,86,468,794,45,30,1,1,1
283,86,466,794,45,30,1,1,1
284,86,465,794,45,30,1,1,1
285,86,463,794,45,30,1,1,1
286,86,462,794,45,30,1,1,1
287,86,460,794,45,30,1,1,1
288,86,459,794,45,30,1,1,1
289,86,457,794,45,30,1,1,1
290,86,456,794,45,30,1,1,1
291,86,452,794,45,30,1,1,1
292,86,449,794,45,30,1,1,1
293,86,445,794,45,30,1,1,1
294,86,442,794,45,30,1,1,1
295,86,439,794,45,30,1,1,1
296,86,435,794,45,30,1,1,1
297,86,432,794,45,30,1,1,1
298,86,428,794,45,30,1,1,1
299,86,425,794,45,30,1,1,1
300,86,422,795,45,30,1,1,1
301,86,419,795,45,30,1,1,1
302,86,416,796,45,30,1,1,1
303,86,413,796,45,30,1,1,1
304,86,410,797,45,30,1,1,1
305,86,407,798,45,30,1,1,1
306,86,404,798,45,30,1,1,1
307,86,401,799,45,30,1,1,1
308,86,398,799,45,30,1,1,1
309,86,395,800,45,30,1,1,1
310,86,392,801,45,30,1,1,1
311,86,391,802,45,30,1,1,1
312,86,391,804,45,30,1,1,1
313,86,390,806,45,30,1,1,1
314,86,390,808,45,30,1,1,1
315,86,389,810,45,30,1,1,1
316,86,389,811,45,30,1,1,1
317,86,388,813,45,30,1,1,1
318,86,388,815,45,30,1,1,1
319,86,387,817,45,30,1,1,1
320,86,387,819,45,30,1,1,1
321,86,383,820,45,30,1,1,1
322,86,379,822,45,30,1,1,1
323,86,375,823,45,30,1,1,1
324,86,372,825,45,30,1,1,1
325,86,368,826,45,30,1,1,1
326,86,364,828,45,30,1,1,1
327,86,361,829,45,30,1,1,1
328,86,357,831,45,30,1,1,1
329,86,353,832,45,30,1,1,1
160,95,916,856,35,20,1,1,1
161,95,908,856,34,19,1,1,1
162,95,900,856,34,19,1,1,1
163,95,893,856,32,19,1,1,1
164,95,885,856,32,19,1,1,1
165,95,878,856,31,19,1,1,1
166,95,870,856,30,19,1,1,1
167,95,862,856,30,19,1,1,1
168,95,855,856,28,19,1,1,1
169,95,847,856,28,19,1,1,1
170,95,840,856,27,19,1,1,1
171,95,829,856,27,19,1,1,1
172,95,818,856,27,19,1,1,1
173,95,807,856,27,19,1,1,1
174,95,796,856,27,19,1,1,1
175,95,785,857,27,19,1,1,1
176,95,774,857,27,19,1,1,1
177,95,763,857,27,19,1,1,1
178,95,752,857,27,19,1,1,1
179,95,741,857,27,19,1,1,1
180,95,730,858,27,19,1,1,1
181,95,721,859,27,19,1,1,1
182,95,713,860,27,19,1,1,1
183,95,705,861,27,19,1,1,1
184,95,697,862,27,19,1,1,1
185,95,689,863,27,19,1,1,1
186,95,681,864,27,19,1,1,1
187,95,673,865,27,19,1,1,1
188,95,665,866,27,19,1,1,1
189,95,657,867,27,19,1,1,1
190,95,649,869,27,19,1,1,1
191,95,640,868,27,19,1,1,1
192,95,632,867,27,19,1,1,1
193,95,624,867,27,19,1,1,1
194,95,616,866,27,19,1,1,1
195,95,608,866,27,19,1,1,1
196,95,599,865,27,19,1,1,1
197,95,591,864,27,19,1,1,1
198,95,583,864,27,19,1,1,1
199,95,575,863,27,19,1,1,1
200,95,567,863,27,19,1,1,1
201,95,557,863,27,19,1,1,1
202,95,548,863,27,19,1,1,1
203,95,539,863,27,19,1,1,1
204,95,530,863,27,19,1,1,1
205,95,521,863,27,19,1,1,1
206,95,512,863,27,19,1,1,1
207,95,503,863,27,19,1,1,1
208,95,494,863,27,19,1,1,1
209,95,485,863,27,19,1,1,1
210,95,476,864,27,19,1,1,1
211,95,467,864,27,19,1,1,1
212,95,458,864,27,19,1,1,1
213,95,449,864,27,19,1,1,1
214,95,441,864,27,19,1,1,1
215,95,432,864,27,19,1,1,1
216,95,423,864,27,19,1,1,1
217,95,415,864,27,19,1,1,1
218,95,406,864,27,19,1,1,1
219,95,397,864,27,19,1,1,1
220,95,389,865,27,19,1,1,1
221,95,381,865,27,19,1,1,1
222,95,373,866,27,19,1,1,1
223,95,365,867,27,19,1,1,1
224,95,357,868,27,19,1,1,1
225,95,349,869,27,19,1,1,1
226,95,341,870,27,19,1,1,1
227,95,333,871,27,19,1,1,1
228,95,325,872,27,19,1,1,1
229,95,317,873,27,19,1,1,1
230,95,309,874,27,19,1,1,1
231,95,300,873,27,19,1,1,1
232,95,292,873,27,19,1,1,1
233,95,283,873,27,19,1,1,1
234,95,275,873,27,19,1,1,1
235,95,267,873,27,19,1,1,1
236,95,258,872,27,19,1,1,1
237,95,250,872,27,19,1,1,1
238,95,241,872,27,19,1,1,1
239,95,233,872,27,19,1,1,1
250,95,133,879,27,19,1,1,1
251,95,122,878,27,19,1,1,1
252,95,111,878,27,19,1,1,1
253,95,100,877,27,19,1,1,1
254,95,89,877,27,19,1,1,1
255,95,79,876,27,19,1,1,1
256,95,68,876,27,19,1,1,1
257,95,57,875,27,19,1,1,1
258,95,46,875,27,19,1,1,1
259,95,35,874,27,19,1,1,1
150,96,270,98,21,30,1,1,1
151,96,263,97,21,30,1,1,1
152,96,257,97,21,30,1,1,1
153,96,250,97,21,30,1,1,1
154,96,244,97,21,30,1,1,1
155,96,238,97,21,30,1,1,1
156,96,231,97,21,30,1,1,1
157,96,225,97,21,30,1,1,1
158,96,218,97,21,30,1,1,1
159,96,212,97,21,30,1,1,1
160,96,206,97,21,30,1,1,1
161,96,199,97,21,30,1,1,1
162,96,192,97,21,30,1,1,1
163,96,185,97,21,30,1,1,1
164,96,179,97,21,30,1,1,1
165,96,172,97,21,30,1,1,1
166,96,165,97,21,30,1,1,1
167,96,159,97,21,30,1,1,1
168,96,152,97,21,30,1,1,1
169,96,145,97,21,30,1,1,1
170,96,139,98,21,30,1,1,1
171,96,130,96,21,30,1,1,1
172,96,121,94,21,30,1,1,1
173,96,112,92,21,30,1,1,1
174,96,103,91,21,30,1,1,1
175,96,94,89,21,30,1,1,1
176,96,85,87,21,30,1,1,1
177,96,76,86,21,30,1,1,1
178,96,67,84,21,30,1,1,1
179,96,58,82,21,30,1,1,1
260,98,430,886,26,23,1,1,1
261,98,421,886,26,23,1,1,1
262,98,413,886,26,23,1,1,1
263,98,404,886,26,23,1,1,1
264,98,396,886,26,23,1,1,1
265,98,387,887,26,23,1,1,1
266,98,379,887,26,23,1,1,1
267,98,370,887,26,23,1,1,1
268,98,362,887,26,23,1,1,1
269,98,353,887,26,23,1,1,1
270,98,345,888,26,23,1,1,1
271,98,335,887,26,23,1,1,1
272,98,326,887,26,23,1,1,1
273,98,317,887,26,23,1,1,1
274,98,307,887,26,23,1,1,1
275,98,298,887,26,23,1,1,1
276,98,289,887,26,23,1,1,1
277,98,279,887,26,23,1,1,1
278,98,270,887,26,23,1,1,1
279,98,261,887,26,23,1,1,1
280,98,252,887,26,23,1,1,1
281,98,241,886,26,23,1,1,1
282,98,231,886,26,23,1,1,1
283,98,221,886,26,23,1,1,1
284,98,211,886,26,23,1,1,1
285,98,201,886,26,23,1,1,1
286,98,190,885,26,23,1,1,1
287,98,180,885,26,23,1,1,1
288,98,170,885,26,23,1,1,1
289,98,160,885,26,23,1,1,1
290,98,150,885,26,23,1,1,1
291,98,140,885,26,23,1,1,1
292,98,130,885,26,23,1,1,1
293,98,120,885,26,23,1,1,1
294,98,110,886,26,23,1,1,1
295,98,100,886,26,23,1,1,1
296,98,90,886,26,23,1,1,1
297,98,80,887,26,23,1,1,1
298,98,70,887,26,23,1,1,1
299,98,60,887,26,23,1,1,1
0,99,947,1020,64,58,1,1,1
1,99,940,1019,64,58,1,1,1
2,99,933,1019,64,58,1,1,1
3,99,926,1019,64,58,1,1,1
4,99,919,1019,64,58,1,1,1
5,99,913,1019,64,58,1,1,1
6,99,906,1018,64,58,1,1,1
7,99,899,1018,64,58,1,1,1
8,99,892,1018,64,58,1,1,1
9,99,885,1018,64,58,1,1,1
10,99,879,1018,64,58,1,1,1
11,99,872,1018,64,58,1,1,1
12,99,865,1019,64,57,1,1,1
13,99,858,1020,64,56,1,1,1
14,99,851,1021,64,55,1,1,1
15,99,844,1022,64,55,1,1,1
16,99,837,1022,64,55,1,1,1
17,99,830,1023,64,54,1,1,1
18,99,823,1024,64,53,1,1,1
19,99,816,1025,64,52,1,1,1
20,99,809,1026,64,52,1,1,1
21,99,802,1025,64,52,1,1,1
22,99,796,1025,64,52,1,1,1
23,99,790,1025,64,52,1,1,1
24,99,784,1025,64,52,1,1,1
25,99,778,1025,64,52,1,1,1
26,99,772,1025,64,52,1,1,1
27,99,766,1025,64,52,1,1,1
28,99,760,1025,64,52,1,1,1
29,99,754,1025,64,52,1,1,1
30,99,748,1025,64,52,1,1,1
31,99,743,1024,64,53,1,1,1
32,99,738,1024,64,53,1,1,1
33,99,733,1023,64,54,1,1,1
34,99,729,1023,63,54,1,1,1
35,99,724,1023,64,54,1,1,1
36,99,719,1022,64,55,1,1,1
37,99,715,1022,63,55,1,1,1
38,99,710,1021,63,56,1,1,1
39,99,705,1021,63,56,1,1,1
40,99,701,1021,63,57,1,1,1
41,99,698,1021,63,57,1,1,1
42,99,695,1021,63,57,1,1,1
43,99,692,1021,63,57,1,1,1
44,99,689,1021,63,57,1,1,1
45,99,686,1021,63,57,1,1,1
46,99,683,1021,63,57,1,1,1
47,99,680,1021,63,57,1,1,1
48,99,677,1021,63,57,1,1,1
49,99,674,1021,63,57,1,1,1
50,99,671,1021,63,57,1,1,1
51,99,667,1021,63,57,1,1,1
52,99,663,1021,63,57,1,1,1
53,99,659,1021,63,57,1,1,1
54,99,655,1021,63,57,1,1,1
55,99,651,1021,63,57,1,1,1
56,99,647,1021,63,57,1,1,1
57,99,643,1021,63,57,1,1,1
58,99,639,1021,63,57,1,1,1
59,99,635,1021,63,57,1,1,1
60,99,631,1021,63,57,1,1,1
61,99,626,1021,63,57,1,1,1
62,99,622,1021,63,57,1,1,1
63,99,617,1022,63,56,1,1,1
64,99,613,1022,63,56,1,1,1
65,99,608,1022,63,56,1,1,1
66,99,604,1023,63,55,1,1,1
67,99,599,1023,63,55,1,1,1
68,99,595,1023,63,55,1,1,1
69,99,591,1024,63,54,1,1,1
70,99,585,1023,63,55,1,1,1
71,99,580,1023,63,55,1,1,1
72,99,574,1023,63,55,1,1,1
73,99,569,1022,63,56,1,1,1
74,99,564,1022,63,56,1,1,1
75,99,558,1022,63,56,1,1,1
76,99,553,1022,63,56,1,1,1
77,99,548,1021,63,57,1,1,1
78,99,542,1021,63,57,1,1,1
79,99,537,1021,63,57,1,1,1
80,99,532,1021,63,57,1,1,1
81,99,525,1021,63,57,1,1,1
82,99,519,1021,63,57,1,1,1
83,99,513,1021,63,57,1,1,1
84,99,507,1021,63,57,1,1,1
85,99,501,1022,63,56,1,1,1
86,99,495,1022,63,56,1,1,1
87,99,489,1022,63,56,1,1,1
88,99,483,1022,63,56,1,1,1
89,99,477,1022,63,56,1,1,1
90,99,471,1023,63,55,1,1,1
91,99,465,1022,63,56,1,1,1
92,99,460,1022,63,56,1,1,1
93,99,455,1021,62,57,1,1,1
94,99,450,1021,62,57,1,1,1
95,99,445,1020,62,58,1,1,1
96,99,439,1020,62,58,1,1,1
97,99,434,1019,62,59,1,1,1
98,99,429,1019,61,59,1,1,1
99,99,424,1018,61,60,1,1,1
100,99,419,1018,61,60,1,1,1
101,99,412,1018,61,60,1,1,1
102,99,406,1018,61,60,1,1,1
103,99,399,1018,61,60,1,1,1
104,99,393,1019,61,59,1,1,1
105,99,387,1019,61,59,1,1,1
106,99,380,1019,61,59,1,1,1
107,99,374,1020,61,58,1,1,1
108,99,367,1020,61,58,1,1,1
109,99,361,1020,61,58,1,1,1
110,99,355,1021,61,57,1,1,1
111,99,348,1020,61,57,1,1,1
112,99,341,1020,61,57,1,1,1
113,99,334,1020,61,57,1,1,1
114,99,327,1020,61,57,1,1,1
115,99,321,1020,61,57,1,1,1
116,99,314,1020,61,57,1,1,1
117,99,307,1020,61,57,1,1,1
118,99,300,1020,61,57,1,1,1
119,99,293,1020,61,57,1,1,1
120,99,287,1020,61,57,1,1,1
121,99,279,1020,61,57,1,1,1
122,99,272,1020,61,57,1,1,1
123,99,265,1020,61,57,1,1,1
124,99,258,1021,61,56,1,1,1
125,99,251,1021,61,56,1,1,1
126,99,244,1021,61,56,1,1,1
127,99,237,1022,61,55,1,1,1
128,99,230,1022,61,55,1,1,1
129,99,223,1022,61,55,1,1,1
130,99,216,1023,61,55,1,1,1
131,99,207,1022,63,55,1,1,1
132,99,199,1022,64,55,1,1,1
133,99,191,1021,65,56,1,1,1
134,99,183,1021,66,56,1,1,1
135,99,175,1021,67,56,1,1,1
136,99,167,1020,68,57,1,1,1
137,99,159,1020,69,57,1,1,1
138,99,151,1019,70,58,1,1,1
139,99,143,1019,71,58,1,1,1
140,99,135,1019,72,58,1,1,1
141,99,127,1020,72,57,1,1,1
142,99,120,1021,72,56,1,1,1
143,99,113,1022,72,55,1,1,1
144,99,106,1023,72,54,1,1,1
145,99,99,1024,72,53,1,1,1
146,99,91,1025,72,52,1,1,1
147,99,84,1026,72,51,1,1,1
148,99,77,1027,72,50,1,1,1
149,99,70,1028,72,49,1,1,1
150,99,63,1029,72,49,1,1,1
151,99,56,1028,70,49,1,1,1
152,99,50,1027,68,50,1,1,1
153,99,44,1026,66,51,1,1,1
154,99,37,1026,64,51,1,1,1
155,99,31,1025,62,52,1,1,1
156,99,25,1024,60,53,1,1,1
157,99,18,1024,58,53,1,1,1
158,99,12,1023,56,54,1,1,1
178,105,1866,65,51,73,1,1,1
179,105,1861,64,51,73,1,1,1
180,105,1856,64,51,73,1,1,1
181,105,1851,64,51,73,1,1,1
182,105,1846,63,51,73,1,1,1
183,105,1841,63,51,73,1,1,1
184,105,1836,63,51,73,1,1,1
185,105,1831,62,51,73,1,1,1
186,105,1826,62,51,73,1,1,1
187,105,1821,62,51,73,1,1,1
188,105,1816,62,51,73,1,1,1
189,105,1810,61,51,73,1,1,1
190,105,1804,61,51,73,1,1,1
191,105,1798,61,51,73,1,1,1
192,105,1792,61,51,73,1,1,1
193,105,1786,61,51,73,1,1,1
194,105,1780,61,51,73,1,1,1
195,105,1774,61,51,73,1,1,1
196,105,1768,61,51,73,1,1,1
197,105,1762,61,51,73,1,1,1
213,107,1887,832,28,28,1,1,1
214,107,1878,831,28,28,1,1,1
215,107,1870,831,28,28,1,1,1
216,107,1861,831,28,28,1,1,1
217,107,1853,831,28,28,1,1,1
218,107,1845,831,28,28,1,1,1
219,107,1836,831,28,28,1,1,1
220,107,1828,831,28,28,1,1,1
221,107,1819,831,28,28,1,1,1
222,107,1811,831,28,28,1,1,1
223,107,1803,831,28,28,1,1,1
224,107,1794,830,28,28,1,1,1
225,107,1786,830,28,28,1,1,1
226,107,1778,830,28,28,1,1,1
227,107,1770,830,28,28,1,1,1
228,107,1762,830,28,28,1,1,1
229,107,1754,829,28,28,1,1,1
230,107,1746,829,28,28,1,1,1
231,107,1738,829,28,28,1,1,1
232,107,1730,829,28,28,1,1,1
233,107,1722,829,28,28,1,1,1
234,107,1713,828,28,28,1,1,1
235,107,1705,828,28,28,1,1,1
236,107,1697,828,28,28,1,1,1
237,107,1689,828,28,28,1,1,1
238,107,1681,828,28,28,1,1,1
239,107,1672,828,28,28,1,1,1
240,107,1664,828,28,28,1,1,1
241,107,1656,828,28,28,1,1,1
242,107,1648,828,28,28,1,1,1
243,107,1640,828,28,28,1,1,1
244,107,1631,827,28,28,1,1,1
245,107,1623,827,28,28,1,1,1
246,107,1614,827,28,28,1,1,1
247,107,1606,827,28,28,1,1,1
248,107,1598,827,28,28,1,1,1
249,107,1589,827,28,28,1,1,1
250,107,1581,827,28,28,1,1,1
251,107,1572,827,28,28,1,1,1
252,107,1564,827,28,28,1,1,1
212,108,1882,834,25,24,1,1,1
213,108,1873,833,25,24,1,1,1
214,108,1865,833,25,24,1,1,1
215,108,1856,833,25,24,1,1,1
216,108,1848,833,25,24,1,1,1
217,108,1839,833,25,24,1,1,1
218,108,1831,832,25,24,1,1,1
219,108,1822,832,25,24,1,1,1
220,108,1814,832,25,24,1,1,1
221,108,1805,832,25,24,1,1,1
222,108,1797,832,25,24,1,1,1
223,108,1788,831,25,24,1,1,1
224,108,1780,831,25,24,1,1,1
225,108,1772,831,25,24,1,1,1
226,108,1764,831,25,24,1,1,1
227,108,1756,831,25,24,1,1,1
228,108,1747,830,25,24,1,1,1
229,108,1739,830,25,24,1,1,1
230,108,1731,830,25,24,1,1,1
231,108,1723,830,25,24,1,1,1
232,108,1715,830,25,24,1,1,1
233,108,1706,830,25,24,1,1,1
234,108,1697,830,25,24,1,1,1
235,108,1688,830,25,24,1,1,1
236,108,1679,831,25,24,1,1,1
237,108,1670,831,25,24,1,1,1
238,108,1661,831,25,24,1,1,1
239,108,1652,832,25,24,1,1,1
240,108,1643,832,25,24,1,1,1
241,108,1634,832,25,24,1,1,1
242,108,1625,833,25,24,1,1,1
243,108,1617,833,25,24,1,1,1
244,108,1609,833,25,24,1,1,1
245,108,1601,833,25,24,1,1,1
246,108,1593,833,25,24,1,1,1
247,108,1586,834,25,24,1,1,1
248,108,1578,834,25,24,1,1,1
249,108,1570,834,25,24,1,1,1
250,108,1562,834,25,24,1,1,1
251,108,1554,834,25,24,1,1,1
252,108,1547,835,25,24,1,1,1
253,108,1538,834,25,24,1,1,1
254,108,1530,834,25,24,1,1,1
255,108,1521,834,25,24,1,1,1
256,108,1513,833,25,24,1,1,1
257,108,1504,833,25,24,1,1,1
258,108,1496,833,25,24,1,1,1
259,108,1487,832,25,24,1,1,1
260,108,1479,832,25,24,1,1,1
261,108,1470,832,25,24,1,1,1
262,108,1462,832,25,24,1,1,1
263,108,1453,832,25,24,1,1,1
264,108,1445,832,25,24,1,1,1
265,108,1436,832,25,24,1,1,1
266,108,1428,832,25,24,1,1,1
267,108,1420,832,25,24,1,1,1
268,108,1411,832,25,24,1,1,1
269,108,1403,832,25,24,1,1,1
270,108,1394,832,25,24,1,1,1
271,108,1386,832,25,24,1,1,1
272,108,1378,832,25,24,1,1,1
273,108,1369,831,25,24,1,1,1
274,108,1360,831,25,24,1,1,1
275,108,1351,831,25,24,1,1,1
276,108,1342,831,25,24,1,1,1
277,108,1334,831,25,24,1,1,1
278,108,1325,830,25,24,1,1,1
279,108,1316,830,25,24,1,1,1
280,108,1307,830,25,24,1,1,1
281,108,1298,830,25,24,1,1,1
282,108,1290,830,25,24,1,1,1
283,108,1281,830,25,24,1,1,1
284,108,1273,830,25,24,1,1,1
285,108,1265,830,25,24,1,1,1
286,108,1256,830,25,24,1,1,1
287,108,1248,831,25,24,1,1,1
288,108,1240,831,25,24,1,1,1
289,108,1231,831,25,24,1,1,1
290,108,1223,831,25,24,1,1,1
291,108,1215,831,25,24,1,1,1
292,108,1207,832,25,24,1,1,1
293,108,1198,833,25,24,1,1,1
294,108,1189,834,25,24,1,1,1
295,108,1180,835,25,24,1,1,1
296,108,1172,836,25,24,1,1,1
297,108,1163,837,25,24,1,1,1
298,108,1154,838,25,24,1,1,1
299,108,1146,839,25,24,1,1,1
300,108,1137,840,25,24,1,1,1
301,108,1128,841,25,24,1,1,1
302,108,1120,842,25,24,1,1,1
303,108,1112,843,25,24,1,1,1
304,108,1104,845,25,24,1,1,1
305,108,1097,846,25,24,1,1,1
306,108,1089,848,25,24,1,1,1
307,108,1082,850,25,24,1,1,1
308,108,1074,851,25,24,1,1,1
309,108,1066,853,25,24,1,1,1
310,108,1059,854,25,24,1,1,1
311,108,1051,856,25,24,1,1,1
312,108,1044,858,25,24,1,1,1
313,108,1036,860,25,24,1,1,1
314,108,1028,863,25,24,1,1,1
315,108,1020,865,25,24,1,1,1
316,108,1012,868,25,24,1,1,1
317,108,1005,871,25,24,1,1,1
318,108,997,873,25,24,1,1,1
319,108,989,876,25,24,1,1,1
320,108,981,878,25,24,1,1,1
321,108,973,881,25,24,1,1,1
322,108,966,884,25,24,1,1,1
323,108,958,886,25,24,1,1,1
324,108,950,888,25,24,1,1,1
325,108,942,891,25,24,1,1,1
326,108,934,893,25,24,1,1,1
327,108,926,896,25,24,1,1,1
328,108,918,898,25,24,1,1,1
329,108,910,900,25,24,1,1,1
330,108,902,903,25,24,1,1,1
331,108,894,905,25,24,1,1,1
332,108,887,908,25,24,1,1,1
333,108,878,910,25,24,1,1,1
334,108,869,913,25,24,1,1,1
335,108,860,916,25,24,1,1,1
336,108,852,918,25,24,1,1,1
337,108,843,921,25,24,1,1,1
338,108,834,924,25,24,1,1,1
339,108,826,926,25,24,1,1,1
340,108,817,929,25,24,1,1,1
341,108,808,932,25,24,1,1,1
342,108,800,935,25,24,1,1,1
343,108,791,937,25,24,1,1,1
344,108,783,939,25,24,1,1,1
345,108,774,941,25,24,1,1,1
346,108,766,943,25,24,1,1,1
347,108,757,945,25,24,1,1,1
348,108,749,947,25,24,1,1,1
349,108,740,949,25,24,1,1,1
350,108,732,951,25,24,1,1,1
351,108,723,953,25,24,1,1,1
352,108,715,956,25,24,1,1,1
353,108,706,957,25,24,1,1,1
354,108,697,958,25,24,1,1,1
355,108,689,959,25,24,1,1,1
356,108,680,961,25,24,1,1,1
357,108,672,962,25,24,1,1,1
358,108,663,963,25,24,1,1,1
359,108,655,965,25,24,1,1,1
219,110,1843,781,20,24,1,1,1
220,110,1834,780,21,24,1,1,1
221,110,1826,780,21,23,1,1,1
222,110,1817,779,23,24,1,1,1
223,110,1809,779,23,23,1,1,1
224,110,1801,778,24,24,1,1,1
225,110,1792,778,25,23,1,1,1
226,110,1784,777,25,23,1,1,1
227,110,1775,777,27,23,1,1,1
228,110,1767,776,27,23,1,1,1
229,110,1759,776,28,23,1,1,1
230,110,1750,776,28,23,1,1,1
231,110,1742,776,28,23,1,1,1
232,110,1733,776,28,23,1,1,1
233,110,1725,776,28,23,1,1,1
234,110,1716,777,28,23,1,1,1
235,110,1708,777,28,23,1,1,1
236,110,1699,777,28,23,1,1,1
237,110,1691,777,28,23,1,1,1
238,110,1682,777,28,23,1,1,1
239,110,1674,778,28,23,1,1,1
240,110,1666,778,28,23,1,1,1
241,110,1658,778,28,23,1,1,1
242,110,1650,778,28,23,1,1,1
243,110,1642,778,28,23,1,1,1
244,110,1634,779,28,23,1,1,1
245,110,1626,779,28,23,1,1,1
246,110,1618,779,28,23,1,1,1
247,110,1610,779,28,23,1,1,1
248,110,1602,779,28,23,1,1,1
249,110,1594,780,28,23,1,1,1
250,110,1585,779,28,23,1,1,1
251,110,1577,779,28,23,1,1,1
252,110,1569,779,28,23,1,1,1
253,110,1560,779,28,23,1,1,1
254,110,1552,779,28,23,1,1,1
255,110,1544,778,28,23,1,1,1
256,110,1535,778,28,23,1,1,1
257,110,1527,778,28,23,1,1,1
258,110,1519,778,28,23,1,1,1
259,110,1511,778,28,23,1,1,1
260,110,1502,778,28,23,1,1,1
261,110,1494,778,28,23,1,1,1
262,110,1485,778,28,23,1,1,1
263,110,1477,778,28,23,1,1,1
264,110,1469,779,28,23,1,1,1
265,110,1460,779,28,23,1,1,1
266,110,1452,779,28,23,1,1,1
267,110,1443,779,28,23,1,1,1
268,110,1435,779,28,23,1,1,1
269,110,1427,780,28,23,1,1,1
270,110,1418,779,28,23,1,1,1
271,110,1410,779,28,23,1,1,1
272,110,1401,779,28,23,1,1,1
273,110,1393,779,28,23,1,1,1
274,110,1384,779,28,23,1,1,1
275,110,1376,778,28,23,1,1,1
276,110,1367,778,28,23,1,1,1
277,110,1359,778,28,23,1,1,1
278,110,1350,778,28,23,1,1,1
279,110,1342,778,28,23,1,1,1
280,110,1333,777,28,23,1,1,1
281,110,1324,777,28,23,1,1,1
282,110,1315,777,28,23,1,1,1
283,110,1307,776,28,23,1,1,1
284,110,1298,776,28,23,1,1,1
285,110,1289,776,28,23,1,1,1
286,110,1281,775,28,23,1,1,1
287,110,1272,775,28,23,1,1,1
288,110,1263,775,28,23,1,1,1
289,110,1255,775,28,23,1,1,1
290,110,1246,776,28,23,1,1,1
291,110,1238,777,28,23,1,1,1
292,110,1230,778,28,23,1,1,1
293,110,1222,779,28,23,1,1,1
294,110,1214,780,28,23,1,1,1
295,110,1205,781,28,23,1,1,1
296,110,1197,782,28,23,1,1,1
297,110,1189,783,28,23,1,1,1
298,110,1181,784,28,23,1,1,1
299,110,1173,786,28,23,1,1,1
300,110,1165,786,28,23,1,1,1
301,110,1157,787,28,23,1,1,1
302,110,1150,788,28,23,1,1,1
303,110,1142,789,28,23,1,1,1
304,110,1135,790,28,23,1,1,1
305,110,1127,791,28,23,1,1,1
306,110,1119,792,28,23,1,1,1
307,110,1112,793,28,23,1,1,1
308,110,1104,794,28,23,1,1,1
309,110,1097,795,28,23,1,1,1
310,110,1089,797,28,23,1,1,1
311,110,1082,800,28,23,1,1,1
312,110,1075,802,28,23,1,1,1
313,110,1067,805,28,23,1,1,1
314,110,1060,808,28,23,1,1,1
315,110,1053,810,28,23,1,1,1
316,110,1045,813,28,23,1,1,1
317,110,1038,815,28,23,1,1,1
318,110,1031,818,28,23,1,1,1
319,110,1024,821,28,23,1,1,1
320,110,1016,823,28,23,1,1,1
321,110,1008,825,28,23,1,1,1
322,110,1000,827,28,23,1,1,1
323,110,992,830,28,23,1,1,1
324,110,984,832,28,23,1,1,1
325,110,976,834,28,23,1,1,1
326,110,968,837,28,23,1,1,1
327,110,960,839,28,23,1,1,1
328,110,952,841,28,23,1,1,1
329,110,945,844,28,23,1,1,1
330,110,936,846,28,24,1,1,1
331,110,928,849,28,24,1,1,1
332,110,920,852,28,24,1,1,1
333,110,912,854,28,25,1,1,1
334,110,904,857,28,25,1,1,1
335,110,896,860,27,25,1,1,1
336,110,888,862,27,26,1,1,1
337,110,880,865,27,26,1,1,1
338,110,872,868,27,26,1,1,1
339,110,864,871,27,26,1,1,1
340,110,855,873,27,26,1,1,1
341,110,847,875,27,26,1,1,1
342,110,839,877,27,26,1,1,1
343,110,830,879,27,26,1,1,1
344,110,822,881,27,26,1,1,1
345,110,814,883,27,26,1,1,1
346,110,805,885,27,26,1,1,1
347,110,797,887,27,26,1,1,1
348,110,789,889,27,26,1,1,1
349,110,781,891,27,26,1,1,1
350,110,772,892,27,26,1,1,1
351,110,763,894,27,26,1,1,1
352,110,755,896,27,26,1,1,1
353,110,746,898,27,26,1,1,1
354,110,738,900,27,26,1,1,1
355,110,729,901,27,26,1,1,1
356,110,720,903,27,26,1,1,1
357,110,712,905,27,26,1,1,1
358,110,703,907,27,26,1,1,1
359,110,695,909,27,26,1,1,1
