50,1,0,843,65,34,1,1,1
51,1,0,839,61,34,1,1,1
52,1,0,835,57,34,1,1,1
53,1,0,831,53,34,1,1,1
54,1,0,827,49,34,1,1,1
55,1,0,823,45,34,1,1,1
56,1,0,819,41,34,1,1,1
57,1,0,815,37,34,1,1,1
58,1,0,811,33,34,1,1,1
59,1,0,807,29,34,1,1,1
130,3,0,692,91,38,1,1,1
131,3,0,692,85,38,1,1,1
132,3,0,692,80,38,1,1,1
133,3,0,692,75,38,1,1,1
134,3,0,693,70,38,1,1,1
135,3,0,693,65,38,1,1,1
136,3,0,693,60,38,1,1,1
137,3,0,694,55,38,1,1,1
138,3,0,694,50,38,1,1,1
139,3,0,694,45,38,1,1,1
110,4,0,756,83,42,1,1,1
111,4,0,756,79,42,1,1,1
112,4,0,756,75,42,1,1,1
113,4,0,756,71,42,1,1,1
114,4,0,757,67,42,1,1,1
115,4,0,757,63,42,1,1,1
116,4,0,757,59,42,1,1,1
117,4,0,758,55,42,1,1,1
118,4,0,758,51,42,1,1,1
119,4,0,758,47,42,1,1,1
120,4,0,759,44,42,1,1,1
121,4,0,759,40,42,1,1,1
122,4,0,759,36,42,1,1,1
123,4,0,759,33,42,1,1,1
124,4,0,759,29,42,1,1,1
125,4,0,760,26,42,1,1,1
126,4,0,760,22,42,1,1,1
127,4,0,760,18,42,1,1,1
128,4,0,760,15,42,1,1,1
129,4,0,760,11,42,1,1,1
10,8,1237,1049,93,30,1,1,1
11,8,1263,1049,93,30,1,1,1
12,8,1290,1050,93,29,1,1,1
13,8,1316,1051,93,28,1,1,1
14,8,1343,1052,93,27,1,1,1
15,8,1370,1053,93,26,1,1,1
16,8,1396,1054,93,25,1,1,1
17,8,1423,1055,93,24,1,1,1
18,8,1449,1056,93,23,1,1,1
19,8,1476,1057,93,22,1,1,1
20,8,1503,1058,93,21,1,1,1
21,8,1529,1059,93,20,1,1,1
22,8,1555,1060,93,19,1,1,1
23,8,1581,1061,93,18,1,1,1
24,8,1607,1062,93,17,1,1,1
25,8,1633,1064,93,15,1,1,1
26,8,1659,1065,93,14,1,1,1
27,8,1685,1066,93,13,1,1,1
28,8,1711,1067,93,12,1,1,1
29,8,1737,1068,93,11,1,1,1
69,12,1870,723,48,42,1,1,1
70,12,1863,721,53,42,1,1,1
71,12,1857,720,57,41,1,1,1
72,12,1851,718,61,41,1,1,1
73,12,1845,717,66,41,1,1,1
74,12,1839,715,70,41,1,1,1
75,12,1832,714,75,40,1,1,1
76,12,1826,712,80,41,1,1,1
77,12,1820,711,84,40,1,1,1
78,12,1814,709,88,40,1,1,1
20,28,1364,250,37,64,1,1,1
21,28,1376,250,37,64,1,1,1
22,28,1388,251,37,64,1,1,1
23,28,1400,252,37,64,1,1,1
24,28,1413,253,37,64,1,1,1
25,28,1425,254,37,64,1,1,1
26,28,1437,255,37,64,1,1,1
27,28,1450,256,37,64,1,1,1
28,28,1462,257,37,64,1,1,1
29,28,1474,258,37,64,1,1,1
30,28,1487,259,37,64,1,1,1
31,28,1498,258,37,64,1,1,1
32,28,1510,258,37,64,1,1,1
33,28,1522,257,37,64,1,1,1
34,28,1533,257,37,64,1,1,1
35,28,1545,257,37,64,1,1,1
36,28,1557,256,37,64,1,1,1
37,28,1568,256,37,64,1,1,1
38,28,1580,255,37,64,1,1,1
39,28,1592,255,37,64,1,1,1
40,28,1604,255,37,64,1,1,1
41,28,1616,253,37,64,1,1,1
42,28,1628,251,37,64,1,1,1
43,28,1640,249,37,64,1,1,1
44,28,1652,247,37,64,1,1,1
45,28,1665,245,37,64,1,1,1
46,28,1677,243,37,64,1,1,1
47,28,1689,241,37,64,1,1,1
48,28,1701,239,37,64,1,1,1
49,28,1713,237,37,64,1,1,1
50,28,1726,235,37,64,1,1,1
51,28,1738,233,37,63,1,1,1
52,28,1750,231,37,62,1,1,1
53,28,1762,229,37,61,1,1,1
54,28,1775,227,36,60,1,1,1
55,28,1787,225,37,60,1,1,1
56,28,1799,223,37,59,1,1,1
57,28,1812,221,36,58,1,1,1
58,28,1824,219,36,57,1,1,1
59,28,1836,217,36,56,1,1,1
0,35,968,254,66,32,1,1,1
1,35,979,254,66,32,1,1,1
2,35,991,255,66,32,1,1,1
3,35,1002,255,66,32,1,1,1
4,35,1014,256,66,32,1,1,1
5,35,1025,257,66,32,1,1,1
6,35,1037,257,66,32,1,1,1
7,35,1048,258,66,32,1,1,1
8,35,1060,258,66,32,1,1,1
9,35,1071,259,66,32,1,1,1
10,35,1083,260,66,32,1,1,1
11,35,1094,260,66,32,1,1,1
12,35,1106,261,66,32,1,1,1
13,35,1118,261,66,32,1,1,1
14,35,1130,262,66,32,1,1,1
15,35,1142,262,66,32,1,1,1
16,35,1154,263,66,32,1,1,1
17,35,1166,263,66,32,1,1,1
18,35,1178,264,66,32,1,1,1
19,35,1190,264,66,32,1,1,1
20,35,1202,265,66,32,1,1,1
21,35,1214,265,66,32,1,1,1
22,35,1226,266,66,32,1,1,1
23,35,1238,267,66,32,1,1,1
24,35,1250,267,66,32,1,1,1
25,35,1262,268,66,32,1,1,1
26,35,1274,269,66,32,1,1,1
27,35,1286,269,66,32,1,1,1
28,35,1298,270,66,32,1,1,1
29,35,1310,271,66,32,1,1,1
30,35,1322,272,66,32,1,1,1
31,35,1334,271,66,32,1,1,1
32,35,1346,271,66,32,1,1,1
33,35,1358,270,66,32,1,1,1
34,35,1370,270,66,32,1,1,1
35,35,1382,270,66,32,1,1,1
36,35,1394,269,66,32,1,1,1
37,35,1406,269,66,32,1,1,1
38,35,1418,268,66,32,1,1,1
39,35,1430,268,66,32,1,1,1
40,35,1442,268,66,32,1,1,1
41,35,1453,266,66,32,1,1,1
42,35,1465,264,66,32,1,1,1
43,35,1477,262,66,32,1,1,1
44,35,1489,260,66,32,1,1,1
45,35,1501,258,66,32,1,1,1
46,35,1513,256,66,32,1,1,1
47,35,1525,254,66,32,1,1,1
48,35,1537,252,66,32,1,1,1
49,35,1549,250,66,32,1,1,1
50,35,1561,248,66,32,1,1,1
51,35,1572,245,66,32,1,1,1
52,35,1584,242,66,32,1,1,1
53,35,1596,240,66,32,1,1,1
54,35,1608,237,66,32,1,1,1
55,35,1620,235,66,32,1,1,1
56,35,1631,232,66,32,1,1,1
57,35,1643,229,66,32,1,1,1
58,35,1655,227,66,32,1,1,1
59,35,1667,224,66,32,1,1,1
60,35,1679,222,66,32,1,1,1
61,35,1691,220,66,32,1,1,1
62,35,1703,218,66,32,1,1,1
63,35,1715,216,66,32,1,1,1
64,35,1727,214,66,32,1,1,1
65,35,1740,213,66,32,1,1,1
66,35,1752,211,66,32,1,1,1
67,35,1764,209,66,32,1,1,1
68,35,1776,207,66,32,1,1,1
69,35,1788,205,66,32,1,1,1
73,39,1869,506,49,35,1,1,1
74,39,1880,503,38,35,1,1,1
75,39,1891,500,27,35,1,1,1
73,40,1868,455,50,37,1,1,1
74,40,1880,452,38,37,1,1,1
75,40,1892,450,26,37,1,1,1
0,45,963,329,79,36,1,1,1
1,45,974,329,79,36,1,1,1
2,45,986,329,79,36,1,1,1
3,45,997,329,79,36,1,1,1
4,45,1009,329,79,36,1,1,1
5,45,1020,329,79,36,1,1,1
6,45,1032,329,79,36,1,1,1
7,45,1043,329,79,36,1,1,1
8,45,1055,329,79,36,1,1,1
9,45,1066,329,79,36,1,1,1
10,45,1078,329,79,36,1,1,1
11,45,1090,330,79,36,1,1,1
12,45,1102,331,79,36,1,1,1
13,45,1115,332,79,36,1,1,1
14,45,1127,333,79,36,1,1,1
15,45,1140,334,79,36,1,1,1
16,45,1152,335,79,36,1,1,1
17,45,1164,336,79,36,1,1,1
18,45,1177,337,79,36,1,1,1
19,45,1189,338,79,36,1,1,1
20,45,1202,339,79,36,1,1,1
21,45,1214,339,79,36,1,1,1
22,45,1227,340,79,36,1,1,1
23,45,1239,340,79,36,1,1,1
24,45,1252,341,79,36,1,1,1
25,45,1264,342,79,36,1,1,1
26,45,1277,342,79,36,1,1,1
27,45,1289,343,79,36,1,1,1
28,45,1302,343,79,36,1,1,1
29,45,1314,344,79,36,1,1,1
30,45,1327,345,79,36,1,1,1
31,45,1339,344,79,36,1,1,1
32,45,1351,344,80,36,1,1,1
33,45,1363,344,80,35,1,1,1
34,45,1375,343,81,36,1,1,1
35,45,1387,343,82,36,1,1,1
36,45,1399,343,82,35,1,1,1
37,45,1411,342,83,36,1,1,1
38,45,1423,342,83,35,1,1,1
39,45,1435,342,84,35,1,1,1
40,45,1447,342,85,35,1,1,1
41,45,1459,339,85,35,1,1,1
42,45,1471,337,85,35,1,1,1
43,45,1483,335,85,35,1,1,1
44,45,1495,333,85,35,1,1,1
45,45,1507,331,85,35,1,1,1
46,45,1519,329,85,35,1,1,1
47,45,1531,327,85,35,1,1,1
48,45,1543,325,85,35,1,1,1
49,45,1555,323,85,35,1,1,1
50,45,1567,321,85,35,1,1,1
51,45,1579,318,85,35,1,1,1
52,45,1591,315,85,35,1,1,1
53,45,1603,312,85,35,1,1,1
54,45,1616,309,85,35,1,1,1
55,45,1628,307,85,35,1,1,1
56,45,1640,304,85,35,1,1,1
57,45,1653,301,85,35,1,1,1
58,45,1665,298,85,35,1,1,1
59,45,1677,295,85,35,1,1,1
60,45,1690,293,85,35,1,1,1
61,45,1702,291,85,35,1,1,1
62,45,1714,289,85,35,1,1,1
63,45,1726,287,85,35,1,1,1
64,45,1739,286,85,35,1,1,1
65,45,1751,284,85,35,1,1,1
66,45,1763,282,85,35,1,1,1
67,45,1776,281,85,35,1,1,1
68,45,1788,279,85,35,1,1,1
69,45,1800,277,85,35,1,1,1
0,46,964,290,72,33,1,1,1
1,46,975,290,72,33,1,1,1
2,46,986,291,72,33,1,1,1
3,46,997,292,72,33,1,1,1
4,46,1008,293,72,33,1,1,1
5,46,1019,294,72,33,1,1,1
6,46,1030,294,72,33,1,1,1
7,46,1041,295,72,33,1,1,1
8,46,1052,296,72,33,1,1,1
9,46,1063,297,72,33,1,1,1
10,46,1074,298,72,33,1,1,1
11,46,1086,298,72,33,1,1,1
12,46,1098,298,72,33,1,1,1
13,46,1110,299,72,33,1,1,1
14,46,1122,299,72,33,1,1,1
15,46,1134,300,72,33,1,1,1
16,46,1146,300,72,33,1,1,1
17,46,1158,300,72,33,1,1,1
18,46,1170,301,72,33,1,1,1
19,46,1182,301,72,33,1,1,1
20,46,1194,302,72,33,1,1,1
21,46,1206,302,72,33,1,1,1
22,46,1218,303,72,33,1,1,1
23,46,1230,304,72,33,1,1,1
24,46,1242,304,72,33,1,1,1
25,46,1254,305,72,33,1,1,1
26,46,1266,306,72,33,1,1,1
27,46,1278,306,72,33,1,1,1
28,46,1290,307,72,33,1,1,1
29,46,1302,308,72,33,1,1,1
30,46,1314,309,72,33,1,1,1
31,46,1326,308,72,33,1,1,1
32,46,1339,308,72,33,1,1,1
33,46,1351,308,72,33,1,1,1
34,46,1364,308,72,33,1,1,1
35,46,1376,308,72,33,1,1,1
36,46,1389,308,72,33,1,1,1
37,46,1401,308,72,33,1,1,1
38,46,1414,308,72,33,1,1,1
39,46,1426,308,72,33,1,1,1
40,46,1439,308,72,33,1,1,1
41,46,1450,305,72,33,1,1,1
42,46,1462,303,72,33,1,1,1
43,46,1473,300,72,33,1,1,1
44,46,1485,298,72,33,1,1,1
45,46,1497,296,72,33,1,1,1
46,46,1508,293,72,33,1,1,1
47,46,1520,291,72,33,1,1,1
48,46,1531,288,72,33,1,1,1
49,46,1543,286,72,33,1,1,1
50,46,1555,284,72,33,1,1,1
51,46,1567,281,72,33,1,1,1
52,46,1579,279,72,33,1,1,1
53,46,1591,276,72,33,1,1,1
54,46,1603,274,72,33,1,1,1
55,46,1615,272,72,33,1,1,1
56,46,1627,269,72,33,1,1,1
57,46,1639,267,72,33,1,1,1
58,46,1651,264,72,33,1,1,1
59,46,1663,262,72,33,1,1,1
60,46,1675,260,72,33,1,1,1
61,46,1687,258,72,33,1,1,1
62,46,1699,256,72,33,1,1,1
63,46,1711,254,72,33,1,1,1
64,46,1723,253,72,33,1,1,1
65,46,1735,251,72,33,1,1,1
66,46,1747,249,72,33,1,1,1
67,46,1759,248,72,33,1,1,1
68,46,1771,246,72,33,1,1,1
69,46,1783,244,72,33,1,1,1
3,54,0,179,29,66,1,1,1
4,54,10,179,30,66,1,1,1
5,54,20,180,31,66,1,1,1
6,54,30,181,32,66,1,1,1
7,54,40,181,34,66,1,1,1
8,54,50,182,35,66,1,1,1
9,54,60,183,36,66,1,1,1
7,55,0,181,39,66,1,1,1
8,55,10,181,40,66,1,1,1
9,55,20,182,42,66,1,1,1
10,55,30,182,44,66,1,1,1
11,55,40,183,46,66,1,1,1
14,56,0,183,40,65,1,1,1
15,56,8,183,43,65,1,1,1
16,56,16,184,47,65,1,1,1
17,56,24,184,50,65,1,1,1
18,56,32,185,54,65,1,1,1
19,56,40,185,57,65,1,1,1
20,57,0,214,25,80,1,1,1
21,57,3,214,33,79,1,1,1
22,57,7,214,41,79,1,1,1
23,57,11,214,49,79,1,1,1
24,57,15,215,57,78,1,1,1
25,57,27,215,57,78,1,1,1
26,57,39,216,57,78,1,1,1
35,60,0,197,37,65,1,1,1
36,60,11,196,38,65,1,1,1
37,60,23,195,38,65,1,1,1
38,60,35,195,38,65,1,1,1
39,60,47,194,39,65,1,1,1
40,60,59,194,39,65,1,1,1
41,60,71,193,39,65,1,1,1
42,62,8,190,35,59,1,1,1
43,62,20,187,35,59,1,1,1
44,62,33,185,35,59,1,1,1
45,62,46,182,35,59,1,1,1
46,62,58,180,35,59,1,1,1
47,62,71,178,35,59,1,1,1
48,62,84,175,35,59,1,1,1
49,62,96,173,35,59,1,1,1
50,62,109,170,35,59,1,1,1
51,62,122,168,35,59,1,1,1
52,62,135,166,35,59,1,1,1
53,62,147,163,35,59,1,1,1
54,62,159,161,35,59,1,1,1
55,62,172,159,35,59,1,1,1
56,62,184,157,35,59,1,1,1
57,62,197,155,35,59,1,1,1
58,62,209,153,35,59,1,1,1
59,62,221,151,35,59,1,1,1
60,62,234,149,35,59,1,1,1
61,62,246,147,35,59,1,1,1
62,62,259,145,35,59,1,1,1
63,62,271,143,35,59,1,1,1
64,62,283,142,35,59,1,1,1
65,62,295,141,35,59,1,1,1
66,62,308,140,35,59,1,1,1
67,62,320,139,35,59,1,1,1
68,62,332,137,35,59,1,1,1
69,62,345,136,35,59,1,1,1
70,62,357,135,35,59,1,1,1
71,62,369,134,35,59,1,1,1
72,62,382,133,35,59,1,1,1
73,62,394,132,35,59,1,1,1
74,62,406,131,35,59,1,1,1
75,62,418,130,35,59,1,1,1
76,62,430,129,35,59,1,1,1
77,62,442,129,35,59,1,1,1
78,62,454,128,35,59,1,1,1
79,62,466,127,35,59,1,1,1
80,62,478,126,35,59,1,1,1
81,62,490,125,35,59,1,1,1
82,62,502,125,35,59,1,1,1
83,62,513,125,35,59,1,1,1
84,62,525,125,35,59,1,1,1
85,62,537,125,35,59,1,1,1
86,62,548,125,35,59,1,1,1
87,62,560,125,35,59,1,1,1
88,62,572,125,35,59,1,1,1
89,62,583,125,35,59,1,1,1
90,62,595,125,35,59,1,1,1
91,62,607,125,35,59,1,1,1
92,62,619,125,35,59,1,1,1
93,62,630,125,35,59,1,1,1
94,62,642,125,35,59,1,1,1
95,62,653,125,35,59,1,1,1
96,62,665,125,35,59,1,1,1
97,62,676,125,35,59,1,1,1
98,62,688,125,35,59,1,1,1
99,62,699,125,35,59,1,1,1
100,62,711,125,35,59,1,1,1
101,62,722,125,35,59,1,1,1
102,62,734,125,35,59,1,1,1
103,62,746,125,35,59,1,1,1
104,62,758,125,35,59,1,1,1
105,62,770,125,35,59,1,1,1
106,62,782,125,35,59,1,1,1
107,62,794,126,35,59,1,1,1
108,62,806,126,35,59,1,1,1
109,62,818,126,35,59,1,1,1
110,62,830,126,35,59,1,1,1
111,62,842,126,35,59,1,1,1
112,62,854,127,35,59,1,1,1
113,62,865,127,35,59,1,1,1
114,62,876,127,35,59,1,1,1
115,62,888,128,35,59,1,1,1
116,62,899,128,35,59,1,1,1
117,62,911,129,35,59,1,1,1
118,62,922,129,35,59,1,1,1
119,62,933,129,35,59,1,1,1
120,62,945,130,35,59,1,1,1
121,62,956,130,35,59,1,1,1
122,62,968,131,35,59,1,1,1
123,62,979,131,35,59,1,1,1
124,62,991,131,35,59,1,1,1
125,62,1002,131,35,59,1,1,1
126,62,1014,132,35,59,1,1,1
127,62,1026,132,35,59,1,1,1
128,62,1037,132,35,59,1,1,1
129,62,1049,133,35,59,1,1,1
130,62,1060,133,35,59,1,1,1
131,62,1072,133,35,59,1,1,1
132,62,1084,134,35,59,1,1,1
133,62,1095,134,35,59,1,1,1
134,62,1106,135,35,59,1,1,1
135,62,1118,136,35,59,1,1,1
136,62,1129,137,35,59,1,1,1
137,62,1141,138,35,59,1,1,1
138,62,1152,138,35,59,1,1,1
139,62,1163,139,35,59,1,1,1
140,62,1175,140,35,59,1,1,1
141,62,1186,141,35,59,1,1,1
142,62,1198,142,35,59,1,1,1
143,62,1209,142,35,59,1,1,1
144,62,1221,142,35,59,1,1,1
145,62,1232,143,35,59,1,1,1
146,62,1244,143,35,59,1,1,1
147,62,1255,144,35,59,1,1,1
148,62,1267,144,35,59,1,1,1
149,62,1279,145,35,59,1,1,1
46,63,0,176,29,64,1,1,1
47,63,9,173,31,64,1,1,1
48,63,19,171,33,64,1,1,1
49,63,28,169,36,64,1,1,1
52,64,12,167,42,59,1,1,1
53,64,24,164,42,59,1,1,1
54,64,37,162,42,59,1,1,1
55,64,50,160,42,58,1,1,1
56,64,62,157,43,59,1,1,1
57,64,75,155,43,59,1,1,1
58,64,88,153,42,58,1,1,1
59,64,100,150,43,59,1,1,1
60,64,113,148,43,58,1,1,1
61,64,126,146,43,58,1,1,1
62,64,139,144,43,58,1,1,1
63,64,151,142,43,58,1,1,1
64,64,164,141,42,58,1,1,1
65,64,176,139,42,58,1,1,1
66,64,189,138,41,58,1,1,1
67,64,201,137,41,57,1,1,1
68,64,214,135,40,58,1,1,1
69,64,226,134,40,57,1,1,1
70,64,239,132,39,58,1,1,1
71,64,251,131,39,57,1,1,1
72,64,264,130,39,57,1,1,1
73,64,276,129,39,57,1,1,1
74,64,288,128,39,57,1,1,1
75,64,300,127,39,57,1,1,1
76,64,312,126,39,57,1,1,1
77,64,324,126,39,57,1,1,1
78,64,336,125,39,57,1,1,1
79,64,348,124,39,57,1,1,1
80,64,360,123,39,57,1,1,1
81,64,372,122,39,57,1,1,1
82,64,384,122,39,57,1,1,1
83,64,395,122,39,57,1,1,1
84,64,407,122,39,57,1,1,1
85,64,419,122,39,57,1,1,1
86,64,430,122,39,57,1,1,1
87,64,442,122,39,57,1,1,1
88,64,454,122,39,57,1,1,1
89,64,465,122,39,57,1,1,1
90,64,477,122,39,57,1,1,1
91,64,489,122,39,57,1,1,1
92,64,501,123,39,57,1,1,1
93,64,513,123,38,56,1,1,1
94,64,525,123,38,56,1,1,1
95,64,537,123,37,56,1,1,1
96,64,549,123,37,56,1,1,1
97,64,561,123,37,56,1,1,1
98,64,573,123,36,56,1,1,1
99,64,585,123,36,56,1,1,1
100,64,597,123,35,56,1,1,1
101,64,609,123,35,56,1,1,1
102,64,622,123,34,56,1,1,1
103,64,633,123,34,56,1,1,1
104,64,645,123,34,56,1,1,1
105,64,656,123,34,56,1,1,1
106,64,668,123,34,56,1,1,1
107,64,679,124,34,56,1,1,1
108,64,691,124,34,56,1,1,1
109,64,702,124,34,56,1,1,1
110,64,714,124,34,56,1,1,1
111,64,725,124,34,56,1,1,1
112,64,737,125,34,56,1,1,1
113,64,748,125,34,56,1,1,1
114,64,760,126,34,56,1,1,1
115,64,771,127,34,56,1,1,1
116,64,783,127,34,56,1,1,1
117,64,794,128,34,56,1,1,1
118,64,806,129,34,56,1,1,1
119,64,817,129,34,56,1,1,1
120,64,829,130,34,56,1,1,1
121,64,840,131,34,56,1,1,1
122,64,852,132,34,56,1,1,1
123,64,863,132,34,56,1,1,1
124,64,875,132,34,56,1,1,1
125,64,886,133,34,56,1,1,1
126,64,898,133,34,56,1,1,1
127,64,909,134,34,56,1,1,1
128,64,921,134,34,56,1,1,1
129,64,932,134,34,56,1,1,1
130,64,944,135,34,56,1,1,1
131,64,955,135,34,56,1,1,1
132,64,967,136,34,56,1,1,1
133,64,978,136,34,56,1,1,1
134,64,990,136,34,56,1,1,1
135,64,1001,137,34,56,1,1,1
136,64,1013,137,34,56,1,1,1
137,64,1024,138,34,56,1,1,1
138,64,1036,138,34,56,1,1,1
139,64,1047,138,34,56,1,1,1
140,64,1059,139,34,56,1,1,1
141,64,1070,139,34,56,1,1,1
142,64,1082,140,34,56,1,1,1
143,64,1093,140,34,56,1,1,1
144,64,1104,140,34,56,1,1,1
145,64,1116,141,34,56,1,1,1
146,64,1127,141,34,56,1,1,1
147,64,1139,142,34,56,1,1,1
148,64,1150,142,34,56,1,1,1
149,64,1162,143,34,56,1,1,1
43,65,0,101,35,30,1,1,1
44,65,5,98,41,31,1,1,1
45,65,10,95,48,32,1,1,1
46,65,15,93,54,32,1,1,1
47,65,21,90,60,33,1,1,1
48,65,26,88,66,33,1,1,1
49,65,31,85,73,34,1,1,1
50,65,37,83,79,34,1,1,1
51,65,49,80,79,35,1,1,1
52,65,62,78,78,36,1,1,1
53,66,0,64,67,36,1,1,1
54,66,11,61,68,36,1,1,1
55,66,22,59,69,36,1,1,1
56,66,33,57,70,36,1,1,1
57,66,44,55,71,36,1,1,1
58,66,55,53,72,36,1,1,1
59,66,66,51,73,35,1,1,1
60,66,77,49,74,35,1,1,1
61,66,88,47,75,35,1,1,1
62,66,99,45,76,35,1,1,1
54,67,0,159,39,68,1,1,1
55,67,12,157,39,68,1,1,1
56,67,24,156,40,68,1,1,1
57,67,37,154,40,68,1,1,1
58,67,49,153,40,68,1,1,1
59,67,61,151,41,68,1,1,1
60,67,74,150,41,68,1,1,1
61,67,86,147,41,68,1,1,1
62,67,98,145,41,68,1,1,1
63,67,111,143,41,68,1,1,1
64,67,123,140,41,68,1,1,1
65,67,136,138,41,68,1,1,1
66,67,148,136,41,68,1,1,1
67,67,161,134,41,68,1,1,1
68,67,173,133,41,68,1,1,1
69,67,185,133,41,68,1,1,1
70,67,198,133,41,68,1,1,1
71,67,210,132,41,68,1,1,1
72,67,222,131,41,68,1,1,1
73,67,234,130,41,68,1,1,1
74,67,247,129,41,68,1,1,1
75,67,259,129,41,68,1,1,1
76,67,271,128,41,68,1,1,1
77,67,284,127,41,68,1,1,1
78,67,296,126,41,68,1,1,1
79,67,308,125,41,68,1,1,1
80,67,321,125,41,68,1,1,1
81,67,332,124,41,68,1,1,1
82,67,344,124,41,68,1,1,1
83,67,356,124,40,68,1,1,1
84,67,368,124,40,67,1,1,1
85,67,380,124,39,67,1,1,1
86,67,392,123,39,68,1,1,1
87,67,404,123,38,67,1,1,1
88,67,416,123,38,67,1,1,1
89,67,428,123,37,67,1,1,1
90,67,440,123,37,67,1,1,1
91,67,451,123,37,67,1,1,1
92,67,463,123,37,67,1,1,1
93,67,475,123,37,67,1,1,1
94,67,487,123,37,67,1,1,1
95,67,499,123,37,67,1,1,1
96,67,511,123,37,67,1,1,1
97,67,523,123,37,67,1,1,1
98,67,535,123,37,67,1,1,1
99,67,547,123,37,67,1,1,1
100,67,559,124,37,67,1,1,1
101,67,570,124,37,66,1,1,1
102,67,582,124,36,66,1,1,1
103,67,593,124,37,66,1,1,1
104,67,605,125,36,65,1,1,1
105,67,616,125,37,65,1,1,1
106,67,628,125,36,65,1,1,1
107,67,639,126,36,64,1,1,1
108,67,651,126,36,64,1,1,1
109,67,662,126,36,64,1,1,1
110,67,674,127,36,63,1,1,1
111,67,685,127,36,63,1,1,1
112,67,697,128,36,63,1,1,1
113,67,708,128,36,63,1,1,1
114,67,720,129,36,63,1,1,1
115,67,732,129,36,63,1,1,1
116,67,743,130,36,63,1,1,1
117,67,755,130,36,63,1,1,1
118,67,766,131,36,63,1,1,1
119,67,778,131,36,63,1,1,1
120,67,790,132,36,63,1,1,1
121,67,801,132,36,63,1,1,1
122,67,813,133,36,63,1,1,1
123,67,824,133,36,63,1,1,1
124,67,836,134,36,63,1,1,1
125,67,847,134,36,63,1,1,1
126,67,859,135,36,63,1,1,1
127,67,870,135,36,63,1,1,1
128,67,882,136,36,63,1,1,1
129,67,893,136,36,63,1,1,1
130,67,905,137,36,63,1,1,1
131,67,916,137,36,63,1,1,1
132,67,927,137,36,63,1,1,1
133,67,938,138,36,63,1,1,1
134,67,950,138,36,63,1,1,1
135,67,961,139,36,63,1,1,1
136,67,972,139,36,63,1,1,1
137,67,984,139,36,63,1,1,1
138,67,995,140,36,63,1,1,1
139,67,1006,140,36,63,1,1,1
140,67,1018,141,36,63,1,1,1
141,67,1029,141,36,63,1,1,1
142,67,1040,142,36,63,1,1,1
143,67,1052,142,36,63,1,1,1
144,67,1063,143,36,63,1,1,1
145,67,1075,143,36,63,1,1,1
146,67,1086,144,36,63,1,1,1
147,67,1098,144,36,63,1,1,1
148,67,1109,145,36,63,1,1,1
149,67,1121,146,36,63,1,1,1
57,68,0,152,42,67,1,1,1
58,68,10,149,43,67,1,1,1
59,68,20,147,45,67,1,1,1
60,68,30,145,47,67,1,1,1
61,68,42,143,47,67,1,1,1
62,68,55,142,47,67,1,1,1
63,68,67,140,47,67,1,1,1
64,68,80,139,47,67,1,1,1
65,68,92,138,47,67,1,1,1
66,68,105,136,47,67,1,1,1
67,68,117,135,47,67,1,1,1
68,68,130,133,47,67,1,1,1
69,68,142,132,47,67,1,1,1
70,68,155,131,47,67,1,1,1
71,68,167,130,47,67,1,1,1
72,68,179,129,47,67,1,1,1
73,68,191,128,47,67,1,1,1
74,68,203,127,47,67,1,1,1
75,68,215,126,47,67,1,1,1
76,68,227,125,47,67,1,1,1
77,68,239,124,47,67,1,1,1
78,68,251,123,47,67,1,1,1
79,68,263,122,47,67,1,1,1
60,69,0,148,34,66,1,1,1
61,69,10,146,36,66,1,1,1
62,69,20,144,38,66,1,1,1
63,69,30,142,41,66,1,1,1
64,69,40,140,43,66,1,1,1
65,69,51,139,45,65,1,1,1
66,69,63,137,45,65,1,1,1
67,69,76,135,44,65,1,1,1
68,69,88,134,45,65,1,1,1
69,69,101,132,44,65,1,1,1
70,69,114,131,44,65,1,1,1
71,69,126,130,44,65,1,1,1
72,69,138,129,44,65,1,1,1
73,69,150,128,44,65,1,1,1
74,69,162,127,44,65,1,1,1
75,69,175,126,44,65,1,1,1
76,69,187,125,44,65,1,1,1
77,69,199,124,44,65,1,1,1
78,69,211,123,44,65,1,1,1
79,69,223,122,44,65,1,1,1
80,69,236,122,44,65,1,1,1
81,69,248,121,43,65,1,1,1
82,69,260,121,43,65,1,1,1
83,69,272,121,43,65,1,1,1
84,69,284,121,43,65,1,1,1
85,69,297,121,42,65,1,1,1
86,69,309,121,41,64,1,1,1
87,69,321,121,41,64,1,1,1
88,69,333,121,41,64,1,1,1
89,69,345,121,41,64,1,1,1
90,69,358,121,40,64,1,1,1
91,69,370,121,39,63,1,1,1
92,69,382,121,39,63,1,1,1
93,69,394,121,38,63,1,1,1
94,69,406,121,38,63,1,1,1
95,69,418,121,38,63,1,1,1
96,69,430,121,37,63,1,1,1
97,69,442,121,37,63,1,1,1
98,69,454,121,36,63,1,1,1
99,69,466,121,36,63,1,1,1
100,69,479,121,35,63,1,1,1
101,69,490,121,35,63,1,1,1
102,69,502,121,35,63,1,1,1
103,69,513,121,35,63,1,1,1
104,69,525,122,35,63,1,1,1
105,69,536,122,35,63,1,1,1
106,69,548,122,35,63,1,1,1
107,69,559,123,35,63,1,1,1
108,69,571,123,35,63,1,1,1
109,69,582,123,35,63,1,1,1
64,70,0,140,42,91,1,1,1
65,70,8,139,46,91,1,1,1
66,70,16,138,50,91,1,1,1
67,70,24,137,54,91,1,1,1
68,70,32,136,58,91,1,1,1
69,70,40,135,62,91,1,1,1
59,71,0,116,22,32,1,1,1
60,71,5,114,28,32,1,1,1
61,71,10,112,35,33,1,1,1
62,71,15,110,41,34,1,1,1
63,71,20,108,48,34,1,1,1
64,71,25,107,55,34,1,1,1
65,71,30,105,61,35,1,1,1
66,71,35,103,68,35,1,1,1
67,71,40,101,74,36,1,1,1
68,71,45,99,81,37,1,1,1
69,72,0,98,25,35,1,1,1
70,72,6,97,31,35,1,1,1
71,72,13,97,36,35,1,1,1
72,72,20,97,41,34,1,1,1
73,72,26,96,48,35,1,1,1
74,72,33,96,53,35,1,1,1
75,72,40,96,58,34,1,1,1
76,72,46,95,65,35,1,1,1
77,72,53,95,70,34,1,1,1
78,72,60,95,75,34,1,1,1
79,72,67,95,81,34,1,1,1
80,72,79,94,80,34,1,1,1
81,72,91,94,80,34,1,1,1
82,72,103,93,80,35,1,1,1
83,72,115,93,80,35,1,1,1
84,72,127,92,80,36,1,1,1
85,72,139,92,80,36,1,1,1
86,72,151,91,80,37,1,1,1
87,72,163,91,80,37,1,1,1
88,72,175,90,80,38,1,1,1
89,72,187,90,80,38,1,1,1
90,72,199,89,79,38,1,1,1
91,72,211,89,79,38,1,1,1
92,72,223,89,78,38,1,1,1
93,72,235,89,78,38,1,1,1
94,72,247,89,78,38,1,1,1
95,72,259,89,77,37,1,1,1
96,72,271,89,77,37,1,1,1
97,72,283,89,76,37,1,1,1
98,72,295,89,76,37,1,1,1
99,72,307,89,76,37,1,1,1
100,72,318,89,76,37,1,1,1
101,72,330,89,76,37,1,1,1
102,72,341,89,76,37,1,1,1
103,72,353,90,76,37,1,1,1
104,72,365,90,76,37,1,1,1
105,72,376,90,76,37,1,1,1
106,72,388,91,76,37,1,1,1
107,72,399,91,76,37,1,1,1
108,72,411,91,76,37,1,1,1
109,72,423,92,76,37,1,1,1
110,72,434,92,76,37,1,1,1
111,72,446,93,76,37,1,1,1
112,72,457,93,76,37,1,1,1
113,72,469,94,76,37,1,1,1
114,72,481,94,76,37,1,1,1
115,72,492,95,76,37,1,1,1
116,72,504,95,76,37,1,1,1
117,72,515,96,76,37,1,1,1
118,72,527,96,76,37,1,1,1
119,72,539,97,76,37,1,1,1
120,72,550,97,76,37,1,1,1
121,72,561,98,76,37,1,1,1
122,72,572,98,76,37,1,1,1
123,72,583,99,76,37,1,1,1
124,72,595,99,76,37,1,1,1
125,72,606,100,76,37,1,1,1
126,72,617,100,76,37,1,1,1
127,72,628,101,76,37,1,1,1
128,72,639,101,76,37,1,1,1
129,72,651,102,76,37,1,1,1
130,72,662,102,76,37,1,1,1
131,72,673,103,76,37,1,1,1
132,72,684,103,76,37,1,1,1
133,72,695,104,76,37,1,1,1
134,72,707,104,76,37,1,1,1
135,72,718,105,76,37,1,1,1
136,72,729,105,76,37,1,1,1
137,72,740,106,76,37,1,1,1
138,72,751,106,76,37,1,1,1
139,72,763,107,76,37,1,1,1
140,72,774,107,76,37,1,1,1
141,72,785,108,76,37,1,1,1
142,72,796,108,76,37,1,1,1
143,72,808,109,76,37,1,1,1
144,72,819,110,76,37,1,1,1
145,72,830,110,76,37,1,1,1
146,72,842,111,76,37,1,1,1
147,72,853,111,76,37,1,1,1
148,72,864,112,76,37,1,1,1
149,72,876,113,76,37,1,1,1
79,73,1,99,66,38,1,1,1
80,73,12,98,67,38,1,1,1
81,73,24,98,68,38,1,1,1
82,73,36,98,68,38,1,1,1
83,73,47,98,70,37,1,1,1
84,73,59,98,70,37,1,1,1
85,73,71,97,71,38,1,1,1
86,73,82,97,72,37,1,1,1
87,73,94,97,73,37,1,1,1
88,73,106,97,73,37,1,1,1
89,73,118,97,74,37,1,1,1
90,73,129,97,74,37,1,1,1
91,73,141,97,74,37,1,1,1
92,73,152,97,74,37,1,1,1
93,73,164,97,74,37,1,1,1
94,73,176,97,74,37,1,1,1
95,73,187,97,74,37,1,1,1
96,73,199,97,74,37,1,1,1
97,73,210,97,74,37,1,1,1
98,73,222,97,74,37,1,1,1
99,73,234,97,74,37,1,1,1
100,73,245,97,74,37,1,1,1
101,73,256,97,74,37,1,1,1
102,73,268,97,74,37,1,1,1
103,73,279,97,74,37,1,1,1
104,73,291,97,74,37,1,1,1
105,73,302,97,74,37,1,1,1
106,73,313,97,74,37,1,1,1
107,73,325,97,74,37,1,1,1
108,73,336,97,74,37,1,1,1
109,73,348,97,74,37,1,1,1
110,73,359,97,74,37,1,1,1
111,73,371,98,74,37,1,1,1
112,73,382,98,74,37,1,1,1
113,73,394,99,74,37,1,1,1
114,73,406,100,74,37,1,1,1
115,73,417,100,74,37,1,1,1
116,73,429,101,74,37,1,1,1
117,73,440,101,74,37,1,1,1
118,73,452,102,74,37,1,1,1
64,74,1043,1058,97,20,1,1,1
65,74,1075,1055,99,23,1,1,1
66,74,1107,1053,101,25,1,1,1
67,74,1140,1050,102,28,1,1,1
68,74,1172,1048,104,30,1,1,1
69,74,1205,1046,105,32,1,1,1
70,74,1238,1045,105,33,1,1,1
71,74,1271,1044,105,34,1,1,1
72,74,1304,1043,105,35,1,1,1
73,74,1338,1042,104,36,1,1,1
74,74,1371,1042,105,36,1,1,1
75,74,1404,1041,105,37,1,1,1
76,74,1438,1040,104,38,1,1,1
77,74,1471,1039,104,39,1,1,1
78,74,1504,1038,104,40,1,1,1
79,74,1538,1038,104,40,1,1,1
80,74,1571,1038,98,40,1,1,1
81,74,1604,1038,93,40,1,1,1
82,74,1638,1038,87,40,1,1,1
83,74,1671,1038,81,40,1,1,1
84,74,1705,1039,75,39,1,1,1
85,74,1738,1039,70,39,1,1,1
86,74,1771,1039,64,39,1,1,1
87,74,1805,1039,58,39,1,1,1
88,74,1838,1039,53,39,1,1,1
69,75,0,1022,91,39,1,1,1
70,75,28,1020,92,39,1,1,1
71,75,57,1018,93,40,1,1,1
72,75,86,1016,93,40,1,1,1
73,75,115,1015,94,40,1,1,1
74,75,144,1013,94,41,1,1,1
75,75,173,1011,95,41,1,1,1
76,75,202,1010,95,41,1,1,1
77,75,231,1008,96,41,1,1,1
78,75,260,1006,96,42,1,1,1
109,76,0,988,196,78,1,1,1
110,76,11,988,212,78,1,1,1
111,76,22,989,228,78,1,1,1
112,76,33,990,244,77,1,1,1
113,76,44,990,260,78,1,1,1
114,76,55,991,277,77,1,1,1
115,76,66,992,293,77,1,1,1
116,76,77,992,309,77,1,1,1
117,76,88,993,325,77,1,1,1
118,76,99,994,341,76,1,1,1
129,76,388,1006,358,72,1,1,1
130,76,417,1006,357,71,1,1,1
131,76,447,1007,355,70,1,1,1
132,76,477,1008,353,69,1,1,1
133,76,506,1008,352,69,1,1,1
134,76,536,1009,350,68,1,1,1
135,76,566,1010,348,67,1,1,1
136,76,595,1010,347,67,1,1,1
137,76,625,1011,345,66,1,1,1
138,76,655,1012,343,65,1,1,1
139,76,685,1013,341,64,1,1,1
140,76,713,1014,341,63,1,1,1
141,76,741,1015,341,62,1,1,1
142,76,769,1017,341,60,1,1,1
143,76,797,1018,341,59,1,1,1
144,76,825,1020,341,57,1,1,1
145,76,853,1021,341,56,1,1,1
146,76,881,1022,341,55,1,1,1
147,76,909,1024,341,53,1,1,1
148,76,937,1025,341,52,1,1,1
149,76,965,1027,341,51,1,1,1
132,77,0,1001,61,48,1,1,1
133,77,37,999,64,48,1,1,1
134,77,74,998,68,47,1,1,1
135,77,111,996,72,47,1,1,1
136,77,148,995,76,47,1,1,1
137,77,185,993,80,47,1,1,1
138,77,222,992,83,46,1,1,1
139,77,259,990,87,47,1,1,1
140,77,296,989,91,46,1,1,1
141,77,333,987,95,46,1,1,1
142,78,0,943,59,51,1,1,1
143,78,31,945,65,50,1,1,1
144,78,62,947,71,49,1,1,1
145,78,93,949,78,48,1,1,1
146,78,124,951,84,48,1,1,1
147,78,155,953,91,47,1,1,1
148,78,186,955,97,46,1,1,1
90,82,0,143,32,64,1,1,1
91,82,10,142,33,65,1,1,1
92,82,20,142,35,65,1,1,1
93,82,30,142,36,65,1,1,1
94,82,40,142,38,66,1,1,1
95,82,50,142,40,66,1,1,1
96,82,60,142,41,66,1,1,1
97,82,70,142,43,67,1,1,1
98,82,80,142,44,67,1,1,1
99,82,90,142,46,67,1,1,1
93,83,0,112,25,70,1,1,1
94,83,9,111,27,71,1,1,1
95,83,18,111,29,71,1,1,1
96,83,27,111,31,71,1,1,1
97,83,36,111,33,71,1,1,1
98,83,45,111,35,71,1,1,1
69,84,0,27,32,47,1,1,1
70,84,6,26,37,47,1,1,1
71,84,13,25,41,47,1,1,1
72,84,20,24,46,47,1,1,1
73,84,26,23,51,47,1,1,1
74,84,33,22,56,47,1,1,1
75,84,40,21,60,47,1,1,1
76,84,46,20,65,47,1,1,1
77,84,53,19,70,47,1,1,1
78,84,60,18,74,47,1,1,1
100,85,2,132,51,72,1,1,1
101,85,13,132,51,72,1,1,1
102,85,25,132,51,72,1,1,1
103,85,37,132,51,72,1,1,1
104,85,48,132,51,72,1,1,1
105,85,60,133,51,72,1,1,1
106,85,72,133,51,72,1,1,1
107,85,83,133,51,72,1,1,1
108,85,95,133,51,72,1,1,1
109,85,107,133,51,72,1,1,1
110,85,119,134,51,72,1,1,1
111,85,130,134,51,72,1,1,1
112,85,142,134,51,72,1,1,1
113,85,153,135,51,72,1,1,1
114,85,165,135,51,72,1,1,1
115,85,177,136,51,72,1,1,1
116,85,188,136,51,72,1,1,1
117,85,200,136,51,72,1,1,1
118,85,211,137,51,72,1,1,1
119,85,223,137,51,72,1,1,1
120,85,235,138,51,72,1,1,1
121,85,246,138,51,72,1,1,1
122,85,258,139,51,72,1,1,1
123,85,270,140,51,72,1,1,1
124,85,281,141,51,72,1,1,1
125,85,293,142,51,72,1,1,1
126,85,305,143,51,72,1,1,1
127,85,316,144,51,72,1,1,1
128,85,328,145,51,72,1,1,1
129,85,340,146,51,72,1,1,1
130,85,352,147,51,72,1,1,1
131,85,363,147,51,72,1,1,1
132,85,375,147,51,72,1,1,1
133,85,387,148,51,72,1,1,1
134,85,399,148,51,72,1,1,1
135,85,411,149,51,72,1,1,1
136,85,422,149,51,72,1,1,1
137,85,434,149,51,72,1,1,1
138,85,446,150,51,72,1,1,1
139,85,458,150,51,72,1,1,1
140,85,470,151,51,72,1,1,1
141,85,481,151,50,72,1,1,1
142,85,492,151,50,72,1,1,1
143,85,504,152,49,72,1,1,1
144,85,515,152,49,72,1,1,1
145,85,527,152,48,73,1,1,1
146,85,538,153,48,72,1,1,1
147,85,550,153,47,73,1,1,1
148,85,561,153,47,73,1,1,1
149,85,573,154,46,73,1,1,1
91,86,13,0,37,26,1,1,1
92,86,20,0,41,26,1,1,1
93,86,27,0,45,26,1,1,1
94,86,34,0,49,26,1,1,1
95,86,40,0,54,26,1,1,1
96,86,47,0,58,26,1,1,1
97,86,54,0,62,26,1,1,1
98,86,61,0,66,26,1,1,1
99,86,68,0,70,26,1,1,1
100,86,79,0,70,26,1,1,1
101,86,90,0,70,26,1,1,1
102,86,102,0,69,26,1,1,1
103,86,113,0,70,27,1,1,1
104,86,125,0,69,27,1,1,1
105,86,136,0,69,27,1,1,1
106,86,147,0,70,28,1,1,1
107,86,159,0,69,28,1,1,1
108,86,170,0,69,28,1,1,1
99,87,12,0,47,50,1,1,1
100,87,23,0,47,49,1,1,1
101,87,34,0,47,49,1,1,1
102,87,45,0,47,49,1,1,1
103,87,56,0,47,49,1,1,1
104,87,68,0,47,49,1,1,1
105,87,79,0,47,49,1,1,1
106,87,90,0,47,49,1,1,1
107,87,101,0,47,49,1,1,1
108,87,112,0,47,49,1,1,1
109,87,124,0,47,49,1,1,1
110,87,135,0,47,49,1,1,1
111,87,146,0,47,49,1,1,1
112,87,157,0,47,50,1,1,1
113,87,169,0,46,50,1,1,1
114,87,180,0,46,51,1,1,1
115,87,191,0,46,51,1,1,1
116,87,203,0,45,51,1,1,1
117,87,214,0,45,52,1,1,1
118,87,225,0,45,52,1,1,1
119,87,237,0,45,53,1,1,1
120,87,248,0,45,53,1,1,1
121,87,259,0,45,54,1,1,1
122,87,270,0,45,54,1,1,1
123,87,281,0,45,55,1,1,1
124,87,293,0,44,56,1,1,1
125,87,304,0,44,56,1,1,1
126,87,315,0,44,57,1,1,1
127,87,326,0,44,57,1,1,1
128,87,337,0,44,58,1,1,1
109,90,0,293,24,76,1,1,1
110,90,10,293,26,76,1,1,1
111,90,20,293,28,76,1,1,1
112,90,30,293,30,76,1,1,1
113,90,40,293,32,76,1,1,1
114,90,50,293,35,76,1,1,1
115,90,60,293,37,76,1,1,1
116,90,70,293,39,76,1,1,1
117,90,80,293,41,76,1,1,1
118,90,90,293,43,76,1,1,1
104,91,13,0,33,16,1,1,1
105,91,24,0,33,17,1,1,1
106,91,36,0,32,17,1,1,1
107,91,47,0,33,18,1,1,1
108,91,59,0,32,18,1,1,1
109,91,70,0,32,19,1,1,1
110,91,81,0,33,19,1,1,1
111,91,93,0,32,20,1,1,1
112,91,104,0,32,20,1,1,1
113,91,116,0,32,21,1,1,1
114,91,126,0,32,21,1,1,1
115,91,137,0,32,21,1,1,1
116,91,148,0,32,21,1,1,1
117,91,159,0,31,21,1,1,1
118,91,170,0,31,21,1,1,1
119,91,180,0,32,21,1,1,1
120,91,191,0,31,21,1,1,1
121,91,202,0,31,21,1,1,1
122,91,213,0,31,21,1,1,1
123,91,224,0,31,22,1,1,1
124,91,235,0,31,22,1,1,1
125,91,246,0,31,23,1,1,1
126,91,257,0,31,23,1,1,1
127,91,268,0,31,24,1,1,1
128,91,280,0,30,25,1,1,1
129,91,291,0,30,25,1,1,1
130,91,302,0,30,26,1,1,1
131,91,313,0,30,26,1,1,1
132,91,324,0,30,27,1,1,1
133,91,336,0,30,28,1,1,1
134,91,346,0,30,28,1,1,1
135,91,357,0,30,28,1,1,1
136,91,368,0,30,29,1,1,1
137,91,379,0,29,29,1,1,1
138,91,390,0,29,30,1,1,1
139,91,400,0,30,30,1,1,1
140,91,411,0,29,30,1,1,1
141,91,422,0,29,31,1,1,1
142,91,433,0,29,31,1,1,1
143,91,444,0,29,32,1,1,1
144,91,454,0,30,32,1,1,1
145,91,464,0,31,32,1,1,1
146,91,475,0,31,33,1,1,1
147,91,485,0,32,33,1,1,1
148,91,495,0,33,33,1,1,1
149,91,506,0,34,34,1,1,1
69,101,164,61,16,20,1,1,1
70,101,175,59,16,20,1,1,1
71,101,187,58,16,20,1,1,1
72,101,199,57,16,20,1,1,1
73,101,210,56,16,20,1,1,1
74,101,222,55,16,20,1,1,1
75,101,234,53,16,20,1,1,1
76,101,245,52,16,20,1,1,1
77,101,257,51,16,20,1,1,1
78,101,269,50,16,20,1,1,1
79,101,281,49,16,20,1,1,1
80,101,292,49,16,19,1,1,1
81,101,303,49,16,19,1,1,1
82,101,314,49,17,19,1,1,1
83,101,325,49,17,19,1,1,1
84,101,336,49,18,19,1,1,1
85,101,347,49,18,19,1,1,1
86,101,358,49,18,19,1,1,1
87,101,369,49,19,19,1,1,1
88,101,380,49,19,19,1,1,1
89,101,391,49,20,19,1,1,1
90,101,402,48,20,19,1,1,1
91,101,414,48,19,19,1,1,1
92,101,425,48,19,18,1,1,1
93,101,437,47,18,19,1,1,1
94,101,448,47,19,19,1,1,1
95,101,460,47,18,18,1,1,1
96,101,471,46,18,19,1,1,1
97,101,483,46,17,18,1,1,1
98,101,494,46,17,18,1,1,1
99,101,506,46,17,18,1,1,1
100,101,517,46,17,18,1,1,1
101,101,528,46,17,18,1,1,1
102,101,539,46,17,18,1,1,1
103,101,551,47,17,18,1,1,1
104,101,562,47,17,18,1,1,1
105,101,573,47,17,18,1,1,1
106,101,585,48,17,18,1,1,1
107,101,596,48,17,18,1,1,1
108,101,607,48,17,18,1,1,1
109,101,619,49,17,18,1,1,1
110,101,629,49,17,18,1,1,1
111,101,640,50,17,18,1,1,1
112,101,651,50,17,18,1,1,1
113,101,662,51,17,18,1,1,1
114,101,673,51,17,18,1,1,1
115,101,683,52,17,18,1,1,1
116,101,694,52,17,18,1,1,1
117,101,705,53,17,18,1,1,1
118,101,716,53,17,18,1,1,1
119,101,727,54,17,18,1,1,1
120,101,737,54,17,18,1,1,1
121,101,748,55,17,18,1,1,1
122,101,759,56,17,18,1,1,1
123,101,770,56,17,18,1,1,1
124,101,781,57,17,18,1,1,1
125,101,792,58,17,18,1,1,1
126,101,803,58,17,18,1,1,1
127,101,814,59,17,18,1,1,1
128,101,825,60,17,18,1,1,1
129,101,836,61,17,18,1,1,1
130,101,847,62,16,18,1,1,1
131,101,858,63,16,18,1,1,1
132,101,869,64,16,18,1,1,1
133,101,880,65,15,18,1,1,1
134,101,891,67,15,17,1,1,1
135,101,902,68,15,17,1,1,1
136,101,913,69,14,17,1,1,1
137,101,924,70,14,17,1,1,1
138,101,935,71,14,17,1,1,1
139,101,947,73,13,16,1,1,1
140,101,958,74,13,16,1,1,1
141,101,969,75,13,16,1,1,1
142,101,980,76,13,16,1,1,1
143,101,991,77,13,16,1,1,1
144,101,1002,78,13,16,1,1,1
145,101,1013,79,13,16,1,1,1
146,101,1024,80,13,16,1,1,1
147,101,1035,81,13,16,1,1,1
148,101,1046,82,13,16,1,1,1
149,101,1058,84,13,16,1,1,1
59,103,28,65,25,23,1,1,1
60,103,40,63,24,23,1,1,1
61,103,53,62,23,22,1,1,1
62,103,65,60,23,23,1,1,1
63,103,78,59,21,22,1,1,1
64,103,90,57,21,23,1,1,1
65,103,103,56,20,22,1,1,1
66,103,115,54,19,22,1,1,1
67,103,128,53,18,22,1,1,1
68,103,140,51,18,22,1,1,1
69,103,153,50,17,22,1,1,1
70,103,164,49,17,22,1,1,1
71,103,176,48,17,22,1,1,1
72,103,187,47,17,22,1,1,1
73,103,199,46,17,22,1,1,1
74,103,211,45,17,22,1,1,1
75,103,222,44,17,22,1,1,1
76,103,234,43,17,22,1,1,1
77,103,245,42,17,22,1,1,1
78,103,257,41,17,22,1,1,1
79,103,269,41,17,22,1,1,1
80,103,279,41,17,22,1,1,1
81,103,290,41,17,22,1,1,1
82,103,301,42,17,22,1,1,1
83,103,312,42,17,22,1,1,1
84,103,323,43,17,22,1,1,1
85,103,334,43,17,22,1,1,1
86,103,345,43,17,22,1,1,1
87,103,356,44,17,22,1,1,1
88,103,367,44,17,22,1,1,1
89,103,378,45,17,22,1,1,1
90,103,388,45,17,22,1,1,1
91,103,398,46,17,21,1,1,1
92,103,408,46,17,21,1,1,1
93,103,418,47,17,20,1,1,1
94,103,428,48,17,20,1,1,1
95,103,438,48,17,20,1,1,1
96,103,448,49,17,19,1,1,1
97,103,458,49,17,19,1,1,1
98,103,468,50,17,18,1,1,1
69,105,0,118,53,123,1,1,1
70,105,8,117,56,125,1,1,1
71,105,16,116,60,127,1,1,1
72,105,24,115,63,129,1,1,1
73,105,33,114,66,131,1,1,1
74,105,41,114,69,132,1,1,1
75,105,49,113,73,134,1,1,1
76,105,58,112,75,136,1,1,1
77,105,66,111,79,138,1,1,1
78,105,74,110,82,140,1,1,1
79,105,83,110,85,142,1,1,1
80,105,95,110,85,142,1,1,1
81,105,108,110,85,142,1,1,1
82,105,121,110,85,142,1,1,1
83,105,133,110,85,142,1,1,1
84,105,146,110,85,142,1,1,1
85,105,159,110,85,142,1,1,1
86,105,171,110,85,142,1,1,1
87,105,184,110,85,142,1,1,1
88,105,197,110,85,142,1,1,1
89,105,210,110,85,142,1,1,1
90,105,222,109,85,143,1,1,1
91,105,234,109,85,143,1,1,1
92,105,246,109,85,143,1,1,1
93,105,259,108,84,144,1,1,1
94,105,271,108,85,144,1,1,1
95,105,283,108,85,144,1,1,1
96,105,296,107,84,145,1,1,1
97,105,308,107,84,145,1,1,1
98,105,320,107,84,145,1,1,1
99,105,333,107,84,145,1,1,1
100,105,345,107,83,145,1,1,1
101,105,357,108,83,144,1,1,1
102,105,370,108,82,145,1,1,1
103,105,382,109,81,144,1,1,1
104,105,395,109,80,145,1,1,1
105,105,407,110,80,144,1,1,1
106,105,419,110,79,144,1,1,1
107,105,432,111,78,144,1,1,1
108,105,444,111,78,144,1,1,1
109,105,457,112,77,144,1,1,1
110,105,469,112,76,144,1,1,1
111,105,481,112,75,144,1,1,1
112,105,493,113,75,143,1,1,1
113,105,505,113,74,144,1,1,1
114,105,518,114,73,143,1,1,1
115,105,530,114,72,143,1,1,1
116,105,542,114,71,144,1,1,1
117,105,554,115,71,143,1,1,1
118,105,566,115,70,143,1,1,1
119,105,579,116,69,143,1,1,1
120,105,591,116,68,143,1,1,1
121,105,603,117,68,143,1,1,1
122,105,615,118,68,143,1,1,1
123,105,627,119,68,143,1,1,1
124,105,640,120,67,143,1,1,1
125,105,652,121,66,142,1,1,1
126,105,664,122,66,142,1,1,1
127,105,676,123,66,142,1,1,1
128,105,688,124,66,142,1,1,1
129,105,701,125,65,142,1,1,1
130,105,713,124,64,143,1,1,1
131,105,725,124,63,143,1,1,1
132,105,737,124,62,143,1,1,1
133,105,749,123,62,144,1,1,1
134,105,761,123,61,144,1,1,1
135,105,773,123,60,144,1,1,1
136,105,785,122,60,145,1,1,1
137,105,797,122,59,145,1,1,1
138,105,809,122,58,145,1,1,1
139,105,821,122,58,146,1,1,1
140,105,833,122,57,146,1,1,1
141,105,845,123,56,146,1,1,1
142,105,858,124,55,146,1,1,1
143,105,870,125,54,145,1,1,1
144,105,883,126,53,145,1,1,1
145,105,895,126,52,146,1,1,1
146,105,907,127,51,145,1,1,1
147,105,920,128,50,145,1,1,1
148,105,932,129,49,145,1,1,1
149,105,945,130,48,145,1,1,1
129,111,230,0,36,14,1,1,1
130,111,241,0,35,14,1,1,1
131,111,252,0,35,14,1,1,1
132,111,263,0,35,15,1,1,1
133,111,274,0,35,15,1,1,1
134,111,285,0,35,16,1,1,1
135,111,296,0,35,16,1,1,1
136,111,307,0,35,16,1,1,1
137,111,318,0,35,17,1,1,1
138,111,329,0,35,17,1,1,1
139,111,340,0,35,18,1,1,1
140,111,350,0,35,18,1,1,1
141,111,361,0,35,19,1,1,1
142,111,372,0,34,19,1,1,1
143,111,382,0,35,20,1,1,1
144,111,393,0,35,20,1,1,1
145,111,404,0,34,21,1,1,1
146,111,414,0,35,21,1,1,1
147,111,425,0,34,22,1,1,1
148,111,436,0,34,22,1,1,1
149,111,447,0,34,23,1,1,1
89,112,1880,767,39,59,1,1,1
90,112,1878,767,41,58,1,1,1
91,112,1876,767,43,58,1,1,1
92,112,1874,767,45,58,1,1,1
93,112,1872,767,47,58,1,1,1
94,112,1870,767,49,58,1,1,1
95,112,1868,767,51,58,1,1,1
96,112,1866,767,53,58,1,1,1
97,112,1864,767,55,58,1,1,1
98,112,1862,767,57,58,1,1,1
99,112,1860,767,59,58,1,1,1
100,112,1859,766,59,58,1,1,1
101,112,1858,766,60,58,1,1,1
102,112,1857,766,61,58,1,1,1
103,112,1857,766,61,58,1,1,1
104,112,1856,766,62,58,1,1,1
105,112,1855,766,63,57,1,1,1
106,112,1855,766,63,57,1,1,1
107,112,1854,766,64,57,1,1,1
108,112,1853,766,65,57,1,1,1
109,112,1853,766,65,57,1,1,1
110,112,1851,766,67,56,1,1,1
111,112,1849,766,69,56,1,1,1
112,112,1848,766,70,56,1,1,1
113,112,1846,766,72,56,1,1,1
114,112,1845,766,73,56,1,1,1
115,112,1843,766,75,56,1,1,1
116,112,1841,766,77,56,1,1,1
117,112,1840,766,78,56,1,1,1
118,112,1838,766,80,56,1,1,1
119,112,1837,766,81,56,1,1,1
120,112,1836,766,81,56,1,1,1
121,112,1835,766,82,57,1,1,1
122,112,1834,766,83,58,1,1,1
123,112,1833,766,84,59,1,1,1
124,112,1833,766,84,60,1,1,1
125,112,1832,766,85,60,1,1,1
126,112,1831,766,86,61,1,1,1
127,112,1830,766,87,62,1,1,1
128,112,1829,766,88,63,1,1,1
129,112,1829,766,88,64,1,1,1
130,112,1827,767,90,63,1,1,1
131,112,1826,768,91,63,1,1,1
132,112,1825,769,92,63,1,1,1
133,112,1824,770,93,63,1,1,1
134,112,1823,771,95,63,1,1,1
135,112,1821,772,97,62,1,1,1
136,112,1820,773,98,62,1,1,1
137,112,1819,774,99,62,1,1,1
138,112,1818,775,100,62,1,1,1
139,112,1817,776,102,62,1,1,1
140,112,1815,776,104,62,1,1,1
141,112,1814,776,105,62,1,1,1
142,112,1812,777,107,61,1,1,1
143,112,1811,777,108,62,1,1,1
144,112,1809,778,110,61,1,1,1
145,112,1808,778,111,61,1,1,1
146,112,1806,778,113,62,1,1,1
147,112,1805,779,114,61,1,1,1
148,112,1803,779,116,61,1,1,1
149,112,1802,780,117,61,1,1,1
