0,1,1836,361,82,39,1,1,1
1,1,1841,361,77,39,1,1,1
2,1,1846,361,72,40,1,1,1
3,1,1851,362,67,40,1,1,1
4,1,1856,362,62,40,1,1,1
5,1,1861,363,57,40,1,1,1
6,1,1866,363,52,41,1,1,1
7,1,1871,363,47,41,1,1,1
8,1,1876,364,42,41,1,1,1
9,1,1881,364,37,42,1,1,1
80,2,1839,440,79,48,1,1,1
81,2,1840,439,78,48,1,1,1
82,2,1842,439,76,48,1,1,1
83,2,1843,439,75,48,1,1,1
84,2,1845,439,73,48,1,1,1
85,2,1847,439,71,48,1,1,1
86,2,1848,438,70,48,1,1,1
87,2,1850,438,68,48,1,1,1
88,2,1851,438,67,48,1,1,1
89,2,1853,438,65,48,1,1,1
90,2,1855,438,63,48,1,1,1
91,2,1856,438,62,48,1,1,1
92,2,1858,438,60,48,1,1,1
93,2,1859,438,59,48,1,1,1
94,2,1861,438,57,48,1,1,1
95,2,1862,438,56,48,1,1,1
96,2,1864,438,54,48,1,1,1
97,2,1865,438,53,48,1,1,1
98,2,1867,438,51,48,1,1,1
99,2,1868,438,50,48,1,1,1
100,2,1870,438,48,48,1,1,1
101,2,1871,438,47,48,1,1,1
102,2,1873,439,45,48,1,1,1
103,2,1875,439,43,48,1,1,1
104,2,1877,440,41,48,1,1,1
105,2,1879,440,39,48,1,1,1
106,2,1880,441,38,48,1,1,1
107,2,1882,441,36,48,1,1,1
108,2,1884,442,34,48,1,1,1
109,2,1886,442,32,48,1,1,1
110,2,1888,443,31,48,1,1,1
111,2,1889,443,29,48,1,1,1
112,2,1891,443,27,48,1,1,1
113,2,1892,443,26,48,1,1,1
114,2,1894,443,24,48,1,1,1
115,2,1895,444,23,48,1,1,1
116,2,1897,444,21,48,1,1,1
117,2,1898,444,20,48,1,1,1
118,2,1900,444,18,48,1,1,1
119,2,1901,444,17,48,1,1,1
270,3,1829,580,89,42,1,1,1
271,3,1829,578,89,42,1,1,1
272,3,1829,577,89,42,1,1,1
273,3,1829,576,89,42,1,1,1
274,3,1829,575,89,42,1,1,1
275,3,1830,574,88,42,1,1,1
276,3,1830,573,88,42,1,1,1
277,3,1830,572,88,42,1,1,1
278,3,1830,571,88,42,1,1,1
279,3,1830,570,88,42,1,1,1
280,3,1831,569,87,42,1,1,1
281,3,1830,567,88,42,1,1,1
282,3,1830,566,88,42,1,1,1
283,3,1829,565,89,41,1,1,1
284,3,1829,563,89,42,1,1,1
285,3,1828,562,90,42,1,1,1
286,3,1828,561,90,41,1,1,1
287,3,1827,559,91,42,1,1,1
288,3,1827,558,91,41,1,1,1
289,3,1826,557,92,41,1,1,1
290,3,1826,556,92,41,1,1,1
291,3,1825,554,93,41,1,1,1
292,3,1825,553,93,40,1,1,1
293,3,1824,551,94,41,1,1,1
294,3,1824,550,94,40,1,1,1
295,3,1824,548,94,41,1,1,1
296,3,1823,547,95,40,1,1,1
297,3,1823,545,95,40,1,1,1
298,3,1822,544,96,40,1,1,1
299,3,1822,542,96,40,1,1,1
300,3,1822,541,96,40,1,1,1
301,3,1822,539,96,40,1,1,1
302,3,1822,537,96,40,1,1,1
303,3,1822,535,96,40,1,1,1
304,3,1822,533,96,40,1,1,1
305,3,1822,531,96,40,1,1,1
306,3,1822,529,96,40,1,1,1
307,3,1822,527,96,40,1,1,1
308,3,1822,525,96,40,1,1,1
309,3,1822,523,96,40,1,1,1
310,3,1822,522,96,40,1,1,1
311,3,1822,520,96,41,1,1,1
312,3,1822,519,96,41,1,1,1
313,3,1822,518,96,41,1,1,1
314,3,1822,517,96,41,1,1,1
315,3,1822,516,96,41,1,1,1
316,3,1822,515,96,41,1,1,1
317,3,1822,514,96,41,1,1,1
318,3,1822,513,96,41,1,1,1
319,3,1822,512,96,41,1,1,1
320,3,1822,511,96,41,1,1,1
321,3,1822,510,96,41,1,1,1
322,3,1823,509,95,41,1,1,1
323,3,1824,508,94,41,1,1,1
324,3,1824,507,94,41,1,1,1
325,3,1825,507,93,41,1,1,1
326,3,1826,506,92,41,1,1,1
327,3,1826,505,92,41,1,1,1
328,3,1827,504,91,41,1,1,1
329,3,1828,503,90,41,1,1,1
330,3,1829,503,89,41,1,1,1
331,3,1829,502,89,41,1,1,1
332,3,1830,502,88,41,1,1,1
333,3,1830,501,88,41,1,1,1
334,3,1831,501,87,41,1,1,1
335,3,1831,500,87,41,1,1,1
336,3,1832,500,86,41,1,1,1
337,3,1832,499,86,41,1,1,1
338,3,1833,499,85,41,1,1,1
339,3,1833,498,85,41,1,1,1
340,3,1834,498,84,41,1,1,1
341,3,1834,497,84,41,1,1,1
342,3,1834,497,84,41,1,1,1
343,3,1834,497,84,41,1,1,1
344,3,1834,497,84,41,1,1,1
345,3,1835,497,83,41,1,1,1
346,3,1835,497,83,41,1,1,1
347,3,1835,497,83,41,1,1,1
348,3,1835,497,83,41,1,1,1
349,3,1835,497,83,41,1,1,1
350,3,1836,497,82,41,1,1,1
351,3,1836,496,82,41,1,1,1
352,3,1837,496,81,41,1,1,1
353,3,1837,496,81,41,1,1,1
354,3,1838,496,80,41,1,1,1
355,3,1838,496,80,41,1,1,1
356,3,1839,495,79,41,1,1,1
357,3,1839,495,79,41,1,1,1
358,3,1840,495,78,41,1,1,1
359,3,1840,495,78,41,1,1,1
360,3,1841,495,77,41,1,1,1
361,3,1841,495,77,41,1,1,1
362,3,1842,495,76,41,1,1,1
363,3,1843,495,75,41,1,1,1
364,3,1843,496,75,41,1,1,1
365,3,1844,496,74,41,1,1,1
366,3,1845,496,73,41,1,1,1
367,3,1845,497,73,41,1,1,1
368,3,1846,497,72,41,1,1,1
369,3,1847,497,71,41,1,1,1
370,3,1848,498,70,41,1,1,1
371,3,1848,498,70,41,1,1,1
372,3,1848,498,70,41,1,1,1
373,3,1848,498,70,41,1,1,1
374,3,1849,498,69,41,1,1,1
375,3,1849,499,69,41,1,1,1
376,3,1849,499,69,41,1,1,1
377,3,1850,499,68,41,1,1,1
378,3,1850,499,68,41,1,1,1
379,3,1850,499,68,41,1,1,1
380,3,1851,500,67,41,1,1,1
381,3,1851,500,67,41,1,1,1
382,3,1851,500,67,41,1,1,1
383,3,1851,500,67,41,1,1,1
384,3,1851,500,67,41,1,1,1
385,3,1851,500,67,41,1,1,1
386,3,1851,500,67,41,1,1,1
387,3,1851,500,67,41,1,1,1
388,3,1851,500,67,41,1,1,1
389,3,1851,500,67,41,1,1,1
390,3,1851,501,67,41,1,1,1
391,3,1851,501,67,41,1,1,1
392,3,1851,502,67,41,1,1,1
393,3,1851,503,67,41,1,1,1
394,3,1851,503,67,41,1,1,1
395,3,1851,504,67,41,1,1,1
396,3,1851,505,67,41,1,1,1
397,3,1851,505,67,41,1,1,1
398,3,1851,506,67,41,1,1,1
399,3,1851,507,67,41,1,1,1
400,3,1852,508,66,41,1,1,1
401,3,1852,508,66,41,1,1,1
402,3,1852,508,66,41,1,1,1
403,3,1852,508,66,41,1,1,1
404,3,1852,509,66,41,1,1,1
405,3,1852,509,66,41,1,1,1
406,3,1852,509,66,41,1,1,1
407,3,1852,510,66,41,1,1,1
408,3,1852,510,66,41,1,1,1
409,3,1852,510,66,41,1,1,1
410,3,1852,511,66,41,1,1,1
411,3,1852,511,66,41,1,1,1
412,3,1852,511,66,41,1,1,1
413,3,1852,511,66,41,1,1,1
414,3,1852,512,66,41,1,1,1
415,3,1852,512,66,41,1,1,1
416,3,1852,512,66,41,1,1,1
417,3,1852,513,66,41,1,1,1
418,3,1852,513,66,41,1,1,1
419,3,1852,513,66,41,1,1,1
420,3,1853,514,65,41,1,1,1
421,3,1853,514,65,41,1,1,1
422,3,1853,515,65,41,1,1,1
423,3,1853,516,65,41,1,1,1
424,3,1854,516,64,41,1,1,1
425,3,1854,517,64,41,1,1,1
426,3,1854,518,64,41,1,1,1
427,3,1855,518,63,41,1,1,1
428,3,1855,519,63,41,1,1,1
429,3,1855,520,63,41,1,1,1
430,3,1856,521,63,41,1,1,1
431,3,1855,521,63,41,1,1,1
432,3,1855,522,63,41,1,1,1
433,3,1854,523,64,40,1,1,1
434,3,1854,523,64,41,1,1,1
435,3,1853,524,65,41,1,1,1
436,3,1853,525,65,40,1,1,1
437,3,1852,525,66,41,1,1,1
438,3,1852,526,66,40,1,1,1
439,3,1851,527,67,40,1,1,1
440,3,1851,528,67,40,1,1,1
441,3,1851,528,67,40,1,1,1
442,3,1851,529,67,40,1,1,1
443,3,1851,529,67,40,1,1,1
444,3,1852,530,66,40,1,1,1
445,3,1852,531,66,40,1,1,1
446,3,1852,531,66,40,1,1,1
447,3,1853,532,65,40,1,1,1
448,3,1853,532,65,40,1,1,1
449,3,1853,533,65,40,1,1,1
450,3,1854,534,65,40,1,1,1
451,3,1853,534,65,40,1,1,1
452,3,1852,535,66,40,1,1,1
453,3,1851,535,67,40,1,1,1
454,3,1850,536,68,40,1,1,1
455,3,1849,537,69,40,1,1,1
456,3,1848,537,70,40,1,1,1
457,3,1847,538,71,40,1,1,1
458,3,1846,538,72,40,1,1,1
459,3,1845,539,73,40,1,1,1
460,3,1845,540,73,40,1,1,1
461,3,1845,540,73,40,1,1,1
462,3,1845,541,73,40,1,1,1
463,3,1846,542,72,40,1,1,1
464,3,1846,542,72,40,1,1,1
465,3,1847,543,71,40,1,1,1
466,3,1847,544,71,40,1,1,1
467,3,1847,544,71,40,1,1,1
468,3,1848,545,70,40,1,1,1
469,3,1848,546,70,40,1,1,1
470,3,1849,547,70,40,1,1,1
471,3,1848,547,70,41,1,1,1
472,3,1847,548,71,41,1,1,1
473,3,1847,549,71,41,1,1,1
474,3,1846,550,72,41,1,1,1
475,3,1845,550,73,43,1,1,1
476,3,1845,551,73,43,1,1,1
477,3,1844,552,74,43,1,1,1
478,3,1843,553,75,43,1,1,1
479,3,1843,554,75,44,1,1,1
480,3,1843,554,75,44,1,1,1
481,3,1843,555,75,44,1,1,1
482,3,1843,556,75,44,1,1,1
483,3,1843,556,75,44,1,1,1
484,3,1844,557,74,44,1,1,1
485,3,1844,558,74,44,1,1,1
486,3,1844,558,74,44,1,1,1
487,3,1844,559,74,44,1,1,1
488,3,1844,560,74,44,1,1,1
489,3,1845,561,74,44,1,1,1
150,5,1832,556,86,43,1,1,1
151,5,1832,556,86,43,1,1,1
152,5,1833,557,85,43,1,1,1
153,5,1834,558,84,43,1,1,1
154,5,1834,559,84,43,1,1,1
155,5,1835,560,83,43,1,1,1
156,5,1836,560,82,43,1,1,1
157,5,1836,561,82,43,1,1,1
158,5,1837,562,81,43,1,1,1
159,5,1838,563,80,43,1,1,1
160,5,1839,564,79,43,1,1,1
161,5,1839,564,79,43,1,1,1
162,5,1840,565,78,43,1,1,1
163,5,1841,566,77,43,1,1,1
164,5,1842,567,76,43,1,1,1
165,5,1843,568,75,43,1,1,1
166,5,1844,569,74,43,1,1,1
167,5,1845,570,73,43,1,1,1
168,5,1846,571,72,43,1,1,1
169,5,1847,572,71,43,1,1,1
170,5,1848,573,70,43,1,1,1
171,5,1848,574,70,43,1,1,1
172,5,1848,575,70,43,1,1,1
173,5,1848,576,70,43,1,1,1
174,5,1848,577,70,43,1,1,1
175,5,1848,578,70,43,1,1,1
176,5,1848,579,70,43,1,1,1
177,5,1848,580,70,43,1,1,1
178,5,1848,581,70,43,1,1,1
179,5,1848,582,70,43,1,1,1
180,5,1848,583,70,43,1,1,1
181,5,1848,584,70,43,1,1,1
182,5,1848,585,70,43,1,1,1
183,5,1848,586,70,43,1,1,1
184,5,1848,587,70,43,1,1,1
185,5,1848,588,70,43,1,1,1
186,5,1848,589,70,43,1,1,1
187,5,1848,590,70,43,1,1,1
188,5,1848,591,70,43,1,1,1
189,5,1848,592,70,43,1,1,1
190,5,1848,594,70,43,1,1,1
191,5,1847,595,71,43,1,1,1
192,5,1847,596,71,43,1,1,1
193,5,1847,597,71,43,1,1,1
194,5,1847,598,71,43,1,1,1
195,5,1847,600,71,42,1,1,1
196,5,1847,601,71,42,1,1,1
197,5,1847,602,71,42,1,1,1
198,5,1847,603,71,42,1,1,1
199,5,1847,604,71,42,1,1,1
200,5,1847,606,71,42,1,1,1
201,5,1846,606,72,43,1,1,1
202,5,1845,607,73,43,1,1,1
203,5,1844,607,74,44,1,1,1
204,5,1844,608,74,44,1,1,1
205,5,1843,609,75,44,1,1,1
206,5,1842,609,76,45,1,1,1
207,5,1842,610,76,45,1,1,1
208,5,1841,610,77,46,1,1,1
209,5,1840,611,78,46,1,1,1
210,5,1840,612,79,47,1,1,1
211,5,1838,613,80,47,1,1,1
212,5,1837,614,81,47,1,1,1
213,5,1836,615,82,47,1,1,1
214,5,1835,617,83,46,1,1,1
215,5,1834,618,84,47,1,1,1
216,5,1833,619,85,47,1,1,1
217,5,1832,621,86,46,1,1,1
218,5,1831,622,87,46,1,1,1
219,5,1830,623,88,46,1,1,1
220,5,1829,625,89,46,1,1,1
221,5,1827,626,90,46,1,1,1
222,5,1826,627,91,46,1,1,1
223,5,1824,628,93,46,1,1,1
224,5,1823,630,93,45,1,1,1
225,5,1821,631,95,46,1,1,1
226,5,1820,632,96,46,1,1,1
227,5,1818,634,97,45,1,1,1
228,5,1817,635,98,45,1,1,1
229,5,1815,636,100,45,1,1,1
10,7,1842,762,77,50,1,1,1
11,7,1848,761,71,50,1,1,1
12,7,1855,761,64,50,1,1,1
13,7,1862,761,57,50,1,1,1
14,7,1868,761,51,50,1,1,1
15,7,1875,761,44,50,1,1,1
16,7,1882,760,37,50,1,1,1
17,7,1888,760,31,50,1,1,1
18,7,1895,760,24,50,1,1,1
19,7,1902,760,17,50,1,1,1
335,12,0,611,74,47,1,1,1
336,12,0,610,71,47,1,1,1
337,12,0,610,68,47,1,1,1
338,12,0,609,65,47,1,1,1
339,12,0,609,63,47,1,1,1
340,12,0,609,60,47,1,1,1
341,12,0,608,57,47,1,1,1
342,12,0,608,55,47,1,1,1
343,12,0,607,52,47,1,1,1
344,12,0,607,49,47,1,1,1
345,12,0,607,47,47,1,1,1
346,12,0,606,43,47,1,1,1
347,12,0,606,40,47,1,1,1
348,12,0,606,37,47,1,1,1
349,12,0,605,34,47,1,1,1
350,12,0,605,31,47,1,1,1
351,12,0,605,28,47,1,1,1
352,12,0,604,25,47,1,1,1
353,12,0,604,22,47,1,1,1
354,12,0,604,19,47,1,1,1
345,13,0,520,89,42,1,1,1
346,13,0,519,85,42,1,1,1
347,13,0,519,82,42,1,1,1
348,13,0,519,79,42,1,1,1
349,13,0,519,76,42,1,1,1
350,13,0,519,73,42,1,1,1
351,13,0,519,70,41,1,1,1
352,13,0,519,67,41,1,1,1
353,13,0,519,64,41,1,1,1
354,13,0,519,61,41,1,1,1
355,13,0,519,58,41,1,1,1
356,13,0,519,54,41,1,1,1
357,13,0,519,51,41,1,1,1
358,13,0,519,47,41,1,1,1
359,13,0,520,44,41,1,1,1
360,13,0,520,41,41,1,1,1
361,13,0,520,37,41,1,1,1
362,13,0,521,34,41,1,1,1
363,13,0,521,30,41,1,1,1
364,13,0,521,27,41,1,1,1
255,14,0,650,70,39,1,1,1
256,14,0,650,66,39,1,1,1
257,14,0,650,63,39,1,1,1
258,14,0,650,60,39,1,1,1
259,14,0,651,56,39,1,1,1
260,14,0,651,53,39,1,1,1
261,14,0,651,50,39,1,1,1
262,14,0,652,46,39,1,1,1
263,14,0,652,43,39,1,1,1
264,14,0,652,40,39,1,1,1
215,15,0,559,68,42,1,1,1
216,15,0,559,65,42,1,1,1
217,15,0,560,62,42,1,1,1
218,15,0,561,59,42,1,1,1
219,15,0,562,56,42,1,1,1
220,15,0,563,54,42,1,1,1
221,15,0,564,51,42,1,1,1
222,15,0,565,48,42,1,1,1
223,15,0,566,45,42,1,1,1
224,15,0,567,42,42,1,1,1
225,15,0,568,40,42,1,1,1
226,15,0,568,37,42,1,1,1
227,15,0,569,34,42,1,1,1
228,15,0,570,31,42,1,1,1
229,15,0,571,28,42,1,1,1
230,15,0,572,26,42,1,1,1
231,15,0,573,23,42,1,1,1
232,15,0,574,20,42,1,1,1
233,15,0,575,17,42,1,1,1
234,15,0,576,14,42,1,1,1
80,16,1575,0,49,55,1,1,1
81,16,1578,0,49,50,1,1,1
82,16,1582,0,49,46,1,1,1
83,16,1586,0,49,42,1,1,1
84,16,1590,0,49,38,1,1,1
85,16,1594,0,49,34,1,1,1
86,16,1598,0,49,30,1,1,1
87,16,1602,0,49,26,1,1,1
88,16,1606,0,49,22,1,1,1
89,16,1610,0,49,18,1,1,1
0,25,1014,1043,116,35,1,1,1
1,25,1028,1044,116,34,1,1,1
2,25,1043,1045,116,33,1,1,1
3,25,1057,1046,116,32,1,1,1
4,25,1072,1047,116,31,1,1,1
5,25,1087,1048,116,30,1,1,1
6,25,1101,1049,116,29,1,1,1
7,25,1116,1050,116,28,1,1,1
8,25,1130,1051,116,27,1,1,1
9,25,1145,1052,116,26,1,1,1
10,25,1160,1054,116,25,1,1,1
11,25,1174,1054,116,25,1,1,1
12,25,1189,1054,116,25,1,1,1
13,25,1204,1055,116,24,1,1,1
14,25,1219,1055,115,24,1,1,1
15,25,1234,1056,115,23,1,1,1
16,25,1249,1056,115,23,1,1,1
17,25,1264,1056,114,23,1,1,1
18,25,1279,1057,114,22,1,1,1
19,25,1294,1057,114,22,1,1,1
20,25,1309,1058,114,21,1,1,1
21,25,1324,1056,114,23,1,1,1
22,25,1339,1055,114,24,1,1,1
23,25,1355,1054,113,25,1,1,1
24,25,1370,1053,114,26,1,1,1
25,25,1386,1052,113,27,1,1,1
26,25,1401,1051,113,28,1,1,1
27,25,1416,1050,114,29,1,1,1
28,25,1432,1049,113,30,1,1,1
29,25,1447,1048,113,31,1,1,1
30,25,1463,1047,113,32,1,1,1
31,25,1477,1045,114,34,1,1,1
32,25,1492,1044,114,35,1,1,1
33,25,1507,1043,115,36,1,1,1
34,25,1522,1041,115,38,1,1,1
35,25,1537,1040,116,39,1,1,1
36,25,1552,1039,116,40,1,1,1
37,25,1567,1037,116,42,1,1,1
38,25,1582,1036,117,43,1,1,1
39,25,1597,1035,117,44,1,1,1
40,25,1612,1034,118,45,1,1,1
41,25,1626,1031,118,46,1,1,1
42,25,1640,1029,119,47,1,1,1
43,25,1654,1027,119,48,1,1,1
44,25,1668,1024,120,50,1,1,1
45,25,1682,1022,121,51,1,1,1
46,25,1696,1020,121,51,1,1,1
47,25,1710,1017,122,53,1,1,1
48,25,1724,1015,122,54,1,1,1
49,25,1738,1013,123,55,1,1,1
170,26,1825,698,94,46,1,1,1
171,26,1832,698,87,46,1,1,1
172,26,1840,699,79,46,1,1,1
173,26,1847,699,72,46,1,1,1
174,26,1855,700,64,46,1,1,1
175,26,1862,700,57,46,1,1,1
176,26,1870,701,49,46,1,1,1
177,26,1877,701,42,46,1,1,1
178,26,1885,702,34,46,1,1,1
179,26,1892,702,27,46,1,1,1
0,33,253,1013,119,60,1,1,1
1,33,266,1014,119,59,1,1,1
2,33,280,1015,119,59,1,1,1
3,33,294,1016,119,58,1,1,1
4,33,308,1018,119,57,1,1,1
5,33,322,1019,119,57,1,1,1
6,33,335,1020,119,56,1,1,1
7,33,349,1022,119,55,1,1,1
8,33,363,1023,119,54,1,1,1
9,33,377,1024,119,54,1,1,1
10,33,391,1026,119,53,1,1,1
11,33,405,1025,119,53,1,1,1
12,33,420,1024,119,53,1,1,1
13,33,435,1023,119,53,1,1,1
14,33,450,1022,119,53,1,1,1
15,33,465,1022,119,53,1,1,1
16,33,479,1021,119,53,1,1,1
17,33,494,1020,119,53,1,1,1
18,33,509,1019,119,53,1,1,1
19,33,524,1018,119,53,1,1,1
20,33,539,1018,119,53,1,1,1
21,33,553,1016,119,53,1,1,1
22,33,567,1015,119,53,1,1,1
23,33,581,1014,119,53,1,1,1
24,33,595,1013,119,53,1,1,1
25,33,610,1012,119,53,1,1,1
26,33,624,1010,119,53,1,1,1
27,33,638,1009,119,53,1,1,1
28,33,652,1008,119,53,1,1,1
29,33,666,1007,119,53,1,1,1
30,33,681,1006,119,53,1,1,1
31,33,695,1004,119,53,1,1,1
32,33,709,1002,119,53,1,1,1
33,33,723,1000,119,53,1,1,1
34,33,737,998,119,53,1,1,1
35,33,751,997,119,53,1,1,1
36,33,765,995,119,53,1,1,1
37,33,779,993,119,53,1,1,1
38,33,793,991,119,53,1,1,1
39,33,807,989,119,53,1,1,1
0,34,0,647,81,45,1,1,1
1,34,0,648,78,45,1,1,1
2,34,0,649,75,45,1,1,1
3,34,0,650,72,45,1,1,1
4,34,0,651,69,45,1,1,1
5,34,0,652,66,45,1,1,1
6,34,0,653,63,45,1,1,1
7,34,0,654,60,45,1,1,1
8,34,0,655,57,45,1,1,1
9,34,0,656,54,45,1,1,1
10,34,0,657,52,45,1,1,1
11,34,0,657,49,45,1,1,1
12,34,0,657,47,45,1,1,1
13,34,0,657,44,45,1,1,1
14,34,0,657,42,45,1,1,1
15,34,0,657,39,45,1,1,1
16,34,0,657,37,45,1,1,1
17,34,0,657,34,45,1,1,1
18,34,0,657,32,45,1,1,1
19,34,0,657,29,45,1,1,1
12,35,13,1023,92,49,1,1,1
13,35,19,1023,96,49,1,1,1
14,35,26,1022,99,50,1,1,1
15,35,32,1022,103,50,1,1,1
16,35,39,1021,106,51,1,1,1
17,35,45,1020,110,52,1,1,1
18,35,52,1020,113,52,1,1,1
19,35,58,1019,117,53,1,1,1
20,35,65,1019,121,54,1,1,1
21,35,80,1017,121,54,1,1,1
22,35,95,1015,121,54,1,1,1
23,35,110,1013,121,54,1,1,1
24,35,125,1012,121,54,1,1,1
25,35,140,1010,121,54,1,1,1
26,35,155,1008,121,54,1,1,1
27,35,170,1007,121,54,1,1,1
28,35,185,1005,121,54,1,1,1
29,35,200,1003,121,54,1,1,1
30,35,215,1002,121,54,1,1,1
31,35,227,1000,121,54,1,1,1
32,35,240,999,121,54,1,1,1
33,35,253,997,121,54,1,1,1
34,35,265,996,121,54,1,1,1
35,35,278,995,121,54,1,1,1
36,35,291,993,121,54,1,1,1
37,35,303,992,121,54,1,1,1
38,35,316,990,121,54,1,1,1
39,35,329,989,121,54,1,1,1
40,35,342,988,121,54,1,1,1
41,35,354,985,121,54,1,1,1
42,35,366,982,121,54,1,1,1
43,35,378,979,121,54,1,1,1
44,35,391,976,121,54,1,1,1
45,35,403,974,121,54,1,1,1
46,35,415,971,121,54,1,1,1
47,35,428,968,121,54,1,1,1
48,35,440,965,121,54,1,1,1
49,35,452,962,121,54,1,1,1
50,35,465,960,121,54,1,1,1
51,35,477,957,121,54,1,1,1
52,35,489,954,121,54,1,1,1
53,35,502,951,121,54,1,1,1
54,35,514,948,121,54,1,1,1
55,35,527,946,121,54,1,1,1
56,35,539,943,121,54,1,1,1
57,35,551,940,121,54,1,1,1
58,35,564,937,121,54,1,1,1
59,35,576,934,121,54,1,1,1
60,35,589,932,121,54,1,1,1
61,35,601,930,121,54,1,1,1
62,35,614,928,121,54,1,1,1
63,35,627,926,121,54,1,1,1
64,35,640,924,121,54,1,1,1
65,35,653,922,121,54,1,1,1
66,35,665,920,121,54,1,1,1
67,35,678,918,121,54,1,1,1
68,35,691,916,121,54,1,1,1
69,35,704,914,121,54,1,1,1
70,35,717,912,121,54,1,1,1
71,35,730,910,121,54,1,1,1
72,35,744,908,121,54,1,1,1
73,35,758,906,121,54,1,1,1
74,35,771,904,121,54,1,1,1
75,35,785,902,121,54,1,1,1
76,35,799,900,121,54,1,1,1
77,35,812,898,121,54,1,1,1
78,35,826,896,121,54,1,1,1
79,35,840,894,121,54,1,1,1
80,35,854,892,121,54,1,1,1
81,35,867,890,121,54,1,1,1
82,35,880,889,121,54,1,1,1
83,35,893,888,121,54,1,1,1
84,35,906,887,121,54,1,1,1
85,35,919,886,121,54,1,1,1
86,35,932,884,121,54,1,1,1
87,35,945,883,121,54,1,1,1
88,35,958,882,121,54,1,1,1
89,35,971,881,121,54,1,1,1
90,35,984,880,121,54,1,1,1
91,35,998,878,119,54,1,1,1
92,35,1012,876,118,54,1,1,1
93,35,1027,875,116,53,1,1,1
94,35,1041,873,115,54,1,1,1
95,35,1056,872,113,53,1,1,1
96,35,1070,870,111,53,1,1,1
97,35,1084,868,110,54,1,1,1
98,35,1099,867,108,53,1,1,1
99,35,1113,865,107,53,1,1,1
100,35,1128,864,105,53,1,1,1
101,35,1141,863,105,52,1,1,1
102,35,1155,863,105,51,1,1,1
103,35,1168,862,105,51,1,1,1
104,35,1182,862,105,50,1,1,1
105,35,1196,861,104,50,1,1,1
106,35,1209,861,105,48,1,1,1
107,35,1223,860,104,48,1,1,1
108,35,1236,860,105,47,1,1,1
109,35,1250,859,104,47,1,1,1
110,35,1264,859,104,46,1,1,1
111,35,1277,858,105,47,1,1,1
112,35,1291,858,106,47,1,1,1
113,35,1304,858,107,47,1,1,1
114,35,1318,857,108,48,1,1,1
115,35,1332,857,108,48,1,1,1
116,35,1345,857,110,48,1,1,1
117,35,1359,856,110,49,1,1,1
118,35,1372,856,112,49,1,1,1
119,35,1386,856,112,49,1,1,1
120,35,1400,856,113,50,1,1,1
121,35,1414,855,113,50,1,1,1
122,35,1428,855,113,50,1,1,1
123,35,1442,855,113,50,1,1,1
124,35,1456,855,113,50,1,1,1
125,35,1470,855,113,50,1,1,1
126,35,1484,855,113,50,1,1,1
127,35,1498,855,113,50,1,1,1
128,35,1512,855,113,50,1,1,1
129,35,1526,855,113,50,1,1,1
130,35,1540,855,113,50,1,1,1
131,35,1554,855,113,50,1,1,1
132,35,1568,855,113,50,1,1,1
133,35,1582,855,113,50,1,1,1
134,35,1597,856,113,50,1,1,1
135,35,1611,856,113,50,1,1,1
136,35,1625,856,113,50,1,1,1
137,35,1640,857,113,50,1,1,1
138,35,1654,857,113,50,1,1,1
139,35,1668,857,113,50,1,1,1
20,37,0,885,48,53,1,1,1
21,37,4,884,56,53,1,1,1
22,37,9,883,63,53,1,1,1
23,37,14,882,70,53,1,1,1
24,37,19,881,77,53,1,1,1
25,37,24,881,85,52,1,1,1
26,37,28,880,93,52,1,1,1
27,37,33,879,100,52,1,1,1
28,37,38,878,107,52,1,1,1
29,37,43,877,114,52,1,1,1
30,38,1,1008,47,55,1,1,1
31,38,6,1006,53,54,1,1,1
32,38,11,1004,59,54,1,1,1
33,38,16,1002,66,54,1,1,1
34,38,21,1000,72,54,1,1,1
35,38,26,998,79,54,1,1,1
36,38,31,996,85,54,1,1,1
37,38,36,994,91,54,1,1,1
38,38,41,992,98,54,1,1,1
39,38,46,990,104,54,1,1,1
40,38,51,989,111,53,1,1,1
41,38,62,986,111,53,1,1,1
42,38,73,983,112,53,1,1,1
43,38,84,980,112,53,1,1,1
44,38,95,977,113,53,1,1,1
45,38,106,974,113,53,1,1,1
46,38,117,971,114,53,1,1,1
47,38,128,968,114,53,1,1,1
48,38,139,965,115,53,1,1,1
49,38,150,962,115,53,1,1,1
50,38,161,960,116,52,1,1,1
51,38,172,957,116,52,1,1,1
52,38,184,955,116,52,1,1,1
53,38,195,952,116,52,1,1,1
54,38,207,950,116,52,1,1,1
55,38,218,947,116,52,1,1,1
56,38,230,945,116,52,1,1,1
57,38,241,942,116,52,1,1,1
58,38,253,940,116,52,1,1,1
59,38,264,937,116,52,1,1,1
60,38,276,935,116,52,1,1,1
61,38,288,932,116,52,1,1,1
62,38,300,930,116,52,1,1,1
63,38,312,928,116,52,1,1,1
64,38,324,926,116,52,1,1,1
65,38,336,924,116,52,1,1,1
66,38,348,921,116,52,1,1,1
67,38,360,919,116,52,1,1,1
68,38,372,917,116,52,1,1,1
69,38,384,915,116,52,1,1,1
70,38,396,913,116,52,1,1,1
71,38,410,911,116,52,1,1,1
72,38,424,910,116,52,1,1,1
73,38,438,908,116,52,1,1,1
74,38,452,907,116,52,1,1,1
75,38,467,906,116,52,1,1,1
76,38,481,904,116,52,1,1,1
77,38,495,903,116,52,1,1,1
78,38,509,901,116,52,1,1,1
79,38,523,900,116,52,1,1,1
80,38,538,899,116,52,1,1,1
81,38,549,898,116,52,1,1,1
82,38,561,897,116,52,1,1,1
83,38,573,896,116,52,1,1,1
84,38,585,895,116,52,1,1,1
85,38,597,894,116,52,1,1,1
86,38,609,893,116,52,1,1,1
87,38,621,892,116,52,1,1,1
88,38,633,891,116,52,1,1,1
89,38,645,890,116,52,1,1,1
90,38,657,890,116,52,1,1,1
91,38,668,888,116,52,1,1,1
92,38,679,887,116,52,1,1,1
93,38,690,886,116,52,1,1,1
94,38,701,884,116,52,1,1,1
95,38,713,883,116,52,1,1,1
96,38,724,882,116,52,1,1,1
97,38,735,880,116,52,1,1,1
98,38,746,879,116,52,1,1,1
99,38,757,878,116,52,1,1,1
100,38,769,877,116,52,1,1,1
101,38,780,876,116,52,1,1,1
102,38,792,875,116,52,1,1,1
103,38,804,875,116,52,1,1,1
104,38,816,874,116,52,1,1,1
105,38,828,874,116,52,1,1,1
106,38,839,873,116,52,1,1,1
107,38,851,872,116,52,1,1,1
108,38,863,872,116,52,1,1,1
109,38,875,871,116,52,1,1,1
110,38,887,871,116,52,1,1,1
111,38,900,870,116,52,1,1,1
112,38,913,869,116,52,1,1,1
113,38,927,868,116,52,1,1,1
114,38,940,867,116,52,1,1,1
115,38,954,867,116,52,1,1,1
116,38,967,866,116,52,1,1,1
117,38,980,865,116,52,1,1,1
118,38,994,864,116,52,1,1,1
119,38,1007,863,116,52,1,1,1
120,38,1021,863,116,52,1,1,1
121,38,1034,862,116,52,1,1,1
122,38,1047,862,116,52,1,1,1
123,38,1060,861,116,52,1,1,1
124,38,1073,861,116,52,1,1,1
125,38,1086,860,116,52,1,1,1
126,38,1099,860,116,52,1,1,1
127,38,1112,859,116,52,1,1,1
128,38,1125,859,116,52,1,1,1
129,38,1138,858,116,52,1,1,1
130,38,1152,858,116,52,1,1,1
131,38,1165,858,116,52,1,1,1
132,38,1179,858,116,52,1,1,1
133,38,1192,859,116,52,1,1,1
134,38,1206,859,116,52,1,1,1
135,38,1219,860,116,52,1,1,1
136,38,1233,860,116,52,1,1,1
137,38,1246,860,116,52,1,1,1
138,38,1260,861,116,52,1,1,1
139,38,1273,861,116,52,1,1,1
140,38,1287,862,116,52,1,1,1
141,38,1301,862,116,52,1,1,1
142,38,1315,863,116,52,1,1,1
143,38,1329,863,116,52,1,1,1
144,38,1343,864,116,52,1,1,1
145,38,1358,864,116,52,1,1,1
146,38,1372,865,116,52,1,1,1
147,38,1386,865,116,52,1,1,1
148,38,1400,866,116,52,1,1,1
149,38,1414,866,116,52,1,1,1
150,38,1429,867,116,52,1,1,1
151,38,1442,866,116,52,1,1,1
152,38,1456,866,116,52,1,1,1
153,38,1469,866,116,52,1,1,1
154,38,1483,866,116,52,1,1,1
155,38,1497,866,116,52,1,1,1
156,38,1510,865,116,52,1,1,1
157,38,1524,865,116,52,1,1,1
158,38,1537,865,116,52,1,1,1
159,38,1551,865,116,52,1,1,1
160,38,1565,865,116,52,1,1,1
161,38,1576,864,116,52,1,1,1
162,38,1587,864,116,52,1,1,1
163,38,1598,863,116,52,1,1,1
164,38,1609,863,116,52,1,1,1
165,38,1621,862,116,52,1,1,1
166,38,1632,862,116,52,1,1,1
167,38,1643,861,116,52,1,1,1
168,38,1654,861,116,52,1,1,1
169,38,1665,860,116,52,1,1,1
170,38,1677,860,116,52,1,1,1
171,38,1687,860,116,52,1,1,1
172,38,1697,861,116,52,1,1,1
173,38,1707,862,116,52,1,1,1
174,38,1718,862,116,52,1,1,1
175,38,1728,863,116,52,1,1,1
176,38,1738,864,116,52,1,1,1
177,38,1749,864,116,52,1,1,1
178,38,1759,865,116,52,1,1,1
179,38,1769,866,116,52,1,1,1
40,39,0,923,96,55,1,1,1
41,39,10,920,98,55,1,1,1
42,39,20,918,100,54,1,1,1
43,39,31,915,101,55,1,1,1
44,39,41,913,103,54,1,1,1
45,39,52,910,104,55,1,1,1
46,39,62,908,106,54,1,1,1
47,39,72,905,108,54,1,1,1
48,39,83,903,109,54,1,1,1
49,39,93,900,111,54,1,1,1
50,39,104,898,113,54,1,1,1
51,39,116,895,114,54,1,1,1
52,39,128,893,115,54,1,1,1
53,39,140,890,116,54,1,1,1
54,39,152,888,117,54,1,1,1
55,39,165,886,117,53,1,1,1
56,39,177,883,118,54,1,1,1
57,39,189,881,119,53,1,1,1
58,39,201,878,120,54,1,1,1
59,39,213,876,121,53,1,1,1
70,40,0,917,95,59,1,1,1
71,40,6,915,99,59,1,1,1
72,40,13,913,102,59,1,1,1
73,40,20,911,105,59,1,1,1
74,40,27,909,108,59,1,1,1
75,40,34,907,111,59,1,1,1
76,40,41,905,114,59,1,1,1
77,40,48,903,117,59,1,1,1
78,40,55,901,120,59,1,1,1
79,40,62,899,123,59,1,1,1
80,40,69,898,126,58,1,1,1
81,40,79,896,126,58,1,1,1
82,40,89,894,126,58,1,1,1
83,40,100,893,126,58,1,1,1
84,40,110,891,126,58,1,1,1
85,40,121,890,126,58,1,1,1
86,40,131,888,126,58,1,1,1
87,40,141,886,126,58,1,1,1
88,40,152,885,126,58,1,1,1
89,40,162,883,126,58,1,1,1
90,40,173,882,126,58,1,1,1
91,40,184,881,126,58,1,1,1
92,40,196,880,126,58,1,1,1
93,40,207,880,126,58,1,1,1
94,40,219,879,126,58,1,1,1
95,40,230,879,126,58,1,1,1
96,40,242,878,126,58,1,1,1
97,40,253,877,126,58,1,1,1
98,40,265,877,126,58,1,1,1
99,40,276,876,126,58,1,1,1
100,40,288,876,126,58,1,1,1
101,40,299,875,125,57,1,1,1
102,40,310,874,125,56,1,1,1
103,40,321,873,124,55,1,1,1
104,40,333,873,123,54,1,1,1
105,40,344,872,122,53,1,1,1
106,40,355,871,122,52,1,1,1
107,40,367,871,120,51,1,1,1
108,40,378,870,120,50,1,1,1
109,40,389,869,119,49,1,1,1
110,40,401,869,118,48,1,1,1
111,40,411,868,118,48,1,1,1
112,40,422,868,118,48,1,1,1
113,40,432,868,118,48,1,1,1
114,40,443,868,118,48,1,1,1
115,40,453,868,118,48,1,1,1
116,40,464,868,118,48,1,1,1
117,40,474,868,118,48,1,1,1
118,40,485,868,118,48,1,1,1
119,40,495,868,118,48,1,1,1
120,40,506,868,118,48,1,1,1
121,40,517,867,118,48,1,1,1
122,40,528,867,118,48,1,1,1
123,40,539,866,118,48,1,1,1
124,40,550,866,118,48,1,1,1
125,40,561,866,118,48,1,1,1
126,40,572,865,118,48,1,1,1
127,40,583,865,118,48,1,1,1
128,40,594,864,118,48,1,1,1
129,40,605,864,118,48,1,1,1
130,40,616,864,118,48,1,1,1
131,40,627,863,118,48,1,1,1
132,40,638,863,118,48,1,1,1
133,40,649,863,118,48,1,1,1
134,40,660,863,118,48,1,1,1
135,40,672,863,118,48,1,1,1
136,40,683,862,118,48,1,1,1
137,40,694,862,118,48,1,1,1
138,40,705,862,118,48,1,1,1
139,40,716,862,118,48,1,1,1
140,40,728,862,118,48,1,1,1
141,40,739,863,118,48,1,1,1
142,40,750,864,118,48,1,1,1
143,40,761,865,118,48,1,1,1
144,40,772,866,118,48,1,1,1
145,40,783,867,118,48,1,1,1
146,40,794,868,118,48,1,1,1
147,40,805,869,118,48,1,1,1
148,40,816,870,118,48,1,1,1
149,40,827,871,118,48,1,1,1
150,40,838,872,118,48,1,1,1
151,40,849,872,118,48,1,1,1
152,40,860,873,118,48,1,1,1
153,40,871,873,118,48,1,1,1
154,40,882,874,118,48,1,1,1
155,40,893,875,118,48,1,1,1
156,40,904,875,118,48,1,1,1
157,40,915,876,118,48,1,1,1
158,40,926,876,118,48,1,1,1
159,40,937,877,118,48,1,1,1
160,40,948,878,118,48,1,1,1
161,40,961,878,118,48,1,1,1
162,40,974,879,118,48,1,1,1
163,40,988,879,118,48,1,1,1
164,40,1001,880,118,48,1,1,1
165,40,1015,881,118,48,1,1,1
166,40,1028,881,118,48,1,1,1
167,40,1041,882,118,48,1,1,1
168,40,1055,882,118,48,1,1,1
169,40,1068,883,118,48,1,1,1
170,40,1082,884,118,48,1,1,1
171,40,1093,884,118,48,1,1,1
172,40,1104,884,118,48,1,1,1
173,40,1115,884,118,48,1,1,1
174,40,1126,885,118,48,1,1,1
175,40,1138,885,118,48,1,1,1
176,40,1149,885,118,48,1,1,1
177,40,1160,886,118,48,1,1,1
178,40,1171,886,118,48,1,1,1
179,40,1182,886,118,48,1,1,1
180,40,1194,887,118,48,1,1,1
181,40,1206,887,118,48,1,1,1
182,40,1219,888,118,48,1,1,1
183,40,1231,889,118,48,1,1,1
184,40,1244,890,118,48,1,1,1
185,40,1257,891,118,48,1,1,1
186,40,1269,892,118,48,1,1,1
187,40,1282,893,118,48,1,1,1
188,40,1294,894,118,48,1,1,1
189,40,1307,895,118,48,1,1,1
190,40,1320,896,118,48,1,1,1
191,40,1333,896,118,48,1,1,1
192,40,1346,897,118,48,1,1,1
193,40,1359,897,118,48,1,1,1
194,40,1372,898,118,48,1,1,1
195,40,1385,899,118,48,1,1,1
196,40,1398,899,118,48,1,1,1
197,40,1411,900,118,48,1,1,1
198,40,1424,900,118,48,1,1,1
199,40,1437,901,118,48,1,1,1
200,40,1450,902,118,48,1,1,1
201,40,1462,902,118,48,1,1,1
202,40,1474,903,118,48,1,1,1
203,40,1487,903,118,48,1,1,1
204,40,1499,904,118,48,1,1,1
205,40,1512,905,118,48,1,1,1
206,40,1524,905,118,48,1,1,1
207,40,1536,906,118,48,1,1,1
208,40,1549,906,118,48,1,1,1
209,40,1561,907,118,48,1,1,1
210,40,1574,908,118,48,1,1,1
211,40,1587,909,118,48,1,1,1
212,40,1601,910,118,48,1,1,1
213,40,1614,911,118,48,1,1,1
214,40,1628,912,118,48,1,1,1
215,40,1642,913,118,48,1,1,1
216,40,1655,914,118,48,1,1,1
217,40,1669,915,118,48,1,1,1
218,40,1682,916,118,48,1,1,1
219,40,1696,917,118,48,1,1,1
220,40,1710,918,118,48,1,1,1
221,40,1725,918,112,48,1,1,1
222,40,1741,919,105,48,1,1,1
223,40,1757,920,98,48,1,1,1
224,40,1773,920,91,48,1,1,1
225,40,1789,921,84,48,1,1,1
226,40,1804,922,78,48,1,1,1
227,40,1820,922,71,48,1,1,1
228,40,1836,923,64,48,1,1,1
229,40,1852,924,57,48,1,1,1
70,41,0,852,46,48,1,1,1
71,41,4,850,54,48,1,1,1
72,41,9,848,61,48,1,1,1
73,41,14,847,68,47,1,1,1
74,41,19,845,75,48,1,1,1
75,41,24,844,82,47,1,1,1
76,41,28,842,90,47,1,1,1
77,41,33,840,97,48,1,1,1
78,41,38,839,104,47,1,1,1
79,41,43,837,111,47,1,1,1
120,42,0,861,53,52,1,1,1
121,42,3,861,62,51,1,1,1
122,42,7,861,71,51,1,1,1
123,42,11,861,79,51,1,1,1
124,42,15,861,88,51,1,1,1
125,42,19,861,96,51,1,1,1
126,42,23,861,105,51,1,1,1
127,42,27,861,113,51,1,1,1
128,42,31,861,122,51,1,1,1
129,42,35,861,130,51,1,1,1
140,42,162,863,133,50,1,1,1
141,42,174,863,133,50,1,1,1
142,42,186,864,133,50,1,1,1
143,42,198,864,133,50,1,1,1
144,42,210,865,133,50,1,1,1
145,42,222,865,133,50,1,1,1
146,42,234,866,133,50,1,1,1
147,42,246,866,133,50,1,1,1
148,42,258,867,133,50,1,1,1
149,42,270,867,133,50,1,1,1
150,42,282,868,133,50,1,1,1
151,42,294,868,133,50,1,1,1
152,42,306,869,133,50,1,1,1
153,42,319,870,133,50,1,1,1
154,42,331,870,133,50,1,1,1
155,42,344,871,133,50,1,1,1
156,42,356,872,133,50,1,1,1
157,42,368,872,133,50,1,1,1
158,42,381,873,133,50,1,1,1
159,42,393,874,133,50,1,1,1
160,42,406,875,133,50,1,1,1
161,42,418,875,133,50,1,1,1
162,42,430,876,133,50,1,1,1
163,42,442,877,133,50,1,1,1
164,42,454,878,133,50,1,1,1
165,42,466,879,133,50,1,1,1
166,42,478,879,133,50,1,1,1
167,42,490,880,133,50,1,1,1
168,42,502,881,133,50,1,1,1
169,42,514,882,133,50,1,1,1
170,42,527,883,133,50,1,1,1
171,42,538,883,133,50,1,1,1
172,42,550,884,132,50,1,1,1
173,42,562,884,132,50,1,1,1
174,42,574,885,131,50,1,1,1
175,42,586,886,131,49,1,1,1
176,42,598,886,130,50,1,1,1
177,42,610,887,129,49,1,1,1
178,42,622,887,129,50,1,1,1
179,42,634,888,128,49,1,1,1
180,42,646,889,128,49,1,1,1
181,42,658,889,128,49,1,1,1
182,42,670,890,128,49,1,1,1
183,42,682,891,128,49,1,1,1
184,42,694,892,128,49,1,1,1
185,42,707,893,128,49,1,1,1
186,42,719,894,128,49,1,1,1
187,42,731,895,128,49,1,1,1
188,42,743,896,128,49,1,1,1
189,42,755,897,128,49,1,1,1
190,42,768,898,128,49,1,1,1
191,42,779,898,128,49,1,1,1
192,42,791,899,128,49,1,1,1
193,42,802,900,128,49,1,1,1
194,42,814,900,128,49,1,1,1
195,42,826,901,128,49,1,1,1
196,42,837,902,128,49,1,1,1
197,42,849,902,128,49,1,1,1
198,42,860,903,128,49,1,1,1
199,42,872,904,128,49,1,1,1
200,42,884,905,128,49,1,1,1
201,42,896,906,128,49,1,1,1
202,42,908,907,128,49,1,1,1
203,42,920,908,128,49,1,1,1
204,42,933,909,128,49,1,1,1
205,42,945,911,128,49,1,1,1
206,42,957,912,128,49,1,1,1
207,42,970,913,128,49,1,1,1
208,42,982,914,128,49,1,1,1
209,42,994,915,128,49,1,1,1
210,42,1007,917,128,49,1,1,1
211,42,1019,917,128,49,1,1,1
212,42,1031,918,128,49,1,1,1
213,42,1044,919,128,49,1,1,1
214,42,1056,920,128,49,1,1,1
215,42,1069,921,128,49,1,1,1
216,42,1081,922,128,49,1,1,1
217,42,1093,923,128,49,1,1,1
218,42,1106,924,128,49,1,1,1
219,42,1118,925,128,49,1,1,1
220,42,1131,926,128,49,1,1,1
221,42,1143,927,128,49,1,1,1
222,42,1155,928,128,49,1,1,1
223,42,1168,929,128,49,1,1,1
224,42,1180,930,128,49,1,1,1
225,42,1193,931,128,49,1,1,1
226,42,1205,932,128,49,1,1,1
227,42,1217,933,128,49,1,1,1
228,42,1230,934,128,49,1,1,1
229,42,1242,935,128,49,1,1,1
230,42,1255,936,128,49,1,1,1
231,42,1268,936,128,49,1,1,1
232,42,1281,937,128,49,1,1,1
233,42,1295,938,128,49,1,1,1
234,42,1308,939,128,49,1,1,1
235,42,1322,940,128,49,1,1,1
236,42,1335,940,128,49,1,1,1
237,42,1348,941,128,49,1,1,1
238,42,1362,942,128,49,1,1,1
239,42,1375,943,128,49,1,1,1
240,42,1389,944,128,49,1,1,1
241,42,1402,945,128,49,1,1,1
242,42,1415,946,128,49,1,1,1
243,42,1428,947,128,49,1,1,1
244,42,1441,948,128,49,1,1,1
245,42,1454,949,128,49,1,1,1
246,42,1467,950,128,49,1,1,1
247,42,1480,951,128,49,1,1,1
248,42,1493,952,128,49,1,1,1
249,42,1506,953,128,49,1,1,1
250,42,1519,955,128,49,1,1,1
251,42,1532,955,128,49,1,1,1
252,42,1545,956,128,49,1,1,1
253,42,1558,956,128,49,1,1,1
254,42,1571,957,128,49,1,1,1
255,42,1584,958,128,49,1,1,1
256,42,1597,958,128,49,1,1,1
257,42,1610,959,128,49,1,1,1
258,42,1623,959,128,49,1,1,1
259,42,1636,960,128,49,1,1,1
260,42,1649,961,128,49,1,1,1
261,42,1663,960,128,49,1,1,1
262,42,1678,960,127,49,1,1,1
263,42,1693,960,126,49,1,1,1
264,42,1708,960,125,49,1,1,1
265,42,1723,960,125,49,1,1,1
266,42,1738,960,124,49,1,1,1
267,42,1753,960,123,49,1,1,1
268,42,1768,960,122,49,1,1,1
269,42,1783,960,121,49,1,1,1
130,43,0,802,103,52,1,1,1
131,43,12,802,105,51,1,1,1
132,43,24,802,107,51,1,1,1
133,43,36,802,109,51,1,1,1
134,43,48,802,111,51,1,1,1
135,43,60,802,113,51,1,1,1
136,43,72,802,115,51,1,1,1
137,43,84,802,117,51,1,1,1
138,43,96,802,119,51,1,1,1
139,43,108,802,121,51,1,1,1
210,44,0,886,54,43,1,1,1
211,44,12,886,61,44,1,1,1
212,44,24,887,68,44,1,1,1
213,44,36,888,75,44,1,1,1
214,44,48,888,82,45,1,1,1
215,44,61,889,89,45,1,1,1
216,44,73,890,96,45,1,1,1
217,44,85,890,103,46,1,1,1
218,44,97,891,110,46,1,1,1
219,44,109,892,117,46,1,1,1
250,44,696,923,124,46,1,1,1
251,44,716,923,123,46,1,1,1
252,44,736,923,122,46,1,1,1
253,44,756,923,121,46,1,1,1
254,44,776,924,121,45,1,1,1
255,44,796,924,120,46,1,1,1
256,44,816,924,119,46,1,1,1
257,44,836,925,119,45,1,1,1
258,44,856,925,118,45,1,1,1
259,44,876,925,117,45,1,1,1
266,45,0,890,115,57,1,1,1
267,45,23,888,114,57,1,1,1
268,45,47,886,113,57,1,1,1
269,45,70,885,113,56,1,1,1
270,45,94,883,112,57,1,1,1
271,45,118,882,111,56,1,1,1
272,45,141,880,111,56,1,1,1
273,45,165,878,110,57,1,1,1
274,45,188,877,110,56,1,1,1
275,45,212,875,109,56,1,1,1
306,46,295,812,121,47,1,1,1
307,46,316,810,120,46,1,1,1
308,46,337,808,119,46,1,1,1
309,46,358,806,119,46,1,1,1
310,46,380,804,117,46,1,1,1
311,46,401,802,117,46,1,1,1
312,46,422,800,116,46,1,1,1
313,46,444,798,114,46,1,1,1
314,46,465,796,114,46,1,1,1
315,46,486,794,113,46,1,1,1
316,47,0,853,109,57,1,1,1
317,47,21,851,110,57,1,1,1
318,47,43,850,111,56,1,1,1
319,47,64,848,113,57,1,1,1
320,47,86,847,114,56,1,1,1
321,47,107,845,116,57,1,1,1
322,47,129,844,117,56,1,1,1
323,47,150,842,119,56,1,1,1
324,47,172,841,120,56,1,1,1
325,47,193,839,122,56,1,1,1
356,47,883,814,110,50,1,1,1
357,47,904,813,110,50,1,1,1
358,47,925,813,110,50,1,1,1
359,47,947,813,110,50,1,1,1
360,47,968,812,110,50,1,1,1
361,47,990,812,110,50,1,1,1
362,47,1011,812,110,50,1,1,1
363,47,1032,811,110,50,1,1,1
364,47,1054,811,110,50,1,1,1
365,47,1075,811,110,50,1,1,1
366,48,0,774,46,44,1,1,1
367,48,14,774,52,44,1,1,1
368,48,28,774,58,44,1,1,1
369,48,42,775,64,43,1,1,1
370,48,56,775,70,43,1,1,1
371,48,71,776,76,43,1,1,1
372,48,85,776,82,43,1,1,1
373,48,99,776,88,43,1,1,1
374,48,113,777,94,42,1,1,1
375,48,127,777,100,42,1,1,1
386,49,25,850,115,45,1,1,1
387,49,45,850,113,45,1,1,1
388,49,65,850,112,45,1,1,1
389,49,86,850,109,45,1,1,1
390,49,106,850,108,45,1,1,1
391,49,127,851,106,44,1,1,1
392,49,147,851,104,44,1,1,1
393,49,167,851,103,44,1,1,1
394,49,188,851,100,44,1,1,1
395,49,208,851,99,44,1,1,1
478,49,1775,879,103,48,1,1,1
479,49,1794,879,90,48,1,1,1
480,49,1813,879,78,48,1,1,1
481,49,1832,879,66,48,1,1,1
482,49,1851,879,54,48,1,1,1
483,49,1870,879,42,48,1,1,1
429,50,0,854,38,49,1,1,1
430,50,12,854,45,48,1,1,1
431,50,24,854,53,48,1,1,1
432,50,37,854,60,48,1,1,1
433,50,49,854,68,48,1,1,1
434,50,62,854,75,48,1,1,1
435,50,74,854,83,48,1,1,1
436,50,86,854,91,48,1,1,1
437,50,99,854,98,48,1,1,1
438,50,111,854,106,48,1,1,1
474,51,1,865,71,51,1,1,1
475,51,16,865,76,51,1,1,1
476,51,32,866,80,50,1,1,1
477,51,48,866,84,51,1,1,1
478,51,64,867,88,50,1,1,1
479,51,80,867,92,51,1,1,1
480,51,95,868,97,50,1,1,1
481,51,111,868,101,50,1,1,1
482,51,127,869,105,50,1,1,1
483,51,143,869,109,50,1,1,1
279,52,1885,713,33,52,1,1,1
280,52,1882,711,36,52,1,1,1
281,52,1880,710,38,52,1,1,1
282,52,1878,708,40,52,1,1,1
283,52,1876,707,42,52,1,1,1
284,52,1874,706,44,51,1,1,1
285,52,1872,704,46,52,1,1,1
286,52,1870,703,48,51,1,1,1
287,52,1868,701,50,52,1,1,1
288,52,1866,700,52,51,1,1,1
289,52,1864,699,54,51,1,1,1
290,52,1860,696,58,51,1,1,1
291,52,1857,694,61,51,1,1,1
292,52,1853,692,65,50,1,1,1
293,52,1850,690,68,50,1,1,1
294,52,1847,688,71,50,1,1,1
295,52,1843,685,75,50,1,1,1
296,52,1840,683,78,50,1,1,1
297,52,1836,681,82,49,1,1,1
298,52,1833,679,85,49,1,1,1
299,52,1830,677,88,49,1,1,1
300,52,1827,675,89,49,1,1,1
301,52,1824,673,91,49,1,1,1
302,52,1821,672,92,48,1,1,1
303,52,1818,670,94,49,1,1,1
304,52,1815,669,96,48,1,1,1
305,52,1812,667,97,48,1,1,1
306,52,1809,665,99,49,1,1,1
307,52,1806,664,100,48,1,1,1
308,52,1803,662,102,48,1,1,1
90,53,1568,0,49,23,1,1,1
91,53,1573,0,49,23,1,1,1
92,53,1579,0,48,24,1,1,1
93,53,1584,0,48,25,1,1,1
94,53,1590,0,47,25,1,1,1
95,53,1595,0,47,26,1,1,1
96,53,1601,0,46,27,1,1,1
97,53,1606,0,46,27,1,1,1
98,53,1612,0,45,28,1,1,1
99,53,1617,0,45,29,1,1,1
100,53,1623,0,45,30,1,1,1
101,53,1628,0,45,30,1,1,1
102,53,1634,0,45,31,1,1,1
103,53,1640,0,45,31,1,1,1
104,53,1646,0,45,32,1,1,1
105,53,1652,0,45,32,1,1,1
106,53,1658,0,44,33,1,1,1
107,53,1664,0,44,33,1,1,1
108,53,1670,0,44,34,1,1,1
109,53,1676,0,44,34,1,1,1
110,53,1682,0,44,35,1,1,1
111,53,1687,0,44,36,1,1,1
112,53,1693,0,43,37,1,1,1
113,53,1698,0,44,38,1,1,1
114,53,1704,0,43,39,1,1,1
115,53,1709,0,44,40,1,1,1
116,53,1715,0,43,41,1,1,1
117,53,1720,0,43,42,1,1,1
118,53,1726,0,43,43,1,1,1
119,53,1731,0,43,44,1,1,1
120,53,1737,0,43,45,1,1,1
121,53,1742,0,43,45,1,1,1
122,53,1747,0,44,46,1,1,1
123,53,1752,0,44,47,1,1,1
124,53,1757,0,45,47,1,1,1
125,53,1762,0,46,48,1,1,1
126,53,1767,0,46,49,1,1,1
127,53,1772,0,47,49,1,1,1
128,53,1777,0,47,50,1,1,1
129,53,1782,0,48,51,1,1,1
130,53,1788,0,48,52,1,1,1
131,53,1793,0,48,52,1,1,1
132,53,1799,0,48,53,1,1,1
133,53,1805,0,48,54,1,1,1
134,53,1811,0,47,55,1,1,1
135,53,1817,0,47,56,1,1,1
136,53,1822,0,48,57,1,1,1
137,53,1828,0,47,58,1,1,1
138,53,1834,0,47,59,1,1,1
139,53,1840,0,47,60,1,1,1
170,54,1781,28,45,38,1,1,1
171,54,1786,28,45,38,1,1,1
172,54,1791,29,45,38,1,1,1
173,54,1796,30,45,38,1,1,1
174,54,1801,30,45,38,1,1,1
175,54,1806,31,45,38,1,1,1
176,54,1811,32,45,38,1,1,1
177,54,1816,32,45,38,1,1,1
178,54,1821,33,45,38,1,1,1
179,54,1826,34,45,38,1,1,1
180,54,1831,35,45,38,1,1,1
181,54,1835,34,45,38,1,1,1
182,54,1840,34,44,38,1,1,1
183,54,1845,34,43,38,1,1,1
184,54,1849,34,43,38,1,1,1
185,54,1854,34,43,38,1,1,1
186,54,1859,33,42,38,1,1,1
187,54,1863,33,42,38,1,1,1
188,54,1868,33,41,38,1,1,1
189,54,1873,33,40,38,1,1,1
70,56,1862,101,56,46,1,1,1
71,56,1865,100,53,45,1,1,1
72,56,1869,100,49,44,1,1,1
73,56,1872,100,46,42,1,1,1
74,56,1876,99,42,42,1,1,1
75,56,1880,99,38,40,1,1,1
76,56,1883,99,35,39,1,1,1
77,56,1887,98,31,38,1,1,1
78,56,1890,98,28,37,1,1,1
79,56,1894,98,24,35,1,1,1
469,57,0,203,41,63,1,1,1
470,57,3,202,43,63,1,1,1
471,57,7,201,45,63,1,1,1
472,57,11,201,47,62,1,1,1
473,57,15,200,49,63,1,1,1
474,57,19,200,51,62,1,1,1
475,57,22,199,53,62,1,1,1
476,57,26,198,55,63,1,1,1
477,57,30,198,57,62,1,1,1
478,57,34,197,59,62,1,1,1
419,58,2,154,31,54,1,1,1
420,58,7,154,32,54,1,1,1
421,58,12,154,33,55,1,1,1
422,58,17,154,35,55,1,1,1
423,58,22,154,36,56,1,1,1
424,58,27,154,38,56,1,1,1
425,58,32,154,39,57,1,1,1
426,58,37,154,40,57,1,1,1
427,58,42,154,42,58,1,1,1
428,58,47,154,43,58,1,1,1
429,58,53,155,44,58,1,1,1
430,58,58,155,44,58,1,1,1
431,58,64,156,44,58,1,1,1
432,58,70,157,44,58,1,1,1
433,58,75,158,44,58,1,1,1
434,58,81,159,44,58,1,1,1
435,58,87,160,44,58,1,1,1
436,58,92,161,44,58,1,1,1
437,58,98,162,44,58,1,1,1
438,58,104,163,44,58,1,1,1
439,58,110,164,44,58,1,1,1
440,58,116,164,44,58,1,1,1
441,58,122,165,44,58,1,1,1
442,58,128,166,44,58,1,1,1
443,58,135,167,44,58,1,1,1
444,58,141,168,44,58,1,1,1
445,58,147,168,44,58,1,1,1
446,58,154,169,44,58,1,1,1
447,58,160,170,44,58,1,1,1
448,58,166,171,44,58,1,1,1
449,58,173,172,44,58,1,1,1
450,58,178,172,44,58,1,1,1
451,58,184,172,44,58,1,1,1
452,58,189,172,44,58,1,1,1
453,58,195,172,44,58,1,1,1
454,58,200,172,44,58,1,1,1
455,58,206,172,44,58,1,1,1
456,58,211,172,44,58,1,1,1
457,58,217,172,44,58,1,1,1
458,58,222,172,44,58,1,1,1
459,58,228,173,44,58,1,1,1
460,58,234,173,44,58,1,1,1
461,58,240,174,44,58,1,1,1
462,58,246,174,44,58,1,1,1
463,58,253,175,44,58,1,1,1
464,58,259,175,44,58,1,1,1
465,58,265,176,44,58,1,1,1
466,58,272,176,44,58,1,1,1
467,58,278,177,44,58,1,1,1
468,58,284,177,44,58,1,1,1
469,58,291,178,44,58,1,1,1
470,58,297,178,44,58,1,1,1
471,58,304,178,44,58,1,1,1
472,58,310,178,44,58,1,1,1
473,58,317,179,44,58,1,1,1
474,58,324,179,44,58,1,1,1
475,58,330,179,44,58,1,1,1
476,58,337,180,44,58,1,1,1
477,58,343,180,44,58,1,1,1
478,58,350,180,44,58,1,1,1
479,58,357,181,44,58,1,1,1
480,58,363,182,44,58,1,1,1
481,58,369,183,44,58,1,1,1
482,58,375,184,44,58,1,1,1
483,58,382,185,44,58,1,1,1
484,58,388,187,44,58,1,1,1
485,58,394,188,44,58,1,1,1
486,58,401,189,44,58,1,1,1
487,58,407,190,44,58,1,1,1
488,58,413,191,44,58,1,1,1
489,58,420,193,44,58,1,1,1
