0,1,1254,1001,46,79,1,1,1
1,1,1255,1006,46,73,1,1,1
2,1,1256,1012,46,67,1,1,1
3,1,1257,1018,46,61,1,1,1
4,1,1258,1023,46,55,1,1,1
5,1,1259,1029,46,49,1,1,1
6,1,1260,1035,46,43,1,1,1
7,1,1261,1040,46,37,1,1,1
8,1,1262,1046,46,31,1,1,1
9,1,1263,1052,46,25,1,1,1
80,2,1050,1012,51,67,1,1,1
81,2,1049,1014,51,65,1,1,1
82,2,1048,1016,51,63,1,1,1
83,2,1047,1018,51,61,1,1,1
84,2,1046,1020,51,59,1,1,1
85,2,1046,1023,51,56,1,1,1
86,2,1045,1025,51,54,1,1,1
87,2,1044,1027,51,52,1,1,1
88,2,1043,1029,51,50,1,1,1
89,2,1042,1031,51,48,1,1,1
90,2,1042,1034,51,45,1,1,1
91,2,1041,1035,51,44,1,1,1
92,2,1041,1037,51,42,1,1,1
93,2,1040,1039,51,40,1,1,1
94,2,1040,1041,51,38,1,1,1
95,2,1040,1043,51,36,1,1,1
96,2,1039,1044,51,35,1,1,1
97,2,1039,1046,51,33,1,1,1
98,2,1038,1048,51,31,1,1,1
99,2,1038,1050,51,29,1,1,1
100,2,1038,1052,51,27,1,1,1
101,2,1036,1053,51,26,1,1,1
102,2,1035,1054,51,25,1,1,1
103,2,1033,1055,51,24,1,1,1
104,2,1032,1057,51,22,1,1,1
105,2,1031,1058,51,21,1,1,1
106,2,1029,1059,51,20,1,1,1
107,2,1028,1061,51,18,1,1,1
108,2,1026,1062,51,17,1,1,1
109,2,1025,1063,51,16,1,1,1
230,3,929,996,39,82,1,1,1
231,3,928,996,39,82,1,1,1
232,3,928,997,39,81,1,1,1
233,3,927,998,39,80,1,1,1
234,3,927,998,39,80,1,1,1
235,3,927,999,39,79,1,1,1
236,3,926,1000,39,78,1,1,1
237,3,926,1000,39,78,1,1,1
238,3,925,1001,39,77,1,1,1
239,3,925,1002,39,76,1,1,1
240,3,925,1003,39,76,1,1,1
241,3,924,1004,39,75,1,1,1
242,3,924,1005,39,74,1,1,1
243,3,924,1006,39,73,1,1,1
244,3,924,1007,39,72,1,1,1
245,3,924,1008,39,71,1,1,1
246,3,924,1009,39,70,1,1,1
247,3,924,1010,39,69,1,1,1
248,3,924,1011,39,68,1,1,1
249,3,924,1012,39,67,1,1,1
250,3,924,1013,39,66,1,1,1
251,3,924,1013,39,66,1,1,1
252,3,924,1014,39,65,1,1,1
253,3,924,1014,39,65,1,1,1
254,3,924,1015,39,64,1,1,1
255,3,924,1016,39,63,1,1,1
256,3,924,1016,39,63,1,1,1
257,3,924,1017,39,62,1,1,1
258,3,924,1017,39,62,1,1,1
259,3,924,1018,39,61,1,1,1
260,3,924,1019,39,60,1,1,1
261,3,924,1020,39,59,1,1,1
262,3,924,1021,39,58,1,1,1
263,3,924,1022,39,57,1,1,1
264,3,924,1023,39,56,1,1,1
265,3,924,1024,39,55,1,1,1
266,3,924,1025,39,54,1,1,1
267,3,924,1026,39,53,1,1,1
268,3,924,1027,39,52,1,1,1
269,3,924,1028,39,51,1,1,1
270,3,924,1030,39,49,1,1,1
271,3,923,1030,39,49,1,1,1
272,3,923,1031,39,48,1,1,1
273,3,923,1032,39,47,1,1,1
274,3,923,1032,39,47,1,1,1
275,3,923,1033,39,46,1,1,1
276,3,923,1034,39,45,1,1,1
277,3,923,1034,39,45,1,1,1
278,3,923,1035,39,44,1,1,1
279,3,923,1036,39,43,1,1,1
280,3,923,1037,39,42,1,1,1
281,3,922,1038,39,40,1,1,1
282,3,922,1039,39,39,1,1,1
283,3,922,1040,39,38,1,1,1
284,3,922,1041,39,37,1,1,1
285,3,922,1042,39,36,1,1,1
286,3,921,1043,39,35,1,1,1
287,3,921,1044,39,34,1,1,1
288,3,921,1045,39,33,1,1,1
289,3,921,1046,39,32,1,1,1
290,3,921,1048,39,30,1,1,1
291,3,921,1049,39,29,1,1,1
292,3,921,1050,39,28,1,1,1
293,3,921,1051,39,27,1,1,1
294,3,921,1052,39,26,1,1,1
295,3,922,1053,39,25,1,1,1
296,3,922,1054,39,24,1,1,1
297,3,922,1055,39,23,1,1,1
298,3,922,1056,39,22,1,1,1
299,3,922,1057,39,21,1,1,1
300,3,923,1058,39,20,1,1,1
301,3,922,1059,39,19,1,1,1
302,3,922,1060,39,18,1,1,1
303,3,921,1061,39,17,1,1,1
304,3,921,1062,39,16,1,1,1
305,3,921,1064,39,14,1,1,1
306,3,920,1065,39,13,1,1,1
307,3,920,1066,39,12,1,1,1
308,3,919,1067,39,11,1,1,1
309,3,919,1068,39,10,1,1,1
10,4,938,1001,50,76,1,1,1
11,4,938,1003,49,73,1,1,1
12,4,939,1005,48,71,1,1,1
13,4,939,1007,48,69,1,1,1
14,4,940,1009,47,67,1,1,1
15,4,940,1012,47,64,1,1,1
16,4,941,1014,45,62,1,1,1
17,4,941,1016,45,60,1,1,1
18,4,942,1018,44,58,1,1,1
19,4,942,1020,44,56,1,1,1
20,4,943,1023,43,53,1,1,1
21,4,943,1025,43,51,1,1,1
22,4,943,1027,43,49,1,1,1
23,4,943,1029,43,47,1,1,1
24,4,944,1032,43,44,1,1,1
25,4,944,1034,43,43,1,1,1
26,4,944,1036,43,41,1,1,1
27,4,945,1039,43,38,1,1,1
28,4,945,1041,43,36,1,1,1
29,4,945,1043,43,34,1,1,1
30,4,946,1046,43,32,1,1,1
31,4,946,1047,43,31,1,1,1
32,4,947,1049,43,29,1,1,1
33,4,948,1051,43,27,1,1,1
34,4,949,1052,43,26,1,1,1
35,4,950,1054,43,24,1,1,1
36,4,950,1056,43,22,1,1,1
37,4,951,1057,43,21,1,1,1
38,4,952,1059,43,19,1,1,1
39,4,953,1061,43,17,1,1,1
170,5,865,1001,39,78,1,1,1
171,5,864,1001,39,78,1,1,1
172,5,863,1001,39,78,1,1,1
173,5,862,1001,39,78,1,1,1
174,5,861,1002,39,77,1,1,1
175,5,861,1002,39,77,1,1,1
176,5,860,1002,39,77,1,1,1
177,5,859,1003,39,76,1,1,1
178,5,858,1003,39,76,1,1,1
179,5,857,1003,39,76,1,1,1
180,5,857,1004,39,75,1,1,1
181,5,856,1003,39,75,1,1,1
182,5,855,1003,39,75,1,1,1
183,5,854,1003,39,75,1,1,1
184,5,853,1003,39,75,1,1,1
185,5,852,1003,39,75,1,1,1
186,5,851,1002,39,75,1,1,1
187,5,850,1002,39,75,1,1,1
188,5,849,1002,39,75,1,1,1
189,5,848,1002,39,75,1,1,1
190,5,848,1002,39,75,1,1,1
191,5,847,1002,39,75,1,1,1
192,5,847,1002,39,75,1,1,1
193,5,846,1002,39,75,1,1,1
194,5,846,1002,39,75,1,1,1
195,5,845,1002,39,75,1,1,1
196,5,845,1002,39,75,1,1,1
197,5,844,1002,39,75,1,1,1
198,5,844,1002,39,75,1,1,1
199,5,843,1002,39,75,1,1,1
200,5,843,1002,39,75,1,1,1
201,5,842,1001,39,76,1,1,1
202,5,841,1001,39,76,1,1,1
203,5,841,1001,38,76,1,1,1
204,5,840,1001,39,76,1,1,1
205,5,840,1001,38,76,1,1,1
206,5,839,1000,38,77,1,1,1
207,5,838,1000,39,77,1,1,1
208,5,838,1000,38,77,1,1,1
209,5,837,1000,38,77,1,1,1
210,5,837,1000,38,78,1,1,1
211,5,836,999,38,78,1,1,1
212,5,835,998,38,79,1,1,1
213,5,835,997,37,80,1,1,1
214,5,834,997,38,80,1,1,1
215,5,834,996,37,81,1,1,1
216,5,833,995,37,81,1,1,1
217,5,832,995,38,81,1,1,1
218,5,832,994,37,82,1,1,1
219,5,831,993,37,83,1,1,1
220,5,831,993,37,83,1,1,1
221,5,830,991,37,83,1,1,1
222,5,829,990,37,83,1,1,1
223,5,829,989,37,83,1,1,1
224,5,828,988,37,83,1,1,1
225,5,828,987,37,83,1,1,1
226,5,827,985,37,83,1,1,1
227,5,826,984,37,83,1,1,1
228,5,826,983,37,83,1,1,1
229,5,825,982,37,83,1,1,1
30,7,742,992,52,87,1,1,1
31,7,742,997,52,81,1,1,1
32,7,742,1003,52,75,1,1,1
33,7,742,1009,52,69,1,1,1
34,7,742,1015,52,63,1,1,1
35,7,742,1021,52,57,1,1,1
36,7,742,1027,52,51,1,1,1
37,7,742,1033,52,45,1,1,1
38,7,742,1039,52,39,1,1,1
39,7,742,1045,52,33,1,1,1
489,9,919,942,41,86,1,1,1
220,10,938,616,31,54,1,1,1
221,10,937,615,31,54,1,1,1
222,10,937,614,31,54,1,1,1
223,10,936,613,31,54,1,1,1
224,10,936,612,31,54,1,1,1
225,10,936,611,31,54,1,1,1
226,10,935,610,31,54,1,1,1
227,10,935,609,31,54,1,1,1
228,10,934,608,31,54,1,1,1
229,10,934,607,31,54,1,1,1
230,10,934,607,31,54,1,1,1
231,10,934,606,31,54,1,1,1
232,10,934,605,31,54,1,1,1
233,10,934,604,31,54,1,1,1
234,10,934,604,31,54,1,1,1
235,10,934,603,31,54,1,1,1
236,10,934,602,31,54,1,1,1
237,10,934,602,31,54,1,1,1
238,10,934,601,31,54,1,1,1
239,10,934,600,31,54,1,1,1
240,10,934,600,31,54,1,1,1
241,10,933,599,31,54,1,1,1
242,10,933,598,31,54,1,1,1
243,10,932,597,31,54,1,1,1
244,10,932,596,31,54,1,1,1
245,10,932,595,31,54,1,1,1
246,10,931,594,31,54,1,1,1
247,10,931,593,31,54,1,1,1
248,10,930,592,31,54,1,1,1
249,10,930,591,31,54,1,1,1
250,10,930,591,31,54,1,1,1
251,10,929,590,31,54,1,1,1
252,10,929,589,31,54,1,1,1
253,10,929,588,31,54,1,1,1
254,10,929,587,31,54,1,1,1
255,10,929,586,31,54,1,1,1
256,10,929,585,31,54,1,1,1
257,10,929,584,31,54,1,1,1
258,10,929,583,31,54,1,1,1
259,10,929,582,31,54,1,1,1
260,10,929,581,31,54,1,1,1
261,10,928,580,31,54,1,1,1
262,10,928,579,31,54,1,1,1
263,10,928,578,31,54,1,1,1
264,10,928,577,31,54,1,1,1
265,10,928,577,31,54,1,1,1
266,10,927,576,31,54,1,1,1
267,10,927,575,31,54,1,1,1
268,10,927,574,31,54,1,1,1
269,10,927,573,31,54,1,1,1
270,10,927,573,31,54,1,1,1
271,10,926,571,31,54,1,1,1
272,10,926,570,31,54,1,1,1
273,10,926,569,31,54,1,1,1
274,10,925,568,31,54,1,1,1
275,10,925,567,31,54,1,1,1
276,10,925,566,31,54,1,1,1
277,10,924,565,31,54,1,1,1
278,10,924,564,31,54,1,1,1
279,10,924,563,31,54,1,1,1
280,10,924,562,31,54,1,1,1
281,10,924,560,31,54,1,1,1
282,10,924,559,31,54,1,1,1
283,10,924,558,31,54,1,1,1
284,10,924,557,31,54,1,1,1
285,10,924,556,31,54,1,1,1
286,10,924,555,31,54,1,1,1
287,10,924,554,31,54,1,1,1
288,10,924,553,31,54,1,1,1
289,10,924,552,31,54,1,1,1
290,10,924,551,31,54,1,1,1
291,10,923,550,31,54,1,1,1
292,10,923,549,31,54,1,1,1
293,10,923,548,31,54,1,1,1
294,10,923,547,31,54,1,1,1
295,10,923,546,31,54,1,1,1
296,10,923,545,31,54,1,1,1
297,10,923,544,31,54,1,1,1
298,10,923,543,31,54,1,1,1
299,10,923,542,31,54,1,1,1
300,10,923,542,31,54,1,1,1
301,10,922,541,31,53,1,1,1
302,10,922,540,31,53,1,1,1
303,10,922,539,31,52,1,1,1
304,10,922,538,31,52,1,1,1
305,10,922,538,31,50,1,1,1
306,10,922,537,30,50,1,1,1
307,10,922,536,30,49,1,1,1
308,10,922,535,30,49,1,1,1
309,10,922,534,30,48,1,1,1
310,10,922,534,30,47,1,1,1
311,10,921,532,30,47,1,1,1
312,10,921,531,30,47,1,1,1
313,10,921,530,30,47,1,1,1
314,10,921,528,30,47,1,1,1
315,10,921,527,30,47,1,1,1
316,10,920,526,30,47,1,1,1
317,10,920,524,30,47,1,1,1
318,10,920,523,30,47,1,1,1
319,10,920,522,30,47,1,1,1
340,10,918,497,30,47,1,1,1
341,10,917,495,30,47,1,1,1
342,10,917,494,30,47,1,1,1
343,10,917,493,30,47,1,1,1
344,10,917,491,30,47,1,1,1
345,10,917,490,30,47,1,1,1
346,10,917,489,30,47,1,1,1
347,10,917,487,30,47,1,1,1
348,10,917,486,30,47,1,1,1
349,10,917,485,30,47,1,1,1
350,10,917,484,30,47,1,1,1
351,10,917,482,30,47,1,1,1
352,10,917,481,30,47,1,1,1
353,10,917,480,30,47,1,1,1
354,10,917,479,30,47,1,1,1
355,10,917,478,30,47,1,1,1
356,10,917,476,30,47,1,1,1
357,10,917,475,30,47,1,1,1
358,10,917,474,30,47,1,1,1
359,10,917,473,30,47,1,1,1
360,10,918,472,30,47,1,1,1
361,10,918,470,30,47,1,1,1
362,10,918,469,30,47,1,1,1
363,10,918,467,30,47,1,1,1
364,10,918,466,30,47,1,1,1
365,10,918,464,30,47,1,1,1
366,10,918,463,30,47,1,1,1
367,10,918,461,30,47,1,1,1
368,10,918,460,30,47,1,1,1
369,10,918,458,30,47,1,1,1
370,10,918,457,30,47,1,1,1
371,10,918,456,30,46,1,1,1
372,10,918,455,30,46,1,1,1
373,10,919,454,29,45,1,1,1
374,10,919,454,30,44,1,1,1
375,10,920,453,29,44,1,1,1
376,10,920,452,29,43,1,1,1
377,10,920,452,30,42,1,1,1
378,10,921,451,29,41,1,1,1
379,10,921,450,29,41,1,1,1
380,10,922,450,29,40,1,1,1
381,10,922,449,29,40,1,1,1
382,10,923,448,29,40,1,1,1
383,10,923,447,29,40,1,1,1
384,10,924,446,29,40,1,1,1
385,10,924,445,29,40,1,1,1
386,10,925,444,29,40,1,1,1
387,10,925,443,29,40,1,1,1
388,10,926,442,29,40,1,1,1
389,10,926,441,29,40,1,1,1
390,10,927,440,29,40,1,1,1
391,10,927,439,29,40,1,1,1
392,10,927,438,29,40,1,1,1
393,10,927,437,29,40,1,1,1
394,10,927,436,29,40,1,1,1
395,10,928,435,29,40,1,1,1
396,10,928,434,29,40,1,1,1
397,10,928,433,29,40,1,1,1
398,10,928,432,29,40,1,1,1
399,10,928,431,29,40,1,1,1
400,10,929,430,29,40,1,1,1
401,10,929,429,29,40,1,1,1
402,10,929,428,29,40,1,1,1
403,10,929,427,29,40,1,1,1
404,10,929,426,29,40,1,1,1
405,10,930,426,29,40,1,1,1
406,10,930,425,29,40,1,1,1
407,10,930,424,29,40,1,1,1
408,10,930,423,29,40,1,1,1
409,10,930,422,29,40,1,1,1
410,10,931,422,29,40,1,1,1
411,10,931,421,29,40,1,1,1
412,10,931,420,29,40,1,1,1
413,10,931,420,29,40,1,1,1
414,10,931,419,29,40,1,1,1
415,10,931,419,29,40,1,1,1
416,10,931,418,29,40,1,1,1
417,10,931,417,29,40,1,1,1
418,10,931,417,29,40,1,1,1
419,10,931,416,29,40,1,1,1
420,10,931,416,29,40,1,1,1
421,10,931,415,29,40,1,1,1
422,10,931,414,29,40,1,1,1
423,10,931,414,29,40,1,1,1
424,10,931,413,29,40,1,1,1
425,10,931,413,29,40,1,1,1
426,10,931,412,29,40,1,1,1
427,10,931,411,29,40,1,1,1
428,10,931,411,29,40,1,1,1
429,10,931,410,29,40,1,1,1
430,10,932,410,29,40,1,1,1
431,10,932,410,29,40,1,1,1
432,10,932,410,29,40,1,1,1
433,10,932,410,29,40,1,1,1
434,10,932,410,29,40,1,1,1
435,10,932,410,29,40,1,1,1
436,10,932,410,29,40,1,1,1
437,10,932,410,29,40,1,1,1
438,10,932,410,29,40,1,1,1
439,10,932,410,29,40,1,1,1
470,10,939,417,29,40,1,1,1
471,10,939,417,29,40,1,1,1
472,10,939,417,29,40,1,1,1
473,10,940,417,29,40,1,1,1
474,10,940,417,29,40,1,1,1
475,10,941,417,29,40,1,1,1
476,10,941,417,29,40,1,1,1
477,10,941,417,29,40,1,1,1
478,10,942,417,29,40,1,1,1
479,10,942,417,29,40,1,1,1
480,10,943,417,29,40,1,1,1
481,10,943,418,29,40,1,1,1
482,10,943,419,29,40,1,1,1
483,10,944,421,29,40,1,1,1
484,10,944,422,29,40,1,1,1
485,10,945,424,29,40,1,1,1
486,10,945,425,29,40,1,1,1
487,10,946,427,29,40,1,1,1
488,10,946,428,29,40,1,1,1
489,10,947,430,29,40,1,1,1
440,11,909,716,35,67,1,1,1
441,11,909,716,35,67,1,1,1
442,11,909,717,35,67,1,1,1
443,11,910,718,35,67,1,1,1
444,11,910,719,35,67,1,1,1
445,11,911,720,35,67,1,1,1
446,11,911,720,35,67,1,1,1
447,11,911,721,35,67,1,1,1
448,11,912,722,35,67,1,1,1
449,11,912,723,35,67,1,1,1
450,11,913,724,35,67,1,1,1
451,11,913,724,35,67,1,1,1
452,11,913,724,35,67,1,1,1
453,11,913,724,35,67,1,1,1
454,11,913,724,35,67,1,1,1
455,11,913,724,35,67,1,1,1
456,11,913,724,35,67,1,1,1
457,11,913,724,35,67,1,1,1
458,11,913,724,35,67,1,1,1
459,11,913,724,35,67,1,1,1
460,11,913,724,35,67,1,1,1
461,11,913,724,35,67,1,1,1
462,11,913,724,35,67,1,1,1
463,11,913,724,35,67,1,1,1
464,11,913,724,35,67,1,1,1
465,11,913,724,35,67,1,1,1
466,11,913,724,35,67,1,1,1
467,11,913,724,35,67,1,1,1
468,11,913,724,35,67,1,1,1
469,11,913,724,35,67,1,1,1
160,13,932,380,27,35,1,1,1
161,13,932,378,27,35,1,1,1
162,13,932,377,27,35,1,1,1
163,13,932,376,27,35,1,1,1
164,13,932,375,27,35,1,1,1
165,13,932,374,27,35,1,1,1
166,13,932,373,27,35,1,1,1
167,13,932,372,27,35,1,1,1
168,13,932,371,27,35,1,1,1
169,13,932,370,27,35,1,1,1
170,13,933,369,27,35,1,1,1
171,13,932,368,27,35,1,1,1
172,13,932,368,26,34,1,1,1
173,13,932,367,26,34,1,1,1
174,13,932,367,25,33,1,1,1
175,13,932,367,25,33,1,1,1
176,13,931,366,25,33,1,1,1
177,13,931,366,24,32,1,1,1
178,13,931,365,24,32,1,1,1
179,13,931,365,23,31,1,1,1
180,13,931,365,23,31,1,1,1
181,13,931,364,23,31,1,1,1
182,13,931,364,23,31,1,1,1
183,13,931,364,23,31,1,1,1
184,13,931,363,23,31,1,1,1
185,13,931,363,23,31,1,1,1
186,13,931,363,23,31,1,1,1
187,13,931,362,23,31,1,1,1
188,13,931,362,23,31,1,1,1
189,13,931,362,23,31,1,1,1
190,13,931,362,23,31,1,1,1
191,13,930,360,23,31,1,1,1
192,13,930,359,23,31,1,1,1
193,13,930,358,23,31,1,1,1
194,13,930,357,23,31,1,1,1
195,13,930,356,23,31,1,1,1
196,13,929,355,23,31,1,1,1
197,13,929,354,23,31,1,1,1
198,13,929,353,23,31,1,1,1
199,13,929,352,23,31,1,1,1
200,13,929,351,23,31,1,1,1
201,13,928,350,23,31,1,1,1
202,13,928,349,23,31,1,1,1
203,13,928,348,23,31,1,1,1
204,13,928,347,23,31,1,1,1
205,13,928,347,23,31,1,1,1
206,13,928,346,23,31,1,1,1
207,13,928,345,23,31,1,1,1
208,13,928,344,23,31,1,1,1
209,13,928,343,23,31,1,1,1
210,13,928,343,23,31,1,1,1
211,13,928,342,23,31,1,1,1
212,13,928,342,23,31,1,1,1
213,13,928,341,23,31,1,1,1
214,13,928,341,23,31,1,1,1
215,13,928,340,23,31,1,1,1
216,13,928,340,23,31,1,1,1
217,13,928,339,23,31,1,1,1
218,13,928,339,23,31,1,1,1
219,13,928,338,23,31,1,1,1
220,13,928,338,23,31,1,1,1
221,13,927,337,23,31,1,1,1
222,13,927,336,23,31,1,1,1
223,13,927,335,23,31,1,1,1
224,13,927,334,23,31,1,1,1
225,13,927,334,23,31,1,1,1
226,13,926,333,23,31,1,1,1
227,13,926,332,23,31,1,1,1
228,13,926,331,23,31,1,1,1
229,13,926,330,23,31,1,1,1
230,13,926,330,23,31,1,1,1
231,13,925,328,23,31,1,1,1
232,13,925,327,23,31,1,1,1
233,13,924,326,23,31,1,1,1
234,13,924,325,23,31,1,1,1
235,13,924,324,23,31,1,1,1
236,13,923,323,23,31,1,1,1
237,13,923,322,23,31,1,1,1
238,13,922,321,23,31,1,1,1
239,13,922,320,23,31,1,1,1
240,13,922,319,23,31,1,1,1
241,13,922,318,23,31,1,1,1
242,13,922,318,23,31,1,1,1
243,13,922,317,23,31,1,1,1
244,13,922,317,23,31,1,1,1
245,13,922,317,23,31,1,1,1
246,13,922,316,23,31,1,1,1
247,13,922,316,23,31,1,1,1
248,13,922,315,23,31,1,1,1
249,13,922,315,23,31,1,1,1
250,13,923,315,23,31,1,1,1
251,13,922,314,23,31,1,1,1
252,13,922,313,23,31,1,1,1
253,13,922,312,23,31,1,1,1
254,13,922,311,23,31,1,1,1
255,13,922,311,23,31,1,1,1
256,13,922,310,23,31,1,1,1
257,13,922,309,23,31,1,1,1
258,13,922,308,23,31,1,1,1
259,13,922,307,23,31,1,1,1
260,13,922,307,23,31,1,1,1
261,13,921,306,23,31,1,1,1
262,13,921,305,23,31,1,1,1
263,13,921,304,23,31,1,1,1
264,13,921,303,23,31,1,1,1
265,13,921,303,23,31,1,1,1
266,13,921,302,23,31,1,1,1
267,13,921,301,23,31,1,1,1
268,13,921,300,23,31,1,1,1
269,13,921,299,23,31,1,1,1
270,13,921,299,23,31,1,1,1
271,13,920,298,23,31,1,1,1
272,13,920,297,23,31,1,1,1
273,13,920,297,23,31,1,1,1
274,13,920,296,23,31,1,1,1
275,13,920,296,23,31,1,1,1
276,13,919,295,23,31,1,1,1
277,13,919,294,23,31,1,1,1
278,13,919,294,23,31,1,1,1
279,13,919,293,23,31,1,1,1
280,13,919,293,23,31,1,1,1
281,13,918,292,23,31,1,1,1
282,13,918,292,23,31,1,1,1
283,13,918,291,23,31,1,1,1
284,13,917,291,23,31,1,1,1
285,13,917,290,23,31,1,1,1
286,13,917,290,23,31,1,1,1
287,13,916,289,23,31,1,1,1
288,13,916,289,23,31,1,1,1
289,13,916,288,23,31,1,1,1
290,13,916,288,23,31,1,1,1
291,13,915,288,23,31,1,1,1
292,13,915,288,23,31,1,1,1
293,13,915,288,23,31,1,1,1
294,13,915,288,23,31,1,1,1
295,13,915,288,23,31,1,1,1
296,13,914,288,23,31,1,1,1
297,13,914,288,23,31,1,1,1
298,13,914,288,23,31,1,1,1
299,13,914,288,23,31,1,1,1
300,13,914,288,23,31,1,1,1
301,13,913,286,23,31,1,1,1
302,13,913,285,23,31,1,1,1
303,13,913,283,23,31,1,1,1
304,13,913,282,23,31,1,1,1
305,13,913,281,23,31,1,1,1
306,13,913,279,23,31,1,1,1
307,13,913,278,23,31,1,1,1
308,13,913,276,23,31,1,1,1
309,13,913,275,23,31,1,1,1
310,13,913,274,23,31,1,1,1
311,13,913,273,23,31,1,1,1
312,13,913,272,23,31,1,1,1
313,13,913,272,23,31,1,1,1
314,13,913,271,23,31,1,1,1
315,13,913,271,23,31,1,1,1
316,13,913,270,23,31,1,1,1
317,13,913,269,23,31,1,1,1
318,13,913,269,23,31,1,1,1
319,13,913,268,23,31,1,1,1
320,13,914,268,23,31,1,1,1
321,13,914,267,23,31,1,1,1
322,13,914,267,23,31,1,1,1
323,13,914,266,23,31,1,1,1
324,13,915,266,23,31,1,1,1
325,13,915,265,23,31,1,1,1
326,13,915,265,23,31,1,1,1
327,13,916,264,23,31,1,1,1
328,13,916,264,23,31,1,1,1
329,13,916,263,23,31,1,1,1
330,13,917,263,23,31,1,1,1
331,13,916,261,23,31,1,1,1
332,13,916,260,23,31,1,1,1
333,13,916,259,23,31,1,1,1
334,13,915,258,23,31,1,1,1
335,13,915,257,23,31,1,1,1
336,13,915,255,23,31,1,1,1
337,13,914,254,23,31,1,1,1
338,13,914,253,23,31,1,1,1
339,13,914,252,23,31,1,1,1
340,13,914,251,23,31,1,1,1
341,13,914,250,23,31,1,1,1
342,13,914,250,23,31,1,1,1
343,13,914,249,23,31,1,1,1
344,13,914,249,23,31,1,1,1
345,13,914,249,23,31,1,1,1
346,13,914,248,23,31,1,1,1
347,13,914,248,23,31,1,1,1
348,13,914,247,23,31,1,1,1
349,13,914,247,23,31,1,1,1
350,13,914,247,23,31,1,1,1
351,13,914,246,23,31,1,1,1
352,13,914,245,23,31,1,1,1
353,13,914,244,23,31,1,1,1
354,13,914,243,23,31,1,1,1
355,13,915,243,23,31,1,1,1
356,13,915,242,23,31,1,1,1
357,13,915,241,23,31,1,1,1
358,13,915,240,23,31,1,1,1
359,13,915,239,23,31,1,1,1
360,13,916,239,23,31,1,1,1
361,13,916,238,23,31,1,1,1
362,13,916,237,23,31,1,1,1
363,13,916,237,23,31,1,1,1
364,13,916,236,23,31,1,1,1
365,13,916,236,23,31,1,1,1
366,13,916,235,23,31,1,1,1
367,13,916,234,23,31,1,1,1
368,13,916,234,23,31,1,1,1
369,13,916,233,23,31,1,1,1
370,13,916,233,23,31,1,1,1
371,13,916,232,23,31,1,1,1
372,13,916,232,23,30,1,1,1
373,13,916,232,23,29,1,1,1
374,13,916,232,23,29,1,1,1
375,13,916,232,23,28,1,1,1
376,13,916,231,23,28,1,1,1
377,13,916,231,23,28,1,1,1
378,13,916,231,23,27,1,1,1
379,13,916,231,23,26,1,1,1
380,13,917,231,22,26,1,1,1
381,13,917,230,22,26,1,1,1
382,13,918,229,22,26,1,1,1
383,13,918,228,22,26,1,1,1
384,13,919,228,22,26,1,1,1
385,13,919,227,22,26,1,1,1
386,13,920,226,22,26,1,1,1
387,13,920,226,22,26,1,1,1
388,13,921,225,22,26,1,1,1
389,13,921,224,22,26,1,1,1
390,13,922,224,22,26,1,1,1
391,13,922,223,22,26,1,1,1
392,13,922,223,22,26,1,1,1
393,13,922,223,22,26,1,1,1
394,13,922,222,22,26,1,1,1
395,13,923,222,22,26,1,1,1
396,13,923,222,22,26,1,1,1
397,13,923,221,22,26,1,1,1
398,13,923,221,22,26,1,1,1
399,13,923,221,22,26,1,1,1
400,13,924,221,22,26,1,1,1
401,13,924,220,22,26,1,1,1
402,13,924,220,22,26,1,1,1
403,13,924,220,22,26,1,1,1
404,13,924,219,22,26,1,1,1
405,13,925,219,22,26,1,1,1
406,13,925,219,22,26,1,1,1
407,13,925,218,22,26,1,1,1
408,13,925,218,22,26,1,1,1
409,13,925,218,22,26,1,1,1
410,13,926,218,22,26,1,1,1
411,13,926,217,22,26,1,1,1
412,13,926,217,22,26,1,1,1
413,13,926,216,22,26,1,1,1
414,13,926,216,22,26,1,1,1
415,13,926,215,22,26,1,1,1
416,13,926,215,22,26,1,1,1
417,13,926,214,22,26,1,1,1
418,13,926,214,22,26,1,1,1
419,13,926,213,22,26,1,1,1
489,13,921,184,22,26,1,1,1
280,14,891,225,22,32,1,1,1
281,14,890,224,22,32,1,1,1
282,14,890,224,22,32,1,1,1
283,14,890,223,22,32,1,1,1
284,14,890,223,22,32,1,1,1
285,14,890,223,22,32,1,1,1
286,14,889,222,22,32,1,1,1
287,14,889,222,22,32,1,1,1
288,14,889,221,22,32,1,1,1
289,14,889,221,22,32,1,1,1
290,14,889,221,22,32,1,1,1
291,14,889,220,22,32,1,1,1
292,14,889,220,22,31,1,1,1
293,14,889,220,22,31,1,1,1
294,14,889,219,22,31,1,1,1
295,14,889,219,22,31,1,1,1
296,14,889,219,22,30,1,1,1
297,14,889,218,22,30,1,1,1
298,14,889,218,22,30,1,1,1
299,14,889,218,22,29,1,1,1
120,15,938,264,22,30,1,1,1
121,15,937,263,22,30,1,1,1
122,15,937,263,22,30,1,1,1
123,15,937,263,22,30,1,1,1
124,15,937,263,22,30,1,1,1
125,15,937,263,22,30,1,1,1
126,15,936,262,22,30,1,1,1
127,15,936,262,22,30,1,1,1
128,15,936,262,22,30,1,1,1
129,15,936,262,22,30,1,1,1
130,15,936,262,22,30,1,1,1
131,15,935,261,22,30,1,1,1
132,15,935,261,22,30,1,1,1
133,15,935,261,22,30,1,1,1
134,15,935,261,22,30,1,1,1
135,15,935,261,22,30,1,1,1
136,15,935,260,22,30,1,1,1
137,15,935,260,22,30,1,1,1
138,15,935,260,22,30,1,1,1
139,15,935,260,22,30,1,1,1
140,15,935,260,22,30,1,1,1
141,15,935,259,22,30,1,1,1
142,15,935,258,22,30,1,1,1
143,15,935,258,22,30,1,1,1
144,15,935,257,22,30,1,1,1
145,15,935,257,22,30,1,1,1
146,15,935,256,22,30,1,1,1
147,15,935,255,22,30,1,1,1
148,15,935,255,22,30,1,1,1
149,15,935,254,22,30,1,1,1
150,15,935,254,22,30,1,1,1
151,15,934,253,22,30,1,1,1
152,15,934,253,22,30,1,1,1
153,15,934,253,22,30,1,1,1
154,15,934,252,22,30,1,1,1
155,15,934,252,22,30,1,1,1
156,15,933,252,22,30,1,1,1
157,15,933,251,22,30,1,1,1
158,15,933,251,22,30,1,1,1
159,15,933,251,22,30,1,1,1
240,15,921,216,22,30,1,1,1
241,15,920,215,22,30,1,1,1
242,15,920,215,22,30,1,1,1
243,15,920,214,22,30,1,1,1
244,15,920,214,22,30,1,1,1
245,15,920,213,22,30,1,1,1
246,15,920,213,22,30,1,1,1
247,15,920,212,22,30,1,1,1
248,15,920,212,22,30,1,1,1
249,15,920,211,22,30,1,1,1
250,15,920,211,22,30,1,1,1
251,15,919,210,22,30,1,1,1
252,15,919,210,22,30,1,1,1
253,15,919,210,22,30,1,1,1
254,15,919,210,22,30,1,1,1
255,15,919,210,22,30,1,1,1
256,15,918,209,22,30,1,1,1
257,15,918,209,22,30,1,1,1
258,15,918,209,22,30,1,1,1
259,15,918,209,22,30,1,1,1
260,15,918,209,22,30,1,1,1
261,15,917,208,22,30,1,1,1
262,15,917,208,22,30,1,1,1
263,15,917,207,22,30,1,1,1
264,15,916,207,22,30,1,1,1
265,15,916,206,22,30,1,1,1
266,15,916,206,22,30,1,1,1
267,15,915,205,22,30,1,1,1
268,15,915,205,22,30,1,1,1
269,15,915,204,22,30,1,1,1
270,15,915,204,22,30,1,1,1
271,15,915,204,22,30,1,1,1
272,15,915,204,22,30,1,1,1
273,15,915,204,22,30,1,1,1
274,15,915,204,22,30,1,1,1
275,15,915,204,22,30,1,1,1
276,15,915,204,22,30,1,1,1
277,15,915,204,22,30,1,1,1
278,15,915,204,22,30,1,1,1
279,15,915,204,22,30,1,1,1
280,15,916,205,22,30,1,1,1
281,15,916,204,22,30,1,1,1
282,15,916,204,22,30,1,1,1
283,15,916,204,22,30,1,1,1
284,15,916,203,22,30,1,1,1
285,15,917,203,22,30,1,1,1
286,15,917,203,22,30,1,1,1
287,15,917,202,22,30,1,1,1
288,15,917,202,22,30,1,1,1
289,15,917,202,22,30,1,1,1
290,15,918,202,22,30,1,1,1
291,15,917,201,22,30,1,1,1
292,15,917,201,22,30,1,1,1
293,15,917,201,22,30,1,1,1
294,15,917,201,22,29,1,1,1
295,15,917,201,22,29,1,1,1
296,15,916,200,22,30,1,1,1
297,15,916,200,22,29,1,1,1
298,15,916,200,22,29,1,1,1
299,15,916,200,22,29,1,1,1
300,15,916,200,22,29,1,1,1
301,15,915,199,22,29,1,1,1
302,15,915,199,22,29,1,1,1
303,15,915,199,22,29,1,1,1
304,15,915,199,22,29,1,1,1
305,15,915,199,22,29,1,1,1
306,15,914,198,22,29,1,1,1
307,15,914,198,22,29,1,1,1
308,15,914,198,22,29,1,1,1
309,15,914,198,22,29,1,1,1
310,15,914,198,22,29,1,1,1
311,15,913,197,22,29,1,1,1
312,15,913,197,22,29,1,1,1
313,15,913,196,22,29,1,1,1
314,15,913,196,22,29,1,1,1
315,15,913,195,22,29,1,1,1
316,15,913,195,22,29,1,1,1
317,15,913,194,22,29,1,1,1
318,15,913,194,22,29,1,1,1
319,15,913,193,22,29,1,1,1
320,15,913,193,22,29,1,1,1
321,15,913,192,22,29,1,1,1
322,15,913,192,22,29,1,1,1
323,15,913,192,22,29,1,1,1
324,15,913,191,22,29,1,1,1
325,15,913,191,22,29,1,1,1
326,15,913,191,22,29,1,1,1
327,15,913,190,22,29,1,1,1
328,15,913,190,22,29,1,1,1
329,15,913,190,22,29,1,1,1
330,15,913,190,22,29,1,1,1
331,15,912,189,22,29,1,1,1
332,15,912,189,22,29,1,1,1
333,15,912,188,22,29,1,1,1
334,15,912,188,22,29,1,1,1
335,15,912,188,22,29,1,1,1
336,15,912,187,22,29,1,1,1
337,15,912,187,22,29,1,1,1
338,15,912,186,22,29,1,1,1
339,15,912,186,22,29,1,1,1
340,15,912,186,22,29,1,1,1
341,15,911,185,22,29,1,1,1
342,15,911,184,22,29,1,1,1
343,15,911,184,22,29,1,1,1
344,15,911,183,22,29,1,1,1
345,15,911,183,22,29,1,1,1
346,15,911,182,22,29,1,1,1
347,15,911,181,22,29,1,1,1
348,15,911,181,22,29,1,1,1
349,15,911,180,22,29,1,1,1
350,15,911,180,22,29,1,1,1
351,15,911,179,22,29,1,1,1
352,15,911,179,22,29,1,1,1
353,15,911,179,22,29,1,1,1
354,15,911,179,22,29,1,1,1
355,15,911,179,22,29,1,1,1
356,15,911,178,22,29,1,1,1
357,15,911,178,22,29,1,1,1
358,15,911,178,22,29,1,1,1
359,15,911,178,22,29,1,1,1
360,15,912,178,22,29,1,1,1
361,15,912,177,22,29,1,1,1
362,15,912,177,22,29,1,1,1
363,15,912,177,22,29,1,1,1
364,15,912,176,22,29,1,1,1
365,15,912,176,22,29,1,1,1
366,15,912,176,22,29,1,1,1
367,15,912,175,22,29,1,1,1
368,15,912,175,22,29,1,1,1
369,15,912,175,22,29,1,1,1
370,15,912,175,22,29,1,1,1
371,15,912,174,22,29,1,1,1
372,15,913,174,21,29,1,1,1
373,15,913,174,22,28,1,1,1
374,15,914,173,21,29,1,1,1
375,15,914,173,22,28,1,1,1
376,15,915,173,21,28,1,1,1
377,15,915,172,21,28,1,1,1
378,15,916,172,21,28,1,1,1
379,15,916,172,21,27,1,1,1
470,15,928,137,20,24,1,1,1
471,15,927,137,20,24,1,1,1
472,15,927,137,20,24,1,1,1
473,15,927,137,20,24,1,1,1
474,15,927,137,20,24,1,1,1
475,15,927,138,20,24,1,1,1
476,15,926,138,20,24,1,1,1
477,15,926,138,20,24,1,1,1
478,15,926,138,20,24,1,1,1
479,15,926,138,20,24,1,1,1
480,15,926,139,20,24,1,1,1
481,15,926,138,20,24,1,1,1
482,15,926,138,20,24,1,1,1
483,15,926,137,20,24,1,1,1
484,15,926,137,20,24,1,1,1
485,15,926,136,20,24,1,1,1
486,15,926,136,20,24,1,1,1
487,15,926,135,20,24,1,1,1
488,15,926,135,20,24,1,1,1
489,15,926,135,20,24,1,1,1
0,16,1175,610,73,44,1,1,1
1,16,1179,612,73,44,1,1,1
2,16,1184,615,73,44,1,1,1
3,16,1188,618,73,44,1,1,1
4,16,1193,620,73,44,1,1,1
5,16,1198,623,73,44,1,1,1
6,16,1202,626,73,44,1,1,1
7,16,1207,628,73,44,1,1,1
8,16,1211,631,73,44,1,1,1
9,16,1216,634,73,44,1,1,1
10,16,1221,637,73,44,1,1,1
11,16,1225,639,74,44,1,1,1
12,16,1230,642,75,44,1,1,1
13,16,1235,645,75,43,1,1,1
14,16,1240,647,76,44,1,1,1
15,16,1245,650,76,44,1,1,1
16,16,1250,653,77,43,1,1,1
17,16,1255,655,77,44,1,1,1
18,16,1260,658,78,43,1,1,1
19,16,1265,661,78,43,1,1,1
60,16,1547,816,93,42,1,1,1
61,16,1555,820,94,42,1,1,1
62,16,1564,825,95,42,1,1,1
63,16,1572,830,97,42,1,1,1
64,16,1581,835,97,41,1,1,1
65,16,1589,840,99,41,1,1,1
66,16,1598,844,100,42,1,1,1
67,16,1606,849,101,41,1,1,1
68,16,1615,854,102,41,1,1,1
69,16,1623,859,104,41,1,1,1
70,16,1632,864,105,41,1,1,1
71,16,1641,869,105,41,1,1,1
72,16,1651,874,105,41,1,1,1
73,16,1661,879,105,41,1,1,1
74,16,1671,884,105,41,1,1,1
75,16,1681,890,105,41,1,1,1
76,16,1691,895,105,41,1,1,1
77,16,1701,900,105,41,1,1,1
78,16,1711,905,105,41,1,1,1
79,16,1721,910,105,41,1,1,1
80,16,1731,916,105,41,1,1,1
81,16,1742,921,102,41,1,1,1
82,16,1754,927,98,41,1,1,1
83,16,1765,933,95,41,1,1,1
84,16,1777,939,91,41,1,1,1
85,16,1788,945,89,41,1,1,1
86,16,1800,951,85,41,1,1,1
87,16,1811,957,82,41,1,1,1
88,16,1823,963,78,41,1,1,1
89,16,1834,969,75,41,1,1,1
0,18,1390,848,49,72,1,1,1
1,18,1391,852,50,72,1,1,1
2,18,1392,856,51,73,1,1,1
3,18,1394,860,51,74,1,1,1
4,18,1395,865,52,74,1,1,1
5,18,1397,869,52,75,1,1,1
6,18,1398,873,53,76,1,1,1
7,18,1399,878,54,76,1,1,1
8,18,1401,882,54,77,1,1,1
9,18,1402,886,55,78,1,1,1
10,18,1404,891,56,78,1,1,1
11,18,1405,896,57,78,1,1,1
12,18,1407,901,57,79,1,1,1
13,18,1409,907,57,78,1,1,1
14,18,1411,912,57,79,1,1,1
15,18,1413,918,58,78,1,1,1
16,18,1415,923,58,79,1,1,1
17,18,1417,928,58,79,1,1,1
18,18,1419,934,58,79,1,1,1
19,18,1421,939,58,79,1,1,1
30,18,1445,1000,59,76,1,1,1
31,18,1447,1005,59,71,1,1,1
32,18,1449,1011,59,65,1,1,1
33,18,1451,1017,59,59,1,1,1
34,18,1453,1022,59,55,1,1,1
35,18,1455,1028,59,49,1,1,1
36,18,1457,1034,59,43,1,1,1
37,18,1459,1039,59,39,1,1,1
38,18,1461,1045,59,33,1,1,1
39,18,1463,1051,59,27,1,1,1
200,34,903,114,19,24,1,1,1
201,34,902,113,19,24,1,1,1
202,34,902,113,19,24,1,1,1
203,34,902,112,19,24,1,1,1
204,34,902,112,19,24,1,1,1
205,34,902,112,19,24,1,1,1
206,34,902,111,19,24,1,1,1
207,34,902,111,19,24,1,1,1
208,34,902,111,19,24,1,1,1
209,34,902,110,19,24,1,1,1
210,34,902,110,19,24,1,1,1
211,34,901,110,19,24,1,1,1
212,34,901,109,19,24,1,1,1
213,34,901,109,19,24,1,1,1
214,34,901,109,19,24,1,1,1
215,34,901,108,19,24,1,1,1
216,34,901,108,19,24,1,1,1
217,34,901,108,19,24,1,1,1
218,34,901,107,19,24,1,1,1
219,34,901,107,19,24,1,1,1
380,34,897,41,17,19,1,1,1
381,34,897,40,17,19,1,1,1
382,34,897,39,17,19,1,1,1
383,34,897,38,17,19,1,1,1
384,34,897,38,17,19,1,1,1
385,34,898,37,17,19,1,1,1
386,34,898,36,17,19,1,1,1
387,34,898,36,17,19,1,1,1
388,34,898,35,17,19,1,1,1
389,34,898,34,17,19,1,1,1
390,34,899,34,17,19,1,1,1
391,34,899,33,17,19,1,1,1
392,34,899,33,17,19,1,1,1
393,34,899,33,17,19,1,1,1
394,34,900,32,17,19,1,1,1
395,34,900,32,17,19,1,1,1
396,34,900,32,17,19,1,1,1
397,34,901,31,17,19,1,1,1
398,34,901,31,17,19,1,1,1
399,34,901,31,17,19,1,1,1
0,40,747,111,20,26,1,1,1
1,40,746,112,20,26,1,1,1
2,40,745,114,20,26,1,1,1
3,40,745,116,20,26,1,1,1
4,40,744,117,20,26,1,1,1
5,40,744,119,20,26,1,1,1
6,40,743,121,20,26,1,1,1
7,40,742,122,20,26,1,1,1
8,40,742,124,20,26,1,1,1
9,40,741,126,20,26,1,1,1
10,40,741,128,20,26,1,1,1
11,40,740,129,20,26,1,1,1
12,40,740,130,20,26,1,1,1
13,40,740,131,20,26,1,1,1
14,40,740,133,20,26,1,1,1
15,40,740,134,20,26,1,1,1
16,40,739,135,20,26,1,1,1
17,40,739,137,20,26,1,1,1
18,40,739,138,20,26,1,1,1
19,40,739,139,20,26,1,1,1
20,40,739,141,20,26,1,1,1
21,40,738,142,20,26,1,1,1
22,40,738,144,20,26,1,1,1
23,40,738,146,20,26,1,1,1
24,40,737,148,20,26,1,1,1
25,40,737,150,20,26,1,1,1
26,40,737,151,20,26,1,1,1
27,40,736,153,20,26,1,1,1
28,40,736,155,20,26,1,1,1
29,40,736,157,20,26,1,1,1
30,40,736,159,20,26,1,1,1
31,40,735,160,20,26,1,1,1
32,40,735,162,20,26,1,1,1
33,40,735,164,20,26,1,1,1
34,40,735,166,20,26,1,1,1
35,40,735,168,20,26,1,1,1
36,40,735,169,20,26,1,1,1
37,40,735,171,20,26,1,1,1
38,40,735,173,20,26,1,1,1
39,40,735,175,20,26,1,1,1
40,40,735,177,20,26,1,1,1
41,40,734,178,20,26,1,1,1
42,40,734,180,20,26,1,1,1
43,40,734,182,20,26,1,1,1
44,40,734,183,20,26,1,1,1
45,40,734,185,20,26,1,1,1
46,40,733,187,20,26,1,1,1
47,40,733,188,20,26,1,1,1
48,40,733,190,20,26,1,1,1
49,40,733,192,20,26,1,1,1
50,40,733,194,20,26,1,1,1
51,40,732,196,20,26,1,1,1
52,40,732,198,20,26,1,1,1
53,40,732,200,20,26,1,1,1
54,40,731,202,20,26,1,1,1
55,40,731,204,20,26,1,1,1
56,40,731,206,20,26,1,1,1
57,40,730,208,20,26,1,1,1
58,40,730,210,20,26,1,1,1
59,40,730,212,20,26,1,1,1
60,40,730,214,20,26,1,1,1
61,40,729,215,20,27,1,1,1
62,40,728,217,21,27,1,1,1
63,40,727,219,21,27,1,1,1
64,40,727,220,21,29,1,1,1
65,40,726,222,22,29,1,1,1
66,40,725,224,22,29,1,1,1
67,40,725,225,22,31,1,1,1
68,40,724,227,22,31,1,1,1
69,40,723,229,23,31,1,1,1
70,40,723,231,23,32,1,1,1
71,40,722,233,23,32,1,1,1
72,40,722,235,23,32,1,1,1
73,40,721,237,24,32,1,1,1
74,40,721,239,23,32,1,1,1
75,40,721,241,23,32,1,1,1
76,40,720,243,24,32,1,1,1
77,40,720,245,23,32,1,1,1
78,40,719,247,24,32,1,1,1
79,40,719,249,24,32,1,1,1
80,40,719,252,24,32,1,1,1
81,40,718,254,24,32,1,1,1
82,40,718,257,24,32,1,1,1
83,40,717,259,24,32,1,1,1
84,40,717,262,24,32,1,1,1
85,40,717,264,24,32,1,1,1
86,40,716,267,24,32,1,1,1
87,40,716,269,24,32,1,1,1
88,40,715,272,24,32,1,1,1
89,40,715,274,24,32,1,1,1
90,40,715,277,24,32,1,1,1
91,40,714,279,24,32,1,1,1
92,40,713,281,25,33,1,1,1
93,40,712,283,25,33,1,1,1
94,40,712,286,25,33,1,1,1
95,40,711,288,26,33,1,1,1
96,40,710,290,26,34,1,1,1
97,40,710,293,26,33,1,1,1
98,40,709,295,26,34,1,1,1
99,40,708,297,27,34,1,1,1
100,40,708,300,27,34,1,1,1
101,40,707,302,27,34,1,1,1
102,40,707,305,27,34,1,1,1
103,40,707,308,27,34,1,1,1
104,40,706,311,27,34,1,1,1
105,40,706,314,27,34,1,1,1
106,40,706,316,27,34,1,1,1
107,40,705,319,27,34,1,1,1
108,40,705,322,27,34,1,1,1
109,40,705,325,27,34,1,1,1
110,40,705,328,27,34,1,1,1
111,40,704,330,27,34,1,1,1
112,40,703,333,27,34,1,1,1
113,40,702,335,27,35,1,1,1
114,40,701,338,27,35,1,1,1
115,40,700,341,28,35,1,1,1
116,40,699,343,28,35,1,1,1
117,40,698,346,28,35,1,1,1
118,40,697,348,28,36,1,1,1
119,40,696,351,28,36,1,1,1
120,40,695,354,29,36,1,1,1
121,40,694,356,29,37,1,1,1
122,40,693,359,29,37,1,1,1
123,40,692,362,29,38,1,1,1
124,40,691,365,29,38,1,1,1
125,40,691,368,29,39,1,1,1
126,40,690,371,29,39,1,1,1
127,40,689,374,29,39,1,1,1
128,40,688,377,29,40,1,1,1
129,40,687,380,29,40,1,1,1
130,40,687,383,29,41,1,1,1
131,40,686,386,29,41,1,1,1
132,40,685,390,29,41,1,1,1
133,40,684,393,29,41,1,1,1
134,40,683,397,29,41,1,1,1
135,40,682,400,29,41,1,1,1
136,40,681,404,29,41,1,1,1
137,40,680,407,29,41,1,1,1
138,40,679,411,29,41,1,1,1
139,40,678,414,29,41,1,1,1
240,42,593,664,43,77,1,1,1
241,42,591,670,43,77,1,1,1
242,42,590,677,43,77,1,1,1
243,42,589,684,43,77,1,1,1
244,42,587,691,43,77,1,1,1
245,42,586,698,43,77,1,1,1
246,42,585,705,43,77,1,1,1
247,42,583,712,43,77,1,1,1
248,42,582,719,43,77,1,1,1
249,42,581,726,43,77,1,1,1
250,42,580,733,43,77,1,1,1
251,42,577,740,44,78,1,1,1
252,42,574,747,45,79,1,1,1
253,42,571,754,46,81,1,1,1
254,42,569,761,46,82,1,1,1
255,42,566,768,47,84,1,1,1
256,42,563,775,48,85,1,1,1
257,42,561,782,48,86,1,1,1
258,42,558,789,49,88,1,1,1
259,42,555,796,50,89,1,1,1
260,42,553,804,50,90,1,1,1
261,42,550,812,51,91,1,1,1
262,42,548,821,51,91,1,1,1
263,42,546,830,51,92,1,1,1
264,42,543,839,52,92,1,1,1
265,42,541,848,52,93,1,1,1
266,42,539,856,52,94,1,1,1
267,42,536,865,53,94,1,1,1
268,42,534,874,53,95,1,1,1
269,42,532,883,53,95,1,1,1
270,42,530,892,54,96,1,1,1
271,42,527,905,54,92,1,1,1
272,42,524,918,54,88,1,1,1
273,42,521,931,54,84,1,1,1
274,42,518,944,54,80,1,1,1
275,42,515,957,54,76,1,1,1
276,42,512,970,54,72,1,1,1
277,42,509,983,54,68,1,1,1
278,42,506,996,54,64,1,1,1
279,42,503,1009,54,60,1,1,1
20,43,798,0,19,13,1,1,1
21,43,797,1,19,13,1,1,1
22,43,797,2,19,14,1,1,1
23,43,797,3,19,15,1,1,1
24,43,797,4,19,16,1,1,1
25,43,797,5,19,17,1,1,1
26,43,796,6,19,18,1,1,1
27,43,796,7,19,19,1,1,1
28,43,796,8,19,20,1,1,1
29,43,796,9,19,21,1,1,1
190,46,820,0,18,12,1,1,1
191,46,819,1,18,13,1,1,1
192,46,819,2,18,14,1,1,1
193,46,818,3,18,15,1,1,1
194,46,818,4,18,16,1,1,1
195,46,817,6,19,16,1,1,1
196,46,817,7,18,17,1,1,1
197,46,816,8,19,18,1,1,1
198,46,816,9,18,19,1,1,1
199,46,815,10,19,20,1,1,1
230,47,796,3,20,21,1,1,1
231,47,795,5,20,21,1,1,1
232,47,794,7,20,21,1,1,1
233,47,793,9,20,21,1,1,1
234,47,792,11,20,21,1,1,1
235,47,791,13,20,21,1,1,1
236,47,790,15,20,21,1,1,1
237,47,789,17,20,21,1,1,1
238,47,788,19,20,21,1,1,1
239,47,787,21,20,21,1,1,1
369,51,811,0,21,14,1,1,1
370,51,810,1,21,14,1,1,1
371,51,810,2,21,15,1,1,1
372,51,810,3,21,16,1,1,1
373,51,810,4,20,17,1,1,1
374,51,810,6,20,17,1,1,1
375,51,810,7,20,17,1,1,1
376,51,810,8,19,18,1,1,1
377,51,810,9,19,19,1,1,1
378,51,810,10,19,20,1,1,1
259,52,743,1063,46,15,1,1,1
260,52,743,1061,45,17,1,1,1
261,52,743,1060,45,18,1,1,1
262,52,743,1058,45,20,1,1,1
263,52,743,1057,45,21,1,1,1
264,52,743,1056,45,22,1,1,1
265,52,743,1054,45,24,1,1,1
266,52,743,1053,45,25,1,1,1
267,52,743,1051,45,27,1,1,1
268,52,743,1050,45,28,1,1,1
269,52,743,1049,45,29,1,1,1
270,52,743,1048,44,30,1,1,1
271,52,743,1047,44,31,1,1,1
272,52,743,1046,44,32,1,1,1
273,52,743,1045,44,33,1,1,1
274,52,743,1045,44,33,1,1,1
275,52,743,1044,44,34,1,1,1
276,52,743,1043,44,35,1,1,1
277,52,743,1042,44,36,1,1,1
278,52,743,1041,44,37,1,1,1
279,52,743,1041,44,37,1,1,1
280,52,743,1039,43,39,1,1,1
281,52,743,1037,43,41,1,1,1
282,52,743,1035,43,43,1,1,1
283,52,743,1034,43,44,1,1,1
284,52,743,1032,43,46,1,1,1
285,52,743,1030,43,48,1,1,1
286,52,743,1029,43,49,1,1,1
287,52,743,1027,43,51,1,1,1
288,52,743,1025,43,53,1,1,1
289,52,743,1024,43,54,1,1,1
290,52,743,1023,43,55,1,1,1
291,52,744,1022,42,56,1,1,1
292,52,744,1021,43,57,1,1,1
293,52,745,1020,42,58,1,1,1
294,52,745,1019,43,59,1,1,1
295,52,746,1018,42,60,1,1,1
296,52,746,1017,42,61,1,1,1
297,52,747,1016,42,62,1,1,1
298,52,747,1015,42,63,1,1,1
299,52,748,1014,42,64,1,1,1
300,52,748,1013,41,65,1,1,1
301,52,748,1012,41,66,1,1,1
302,52,748,1011,41,67,1,1,1
303,52,748,1010,41,68,1,1,1
304,52,748,1009,41,69,1,1,1
305,52,748,1008,41,70,1,1,1
306,52,748,1007,41,71,1,1,1
307,52,748,1006,41,72,1,1,1
308,52,748,1005,41,73,1,1,1
309,52,748,1005,41,73,1,1,1
310,52,748,1003,40,75,1,1,1
311,52,748,1002,40,76,1,1,1
312,52,748,1001,40,77,1,1,1
313,52,748,999,40,79,1,1,1
314,52,748,998,40,80,1,1,1
315,52,748,997,40,81,1,1,1
316,52,748,995,40,83,1,1,1
317,52,748,994,40,84,1,1,1
318,52,748,993,40,85,1,1,1
319,52,748,992,40,86,1,1,1
320,52,748,990,40,86,1,1,1
321,52,748,989,40,86,1,1,1
322,52,748,987,40,86,1,1,1
323,52,748,986,40,86,1,1,1
324,52,748,985,40,86,1,1,1
325,52,748,983,40,86,1,1,1
326,52,748,982,40,86,1,1,1
327,52,748,980,40,86,1,1,1
328,52,748,979,40,86,1,1,1
50,53,1794,726,68,36,1,1,1
51,53,1793,729,70,37,1,1,1
52,53,1793,733,72,37,1,1,1
53,53,1792,737,75,37,1,1,1
54,53,1792,741,76,37,1,1,1
55,53,1791,745,79,38,1,1,1
56,53,1791,748,81,39,1,1,1
57,53,1790,752,83,39,1,1,1
58,53,1790,756,85,39,1,1,1
59,53,1789,760,88,39,1,1,1
0,54,1408,423,34,39,1,1,1
1,54,1409,425,34,39,1,1,1
2,54,1410,427,34,39,1,1,1
3,54,1411,429,34,39,1,1,1
4,54,1412,431,34,39,1,1,1
5,54,1413,434,34,39,1,1,1
6,54,1414,436,34,39,1,1,1
7,54,1415,438,34,39,1,1,1
8,54,1416,440,34,39,1,1,1
9,54,1417,442,34,39,1,1,1
10,54,1419,445,34,39,1,1,1
11,54,1420,447,35,39,1,1,1
12,54,1421,450,36,38,1,1,1
13,54,1422,452,37,39,1,1,1
14,54,1423,455,38,38,1,1,1
15,54,1425,457,38,39,1,1,1
16,54,1426,460,39,38,1,1,1
17,54,1427,462,40,38,1,1,1
18,54,1428,465,41,38,1,1,1
19,54,1429,467,42,38,1,1,1
20,54,1431,470,42,38,1,1,1
21,54,1432,472,42,38,1,1,1
22,54,1434,475,42,38,1,1,1
23,54,1435,478,42,38,1,1,1
24,54,1437,480,42,38,1,1,1
25,54,1439,483,41,38,1,1,1
26,54,1440,486,42,38,1,1,1
27,54,1442,488,41,38,1,1,1
28,54,1443,491,42,38,1,1,1
29,54,1445,494,41,38,1,1,1
30,54,1447,497,41,38,1,1,1
31,54,1448,500,41,38,1,1,1
32,54,1450,503,41,38,1,1,1
33,54,1452,506,41,38,1,1,1
34,54,1454,509,41,38,1,1,1
35,54,1456,512,41,38,1,1,1
36,54,1458,515,40,38,1,1,1
37,54,1460,518,40,38,1,1,1
38,54,1462,521,40,38,1,1,1
39,54,1464,524,40,38,1,1,1
40,54,1466,527,40,38,1,1,1
41,54,1467,530,41,38,1,1,1
42,54,1469,533,41,39,1,1,1
43,54,1471,536,41,39,1,1,1
44,54,1473,539,41,40,1,1,1
45,54,1475,543,41,39,1,1,1
46,54,1477,546,41,40,1,1,1
47,54,1479,549,41,40,1,1,1
48,54,1481,552,41,41,1,1,1
49,54,1483,555,41,41,1,1,1
50,54,1485,559,42,41,1,1,1
51,54,1487,562,42,41,1,1,1
52,54,1489,565,42,41,1,1,1
53,54,1491,569,42,40,1,1,1
54,54,1494,572,42,40,1,1,1
55,54,1496,576,42,39,1,1,1
56,54,1498,579,42,39,1,1,1
57,54,1501,582,42,39,1,1,1
58,54,1503,586,42,38,1,1,1
59,54,1505,589,42,38,1,1,1
60,54,1508,593,42,38,1,1,1
61,54,1510,596,42,38,1,1,1
62,54,1512,600,42,38,1,1,1
63,54,1514,604,42,38,1,1,1
64,54,1516,608,42,38,1,1,1
65,54,1518,612,42,38,1,1,1
66,54,1520,616,42,38,1,1,1
67,54,1522,620,42,38,1,1,1
68,54,1524,624,42,38,1,1,1
69,54,1526,628,42,38,1,1,1
70,54,1529,632,42,38,1,1,1
71,54,1531,635,42,38,1,1,1
72,54,1533,638,42,38,1,1,1
73,54,1535,641,42,38,1,1,1
74,54,1537,645,42,38,1,1,1
75,54,1539,648,42,38,1,1,1
76,54,1541,651,42,38,1,1,1
77,54,1543,655,42,38,1,1,1
78,54,1545,658,42,38,1,1,1
79,54,1547,661,42,38,1,1,1
80,54,1550,665,42,38,1,1,1
81,54,1552,669,42,38,1,1,1
82,54,1555,673,42,38,1,1,1
83,54,1557,677,42,38,1,1,1
84,54,1560,681,42,38,1,1,1
85,54,1562,685,42,38,1,1,1
86,54,1565,689,42,38,1,1,1
87,54,1567,693,42,38,1,1,1
88,54,1570,697,42,38,1,1,1
89,54,1572,701,42,38,1,1,1
90,54,1575,706,42,38,1,1,1
91,54,1577,710,42,38,1,1,1
92,54,1580,714,42,38,1,1,1
93,54,1583,718,42,38,1,1,1
94,54,1586,722,42,38,1,1,1
95,54,1589,726,42,38,1,1,1
96,54,1591,730,42,38,1,1,1
97,54,1594,734,42,38,1,1,1
98,54,1597,738,42,38,1,1,1
99,54,1600,742,42,38,1,1,1
100,54,1603,746,42,38,1,1,1
101,54,1605,750,42,39,1,1,1
102,54,1607,754,43,40,1,1,1
103,54,1609,759,44,40,1,1,1
104,54,1611,763,45,41,1,1,1
105,54,1613,768,46,42,1,1,1
106,54,1615,772,46,43,1,1,1
107,54,1617,776,47,44,1,1,1
108,54,1619,781,48,44,1,1,1
109,54,1621,785,49,45,1,1,1
110,54,1624,790,49,46,1,1,1
111,54,1626,794,49,46,1,1,1
112,54,1629,799,49,46,1,1,1
113,54,1632,804,49,46,1,1,1
114,54,1635,809,49,46,1,1,1
115,54,1638,814,49,46,1,1,1
116,54,1641,819,49,46,1,1,1
117,54,1644,824,49,46,1,1,1
118,54,1647,829,49,46,1,1,1
119,54,1650,834,49,46,1,1,1
120,54,1653,839,49,46,1,1,1
121,54,1655,844,49,47,1,1,1
122,54,1657,849,50,48,1,1,1
123,54,1659,854,51,49,1,1,1
124,54,1661,859,51,51,1,1,1
125,54,1664,865,51,51,1,1,1
126,54,1666,870,52,52,1,1,1
127,54,1668,875,52,54,1,1,1
128,54,1670,880,53,55,1,1,1
129,54,1672,885,54,56,1,1,1
130,54,1675,891,54,57,1,1,1
131,54,1678,897,54,57,1,1,1
132,54,1681,903,54,57,1,1,1
133,54,1684,909,54,57,1,1,1
134,54,1687,915,54,57,1,1,1
135,54,1690,921,54,57,1,1,1
136,54,1693,927,54,57,1,1,1
137,54,1696,933,54,57,1,1,1
138,54,1699,939,54,57,1,1,1
139,54,1702,945,54,57,1,1,1
140,54,1705,952,54,57,1,1,1
141,54,1708,958,54,57,1,1,1
142,54,1712,964,54,57,1,1,1
143,54,1715,970,54,57,1,1,1
144,54,1719,977,54,57,1,1,1
145,54,1722,983,54,57,1,1,1
146,54,1726,989,54,57,1,1,1
147,54,1729,996,54,57,1,1,1
148,54,1733,1002,54,57,1,1,1
149,54,1736,1008,54,57,1,1,1
0,55,1364,422,41,26,1,1,1
1,55,1364,424,42,27,1,1,1
2,55,1364,426,43,28,1,1,1
3,55,1364,428,44,29,1,1,1
4,55,1365,431,44,29,1,1,1
5,55,1365,433,45,30,1,1,1
6,55,1365,435,46,31,1,1,1
7,55,1366,438,46,31,1,1,1
8,55,1366,440,47,32,1,1,1
9,55,1366,442,48,33,1,1,1
10,55,1367,445,48,33,1,1,1
11,55,1368,447,48,33,1,1,1
12,55,1370,450,48,33,1,1,1
13,55,1371,453,48,33,1,1,1
14,55,1373,455,48,33,1,1,1
15,55,1374,458,48,33,1,1,1
16,55,1376,461,48,33,1,1,1
17,55,1377,463,48,33,1,1,1
18,55,1379,466,48,33,1,1,1
19,55,1380,469,48,33,1,1,1
20,55,1382,472,48,33,1,1,1
21,55,1383,474,48,33,1,1,1
22,55,1385,476,48,33,1,1,1
23,55,1386,479,48,33,1,1,1
24,55,1388,481,48,33,1,1,1
25,55,1389,484,48,33,1,1,1
26,55,1391,486,48,33,1,1,1
27,55,1392,488,48,33,1,1,1
28,55,1394,491,48,33,1,1,1
29,55,1395,493,48,33,1,1,1
30,55,1397,496,48,33,1,1,1
31,55,1398,499,48,33,1,1,1
32,55,1399,502,49,34,1,1,1
33,55,1400,505,50,35,1,1,1
34,55,1401,509,51,35,1,1,1
35,55,1402,512,52,36,1,1,1
36,55,1403,515,53,36,1,1,1
37,55,1404,519,54,36,1,1,1
38,55,1405,522,55,37,1,1,1
39,55,1406,525,56,38,1,1,1
40,55,1408,529,56,38,1,1,1
41,55,1410,531,56,38,1,1,1
42,55,1412,534,56,38,1,1,1
43,55,1414,537,56,38,1,1,1
44,55,1416,540,56,38,1,1,1
45,55,1418,543,56,38,1,1,1
46,55,1420,545,56,38,1,1,1
47,55,1422,548,56,38,1,1,1
48,55,1424,551,56,38,1,1,1
49,55,1426,554,56,38,1,1,1
50,55,1429,557,56,38,1,1,1
51,55,1430,560,56,38,1,1,1
52,55,1432,563,56,38,1,1,1
53,55,1434,566,56,38,1,1,1
54,55,1436,569,56,38,1,1,1
55,55,1438,573,56,38,1,1,1
56,55,1440,576,56,38,1,1,1
57,55,1442,579,56,38,1,1,1
58,55,1444,582,56,38,1,1,1
59,55,1446,585,56,38,1,1,1
60,55,1448,589,56,38,1,1,1
61,55,1450,592,56,38,1,1,1
62,55,1452,596,56,38,1,1,1
63,55,1454,600,56,38,1,1,1
64,55,1456,604,56,38,1,1,1
65,55,1458,608,56,38,1,1,1
66,55,1460,612,56,38,1,1,1
67,55,1462,616,56,38,1,1,1
68,55,1464,620,56,38,1,1,1
69,55,1466,624,56,38,1,1,1
70,55,1469,628,56,38,1,1,1
71,55,1470,631,56,38,1,1,1
72,55,1472,634,56,38,1,1,1
73,55,1474,637,56,38,1,1,1
74,55,1476,641,56,38,1,1,1
75,55,1478,644,56,38,1,1,1
76,55,1480,647,56,38,1,1,1
77,55,1482,651,56,38,1,1,1
78,55,1484,654,56,38,1,1,1
79,55,1486,657,56,38,1,1,1
80,55,1488,661,56,38,1,1,1
81,55,1490,665,56,38,1,1,1
82,55,1492,669,56,38,1,1,1
83,55,1495,673,56,38,1,1,1
84,55,1497,677,56,38,1,1,1
85,55,1500,681,56,38,1,1,1
86,55,1502,685,56,38,1,1,1
87,55,1504,689,56,38,1,1,1
88,55,1507,693,56,38,1,1,1
89,55,1509,697,56,38,1,1,1
90,55,1512,701,56,38,1,1,1
91,55,1513,705,57,38,1,1,1
92,55,1515,709,57,39,1,1,1
93,55,1516,713,58,39,1,1,1
94,55,1518,717,58,40,1,1,1
95,55,1520,721,59,41,1,1,1
96,55,1521,725,60,41,1,1,1
97,55,1523,729,60,42,1,1,1
98,55,1524,733,61,42,1,1,1
99,55,1526,737,61,43,1,1,1
100,55,1528,742,62,43,1,1,1
101,55,1530,746,62,43,1,1,1
102,55,1533,751,62,43,1,1,1
103,55,1535,756,62,43,1,1,1
104,55,1538,761,62,43,1,1,1
105,55,1541,766,62,43,1,1,1
106,55,1543,770,62,43,1,1,1
107,55,1546,775,62,43,1,1,1
108,55,1548,780,62,43,1,1,1
109,55,1551,785,62,43,1,1,1
110,55,1554,790,62,43,1,1,1
111,55,1556,795,62,43,1,1,1
112,55,1559,800,62,43,1,1,1
113,55,1562,805,62,43,1,1,1
114,55,1564,810,62,43,1,1,1
115,55,1567,815,62,43,1,1,1
116,55,1570,820,62,43,1,1,1
117,55,1572,825,62,43,1,1,1
118,55,1575,830,62,43,1,1,1
119,55,1578,835,62,43,1,1,1
120,55,1581,840,62,43,1,1,1
121,55,1582,844,63,44,1,1,1
122,55,1584,849,64,45,1,1,1
123,55,1586,854,64,45,1,1,1
124,55,1588,858,65,47,1,1,1
125,55,1590,863,66,48,1,1,1
126,55,1591,868,67,48,1,1,1
127,55,1593,872,68,50,1,1,1
128,55,1595,877,68,50,1,1,1
129,55,1597,882,69,51,1,1,1
130,55,1599,887,70,52,1,1,1
131,55,1601,892,70,52,1,1,1
132,55,1604,898,70,52,1,1,1
133,55,1607,904,70,52,1,1,1
134,55,1610,910,70,52,1,1,1
135,55,1613,916,70,52,1,1,1
136,55,1615,922,70,52,1,1,1
137,55,1618,928,70,52,1,1,1
138,55,1621,934,70,52,1,1,1
139,55,1624,940,70,52,1,1,1
140,55,1627,946,70,52,1,1,1
141,55,1630,952,70,52,1,1,1
142,55,1633,958,70,52,1,1,1
143,55,1636,964,70,52,1,1,1
144,55,1639,971,70,52,1,1,1
145,55,1642,977,70,52,1,1,1
146,55,1645,983,70,52,1,1,1
147,55,1648,990,70,52,1,1,1
148,55,1651,996,70,52,1,1,1
149,55,1654,1002,70,52,1,1,1
30,56,1555,909,50,73,1,1,1
31,56,1557,915,50,73,1,1,1
32,56,1560,921,50,73,1,1,1
33,56,1562,927,50,73,1,1,1
34,56,1565,933,50,73,1,1,1
35,56,1568,940,50,73,1,1,1
36,56,1570,946,50,73,1,1,1
37,56,1573,952,50,73,1,1,1
38,56,1575,958,50,73,1,1,1
39,56,1578,964,50,73,1,1,1
40,56,1581,971,50,73,1,1,1
41,56,1585,977,50,70,1,1,1
42,56,1589,983,50,68,1,1,1
43,56,1593,989,50,65,1,1,1
44,56,1597,995,50,63,1,1,1
45,56,1602,1001,50,60,1,1,1
46,56,1606,1007,50,58,1,1,1
47,56,1610,1013,50,55,1,1,1
48,56,1614,1019,50,53,1,1,1
49,56,1618,1025,50,50,1,1,1
439,58,1220,248,34,24,1,1,1
440,58,1221,249,34,24,1,1,1
441,58,1222,251,34,24,1,1,1
442,58,1223,253,34,24,1,1,1
443,58,1224,254,34,24,1,1,1
444,58,1225,256,34,24,1,1,1
445,58,1226,258,34,24,1,1,1
446,58,1227,259,34,24,1,1,1
447,58,1228,261,34,24,1,1,1
448,58,1229,263,34,24,1,1,1
449,58,1230,265,34,24,1,1,1
450,58,1229,266,35,24,1,1,1
451,58,1229,268,35,24,1,1,1
452,58,1228,270,36,24,1,1,1
453,58,1228,272,36,23,1,1,1
454,58,1227,274,38,23,1,1,1
455,58,1227,275,38,24,1,1,1
456,58,1226,277,39,23,1,1,1
457,58,1226,279,39,23,1,1,1
458,58,1225,281,40,23,1,1,1
459,58,1225,283,41,23,1,1,1
460,58,1225,284,41,23,1,1,1
461,58,1226,286,41,23,1,1,1
462,58,1226,287,41,23,1,1,1
463,58,1227,289,41,23,1,1,1
464,58,1228,290,41,23,1,1,1
465,58,1228,292,41,23,1,1,1
466,58,1229,293,41,23,1,1,1
467,58,1229,295,41,23,1,1,1
468,58,1230,296,41,23,1,1,1
469,58,1231,298,41,23,1,1,1
470,58,1232,300,41,23,1,1,1
471,58,1233,302,41,23,1,1,1
472,58,1234,304,41,23,1,1,1
473,58,1235,306,41,23,1,1,1
474,58,1237,308,41,23,1,1,1
475,58,1238,310,41,23,1,1,1
476,58,1239,312,41,23,1,1,1
477,58,1240,314,41,23,1,1,1
478,58,1241,316,41,23,1,1,1
479,58,1243,319,41,23,1,1,1
480,58,1243,320,41,23,1,1,1
481,58,1243,322,41,23,1,1,1
482,58,1243,324,41,23,1,1,1
483,58,1244,325,41,23,1,1,1
484,58,1244,327,41,23,1,1,1
485,58,1244,329,41,23,1,1,1
486,58,1245,330,41,23,1,1,1
487,58,1245,332,41,23,1,1,1
488,58,1245,334,41,23,1,1,1
489,58,1246,336,41,23,1,1,1
10,59,740,997,42,81,1,1,1
11,59,739,1002,42,76,1,1,1
12,59,739,1007,42,71,1,1,1
13,59,739,1012,42,66,1,1,1
14,59,739,1017,42,61,1,1,1
15,59,739,1022,42,56,1,1,1
16,59,738,1027,42,51,1,1,1
17,59,738,1032,42,46,1,1,1
18,59,738,1037,42,41,1,1,1
19,59,738,1042,42,36,1,1,1
10,62,802,1003,45,76,1,1,1
11,62,802,1004,45,74,1,1,1
12,62,802,1006,45,72,1,1,1
13,62,802,1008,45,70,1,1,1
14,62,802,1009,45,69,1,1,1
15,62,802,1011,45,67,1,1,1
16,62,802,1013,45,65,1,1,1
17,62,802,1014,45,64,1,1,1
18,62,802,1016,45,62,1,1,1
19,62,802,1018,45,60,1,1,1
20,62,802,1020,45,58,1,1,1
21,62,802,1022,45,56,1,1,1
22,62,803,1024,45,54,1,1,1
23,62,803,1027,45,51,1,1,1
24,62,804,1029,45,49,1,1,1
25,62,804,1032,45,46,1,1,1
26,62,805,1034,45,44,1,1,1
27,62,805,1036,45,42,1,1,1
28,62,806,1039,45,39,1,1,1
29,62,806,1041,45,37,1,1,1
30,62,807,1044,45,34,1,1,1
31,62,807,1045,45,33,1,1,1
32,62,808,1046,45,32,1,1,1
33,62,808,1047,45,31,1,1,1
34,62,809,1049,45,29,1,1,1
35,62,809,1050,45,28,1,1,1
36,62,810,1051,45,27,1,1,1
37,62,810,1053,45,25,1,1,1
38,62,811,1054,45,24,1,1,1
39,62,811,1055,45,23,1,1,1
469,66,785,0,16,8,1,1,1
470,66,784,0,16,9,1,1,1
471,66,783,0,16,11,1,1,1
472,66,782,0,16,12,1,1,1
473,66,782,1,16,13,1,1,1
474,66,781,1,16,14,1,1,1
475,66,780,1,16,16,1,1,1
476,66,780,2,16,16,1,1,1
477,66,779,2,16,18,1,1,1
478,66,778,2,16,19,1,1,1
469,67,806,0,19,8,1,1,1
470,67,805,0,19,9,1,1,1
471,67,805,0,19,10,1,1,1
472,67,804,0,19,11,1,1,1
473,67,804,0,19,12,1,1,1
474,67,803,0,19,14,1,1,1
475,67,803,0,19,15,1,1,1
476,67,802,0,19,16,1,1,1
477,67,802,0,19,17,1,1,1
478,67,801,0,19,18,1,1,1
110,68,623,243,28,44,1,1,1
111,68,621,247,28,44,1,1,1
112,68,619,251,28,44,1,1,1
113,68,617,255,28,45,1,1,1
114,68,615,259,28,45,1,1,1
115,68,614,264,28,44,1,1,1
116,68,612,268,28,45,1,1,1
117,68,610,272,28,45,1,1,1
118,68,608,276,28,45,1,1,1
119,68,606,280,28,46,1,1,1
120,68,605,285,28,45,1,1,1
121,68,603,289,28,45,1,1,1
122,68,601,293,28,46,1,1,1
123,68,599,297,28,46,1,1,1
124,68,597,301,28,46,1,1,1
125,68,596,306,28,46,1,1,1
126,68,594,310,28,46,1,1,1
127,68,592,314,28,46,1,1,1
128,68,590,318,28,47,1,1,1
129,68,588,322,28,47,1,1,1
130,68,587,327,28,47,1,1,1
131,68,585,331,28,47,1,1,1
132,68,584,335,28,47,1,1,1
133,68,583,339,28,48,1,1,1
134,68,582,343,28,48,1,1,1
135,68,581,348,28,48,1,1,1
136,68,579,352,28,48,1,1,1
137,68,578,356,28,48,1,1,1
138,68,577,360,28,49,1,1,1
139,68,576,364,28,49,1,1,1
140,68,575,369,28,49,1,1,1
141,68,572,374,29,49,1,1,1
142,68,570,379,29,49,1,1,1
143,68,568,384,29,49,1,1,1
144,68,566,389,29,49,1,1,1
145,68,564,394,29,50,1,1,1
146,68,562,399,29,50,1,1,1
147,68,560,404,29,50,1,1,1
148,68,558,409,29,50,1,1,1
149,68,556,414,29,50,1,1,1
150,68,554,419,29,51,1,1,1
151,68,551,425,29,51,1,1,1
152,68,549,431,29,51,1,1,1
153,68,547,437,29,51,1,1,1
154,68,545,443,29,51,1,1,1
155,68,543,449,29,51,1,1,1
156,68,540,455,29,51,1,1,1
157,68,538,461,29,51,1,1,1
158,68,536,467,29,51,1,1,1
159,68,534,473,29,51,1,1,1
160,68,532,479,29,52,1,1,1
161,68,529,485,29,52,1,1,1
162,68,526,492,30,52,1,1,1
163,68,524,499,30,51,1,1,1
164,68,521,505,31,52,1,1,1
165,68,519,512,31,52,1,1,1
166,68,516,519,31,51,1,1,1
167,68,513,525,32,52,1,1,1
168,68,511,532,32,51,1,1,1
169,68,508,539,33,51,1,1,1
170,68,506,546,33,51,1,1,1
171,68,503,553,33,51,1,1,1
172,68,500,560,33,51,1,1,1
173,68,497,567,33,51,1,1,1
174,68,494,575,33,51,1,1,1
175,68,491,582,33,51,1,1,1
176,68,488,589,33,51,1,1,1
177,68,485,597,33,51,1,1,1
178,68,482,604,33,51,1,1,1
179,68,479,611,33,51,1,1,1
180,68,477,619,33,51,1,1,1
181,68,474,627,33,51,1,1,1
182,68,471,635,33,51,1,1,1
183,68,468,643,33,51,1,1,1
184,68,465,651,33,51,1,1,1
185,68,462,659,33,51,1,1,1
186,68,459,667,33,51,1,1,1
187,68,456,675,33,51,1,1,1
188,68,453,683,33,51,1,1,1
189,68,450,691,33,51,1,1,1
190,68,447,700,33,51,1,1,1
191,68,443,709,33,51,1,1,1
192,68,439,719,33,51,1,1,1
193,68,435,729,33,51,1,1,1
194,68,431,738,33,51,1,1,1
195,68,427,748,33,51,1,1,1
196,68,423,758,33,51,1,1,1
197,68,419,767,33,51,1,1,1
198,68,415,777,33,51,1,1,1
199,68,411,787,33,51,1,1,1
200,68,407,797,33,51,1,1,1
201,68,402,808,33,51,1,1,1
202,68,397,819,33,51,1,1,1
203,68,392,830,33,51,1,1,1
204,68,387,841,33,51,1,1,1
205,68,383,853,33,51,1,1,1
206,68,378,864,33,51,1,1,1
207,68,373,875,33,51,1,1,1
208,68,368,886,33,51,1,1,1
209,68,363,897,33,51,1,1,1
210,68,359,909,33,51,1,1,1
211,68,354,921,33,50,1,1,1
212,68,349,934,33,49,1,1,1
213,68,344,947,33,48,1,1,1
214,68,339,959,33,48,1,1,1
215,68,334,972,33,47,1,1,1
216,68,329,985,33,45,1,1,1
217,68,324,997,33,45,1,1,1
218,68,319,1010,33,44,1,1,1
219,68,314,1023,33,43,1,1,1
349,69,1081,1,20,21,1,1,1
350,69,1081,2,20,21,1,1,1
351,69,1081,3,20,21,1,1,1
352,69,1082,4,20,21,1,1,1
353,69,1082,5,20,21,1,1,1
354,69,1083,6,20,21,1,1,1
355,69,1083,7,20,21,1,1,1
356,69,1083,8,20,21,1,1,1
357,69,1084,9,20,21,1,1,1
358,69,1084,10,20,21,1,1,1
359,69,1085,11,20,21,1,1,1
360,69,1085,11,20,21,1,1,1
361,69,1085,12,20,21,1,1,1
362,69,1085,12,20,21,1,1,1
363,69,1085,13,20,21,1,1,1
364,69,1085,13,20,21,1,1,1
365,69,1085,14,20,21,1,1,1
366,69,1085,14,20,21,1,1,1
367,69,1085,15,20,21,1,1,1
368,69,1085,15,20,21,1,1,1
369,69,1086,16,20,21,1,1,1
370,69,1086,17,20,21,1,1,1
371,69,1087,18,20,21,1,1,1
372,69,1087,19,20,21,1,1,1
373,69,1088,20,20,21,1,1,1
374,69,1089,21,20,21,1,1,1
375,69,1089,22,20,21,1,1,1
376,69,1090,23,20,21,1,1,1
377,69,1090,24,20,21,1,1,1
378,69,1091,25,20,21,1,1,1
379,69,1092,27,20,21,1,1,1
380,69,1092,27,20,21,1,1,1
381,69,1093,28,20,21,1,1,1
382,69,1093,29,20,21,1,1,1
383,69,1094,30,20,21,1,1,1
384,69,1095,31,20,21,1,1,1
385,69,1095,31,20,21,1,1,1
386,69,1096,32,20,21,1,1,1
387,69,1096,33,20,21,1,1,1
388,69,1097,34,20,21,1,1,1
389,69,1098,35,20,21,1,1,1
390,69,1098,36,20,21,1,1,1
391,69,1099,37,20,21,1,1,1
392,69,1099,38,20,21,1,1,1
393,69,1100,39,20,21,1,1,1
394,69,1100,40,20,21,1,1,1
395,69,1101,41,20,21,1,1,1
396,69,1101,42,20,21,1,1,1
397,69,1102,43,20,21,1,1,1
398,69,1102,44,20,21,1,1,1
399,69,1103,46,20,21,1,1,1
400,69,1103,46,20,21,1,1,1
401,69,1104,47,20,21,1,1,1
402,69,1104,48,20,21,1,1,1
403,69,1105,49,20,21,1,1,1
404,69,1106,50,20,21,1,1,1
405,69,1106,51,20,21,1,1,1
406,69,1107,52,20,21,1,1,1
407,69,1107,53,20,21,1,1,1
408,69,1108,54,20,21,1,1,1
409,69,1109,55,20,21,1,1,1
410,69,1108,55,21,21,1,1,1
411,69,1108,56,22,21,1,1,1
412,69,1108,56,22,22,1,1,1
413,69,1108,57,23,22,1,1,1
414,69,1108,58,23,22,1,1,1
415,69,1107,58,25,22,1,1,1
416,69,1107,59,25,22,1,1,1
417,69,1107,59,26,23,1,1,1
418,69,1107,60,26,23,1,1,1
419,69,1107,61,27,23,1,1,1
420,69,1107,62,27,23,1,1,1
421,69,1108,63,27,23,1,1,1
422,69,1108,64,27,23,1,1,1
423,69,1109,65,27,23,1,1,1
424,69,1109,66,27,23,1,1,1
425,69,1110,67,27,23,1,1,1
426,69,1110,68,27,23,1,1,1
427,69,1111,69,27,23,1,1,1
428,69,1111,70,27,23,1,1,1
429,69,1112,72,27,23,1,1,1
430,69,1112,73,27,23,1,1,1
431,69,1113,74,26,23,1,1,1
432,69,1114,75,26,23,1,1,1
433,69,1114,77,26,22,1,1,1
434,69,1115,78,26,23,1,1,1
435,69,1116,79,25,23,1,1,1
436,69,1116,81,25,22,1,1,1
437,69,1117,82,25,22,1,1,1
438,69,1118,83,24,22,1,1,1
439,69,1119,85,24,22,1,1,1
440,69,1119,85,24,22,1,1,1
441,69,1120,86,24,22,1,1,1
442,69,1120,87,24,22,1,1,1
443,69,1121,88,24,22,1,1,1
444,69,1121,89,24,22,1,1,1
445,69,1122,89,24,22,1,1,1
446,69,1122,90,24,22,1,1,1
447,69,1123,91,24,22,1,1,1
448,69,1123,92,24,22,1,1,1
449,69,1124,93,24,22,1,1,1
450,69,1124,94,24,22,1,1,1
451,69,1124,95,24,22,1,1,1
452,69,1124,96,24,22,1,1,1
453,69,1125,98,24,22,1,1,1
454,69,1125,99,24,22,1,1,1
455,69,1125,100,24,22,1,1,1
456,69,1126,102,24,22,1,1,1
457,69,1126,103,24,22,1,1,1
458,69,1126,104,24,22,1,1,1
459,69,1127,106,24,22,1,1,1
460,69,1127,106,24,23,1,1,1
461,69,1127,107,25,23,1,1,1
462,69,1127,108,25,23,1,1,1
463,69,1127,109,26,23,1,1,1
464,69,1127,110,26,23,1,1,1
465,69,1127,111,27,23,1,1,1
466,69,1127,112,27,23,1,1,1
467,69,1127,113,28,23,1,1,1
468,69,1127,114,28,23,1,1,1
469,69,1128,115,28,23,1,1,1
470,69,1128,116,28,23,1,1,1
471,69,1128,117,28,24,1,1,1
472,69,1128,119,28,23,1,1,1
473,69,1129,120,27,24,1,1,1
474,69,1129,122,28,24,1,1,1
475,69,1129,123,28,24,1,1,1
476,69,1130,124,27,25,1,1,1
477,69,1130,126,27,24,1,1,1
478,69,1130,127,27,25,1,1,1
479,69,1131,129,27,25,1,1,1
480,69,1131,130,27,25,1,1,1
481,69,1131,131,27,25,1,1,1
482,69,1132,132,27,25,1,1,1
483,69,1132,133,27,25,1,1,1
484,69,1133,134,27,25,1,1,1
485,69,1133,135,27,25,1,1,1
486,69,1133,136,27,25,1,1,1
487,69,1134,137,27,25,1,1,1
488,69,1134,138,27,25,1,1,1
489,69,1135,140,27,25,1,1,1
359,70,1076,0,30,17,1,1,1
360,70,1076,0,30,16,1,1,1
361,70,1076,0,30,16,1,1,1
362,70,1077,0,30,16,1,1,1
363,70,1077,0,30,16,1,1,1
364,70,1078,0,30,16,1,1,1
365,70,1078,0,30,15,1,1,1
366,70,1078,0,30,15,1,1,1
367,70,1079,0,30,15,1,1,1
368,70,1079,0,30,15,1,1,1
369,70,1080,0,30,15,1,1,1
370,70,1080,1,30,15,1,1,1
371,70,1081,2,30,15,1,1,1
372,70,1081,4,30,15,1,1,1
373,70,1082,5,30,15,1,1,1
374,70,1083,7,30,15,1,1,1
375,70,1083,8,30,15,1,1,1
376,70,1084,9,30,15,1,1,1
377,70,1084,11,30,15,1,1,1
378,70,1085,12,30,15,1,1,1
379,70,1086,14,30,15,1,1,1
380,70,1086,14,30,16,1,1,1
381,70,1086,15,30,16,1,1,1
382,70,1086,16,31,17,1,1,1
383,70,1086,17,31,17,1,1,1
384,70,1086,18,32,18,1,1,1
385,70,1086,19,32,18,1,1,1
386,70,1086,20,32,18,1,1,1
387,70,1086,21,33,19,1,1,1
388,70,1086,22,33,19,1,1,1
389,70,1087,23,33,20,1,1,1
390,70,1088,23,33,20,1,1,1
391,70,1089,23,33,20,1,1,1
392,70,1090,24,33,20,1,1,1
393,70,1091,24,33,20,1,1,1
394,70,1092,25,33,20,1,1,1
395,70,1093,25,33,20,1,1,1
396,70,1094,25,33,20,1,1,1
397,70,1095,26,33,20,1,1,1
398,70,1096,26,33,20,1,1,1
399,70,1097,27,33,20,1,1,1
400,70,1097,28,33,20,1,1,1
401,70,1097,29,33,20,1,1,1
402,70,1097,31,33,20,1,1,1
403,70,1097,32,33,20,1,1,1
404,70,1097,34,33,20,1,1,1
405,70,1097,35,33,20,1,1,1
406,70,1097,36,33,20,1,1,1
407,70,1097,38,33,20,1,1,1
408,70,1097,39,33,20,1,1,1
409,70,1097,41,33,20,1,1,1
410,70,1097,41,33,20,1,1,1
411,70,1098,42,33,20,1,1,1
412,70,1099,43,33,20,1,1,1
413,70,1100,43,33,20,1,1,1
414,70,1101,44,33,20,1,1,1
415,70,1102,45,33,20,1,1,1
416,70,1103,45,33,20,1,1,1
417,70,1104,46,33,20,1,1,1
418,70,1105,47,33,20,1,1,1
419,70,1106,48,33,20,1,1,1
420,70,1106,48,33,20,1,1,1
421,70,1106,49,33,20,1,1,1
422,70,1106,50,33,20,1,1,1
423,70,1106,51,33,20,1,1,1
424,70,1107,52,33,20,1,1,1
425,70,1107,53,33,20,1,1,1
426,70,1107,54,33,20,1,1,1
427,70,1107,55,33,20,1,1,1
428,70,1107,56,33,20,1,1,1
429,70,1108,57,33,20,1,1,1
430,70,1108,57,33,20,1,1,1
431,70,1109,58,33,20,1,1,1
432,70,1109,59,33,20,1,1,1
433,70,1110,60,33,20,1,1,1
434,70,1111,61,33,20,1,1,1
435,70,1111,62,33,20,1,1,1
436,70,1112,63,33,20,1,1,1
437,70,1112,64,33,20,1,1,1
438,70,1113,65,33,20,1,1,1
439,70,1114,66,33,20,1,1,1
440,70,1114,67,33,20,1,1,1
441,70,1114,68,33,20,1,1,1
442,70,1114,69,33,20,1,1,1
443,70,1114,70,33,20,1,1,1
444,70,1115,71,33,20,1,1,1
445,70,1115,72,33,20,1,1,1
446,70,1115,73,33,20,1,1,1
447,70,1115,74,33,20,1,1,1
448,70,1115,75,33,20,1,1,1
449,70,1116,77,33,20,1,1,1
450,70,1116,78,33,20,1,1,1
451,70,1117,79,33,20,1,1,1
452,70,1117,81,33,20,1,1,1
453,70,1118,82,33,20,1,1,1
454,70,1119,84,33,20,1,1,1
455,70,1119,85,33,20,1,1,1
456,70,1120,86,33,20,1,1,1
457,70,1120,88,33,20,1,1,1
458,70,1121,89,33,20,1,1,1
459,70,1122,91,33,20,1,1,1
460,70,1122,91,33,20,1,1,1
461,70,1122,92,33,20,1,1,1
462,70,1122,93,33,20,1,1,1
463,70,1123,94,33,20,1,1,1
464,70,1123,95,33,20,1,1,1
465,70,1123,95,33,20,1,1,1
466,70,1124,96,33,20,1,1,1
467,70,1124,97,33,20,1,1,1
468,70,1124,98,33,20,1,1,1
469,70,1125,99,33,20,1,1,1
470,70,1125,100,33,20,1,1,1
471,70,1125,101,34,20,1,1,1
472,70,1125,102,34,20,1,1,1
473,70,1125,103,35,21,1,1,1
474,70,1126,105,34,20,1,1,1
475,70,1126,106,35,20,1,1,1
476,70,1126,107,35,21,1,1,1
477,70,1126,108,36,21,1,1,1
478,70,1126,109,36,21,1,1,1
479,70,1127,111,36,21,1,1,1
480,70,1127,112,36,21,1,1,1
481,70,1128,113,36,21,1,1,1
482,70,1128,114,36,21,1,1,1
483,70,1129,115,36,21,1,1,1
484,70,1129,117,36,21,1,1,1
485,70,1130,118,36,21,1,1,1
486,70,1130,119,36,21,1,1,1
487,70,1131,120,36,21,1,1,1
488,70,1131,121,36,21,1,1,1
489,70,1132,123,36,21,1,1,1
319,71,699,2,16,19,1,1,1
320,71,698,3,16,19,1,1,1
321,71,698,4,16,19,1,1,1
322,71,697,5,16,19,1,1,1
323,71,697,6,16,19,1,1,1
324,71,697,7,16,19,1,1,1
325,71,696,8,16,19,1,1,1
326,71,696,9,16,19,1,1,1
327,71,695,10,16,19,1,1,1
328,71,695,11,16,19,1,1,1
329,71,695,12,16,19,1,1,1
330,71,694,12,16,19,1,1,1
331,71,694,13,16,19,1,1,1
332,71,694,14,16,19,1,1,1
333,71,693,15,16,19,1,1,1
334,71,693,16,16,19,1,1,1
335,71,693,16,16,19,1,1,1
336,71,692,17,16,19,1,1,1
337,71,692,18,16,19,1,1,1
338,71,692,19,16,19,1,1,1
339,71,692,20,16,19,1,1,1
340,71,691,21,16,19,1,1,1
341,71,691,22,16,19,1,1,1
342,71,690,23,16,19,1,1,1
343,71,690,24,16,19,1,1,1
344,71,690,25,16,19,1,1,1
345,71,689,26,16,19,1,1,1
346,71,689,27,16,19,1,1,1
347,71,688,28,16,19,1,1,1
348,71,688,29,16,19,1,1,1
349,71,688,31,16,19,1,1,1
350,71,687,32,16,19,1,1,1
351,71,687,33,16,19,1,1,1
352,71,687,34,16,19,1,1,1
353,71,686,35,16,19,1,1,1
354,71,686,36,16,19,1,1,1
355,71,686,37,16,19,1,1,1
356,71,685,38,16,19,1,1,1
357,71,685,39,16,19,1,1,1
358,71,685,40,16,19,1,1,1
359,71,685,42,16,19,1,1,1
360,71,684,42,16,19,1,1,1
361,71,684,43,16,19,1,1,1
362,71,684,44,16,19,1,1,1
363,71,683,45,16,19,1,1,1
364,71,683,46,16,19,1,1,1
365,71,683,46,16,19,1,1,1
366,71,682,47,16,19,1,1,1
367,71,682,48,16,19,1,1,1
368,71,682,49,16,19,1,1,1
369,71,682,50,16,19,1,1,1
370,71,681,50,16,20,1,1,1
371,71,681,50,16,21,1,1,1
372,71,681,51,16,21,1,1,1
373,71,680,51,17,22,1,1,1
374,71,680,52,17,22,1,1,1
375,71,680,52,17,23,1,1,1
376,71,679,52,18,24,1,1,1
377,71,679,53,18,24,1,1,1
378,71,679,53,18,25,1,1,1
379,71,679,54,18,25,1,1,1
380,71,679,55,18,25,1,1,1
381,71,679,56,18,25,1,1,1
382,71,679,57,18,25,1,1,1
383,71,679,58,18,25,1,1,1
384,71,679,59,18,25,1,1,1
385,71,679,60,18,25,1,1,1
386,71,679,61,18,25,1,1,1
387,71,679,62,18,25,1,1,1
388,71,679,63,18,25,1,1,1
389,71,680,64,18,25,1,1,1
390,71,679,65,18,25,1,1,1
391,71,679,66,18,25,1,1,1
392,71,679,67,18,25,1,1,1
393,71,679,68,18,25,1,1,1
394,71,679,70,18,25,1,1,1
395,71,678,71,18,25,1,1,1
396,71,678,72,18,25,1,1,1
397,71,678,73,18,25,1,1,1
398,71,678,74,18,25,1,1,1
399,71,678,76,18,25,1,1,1
400,71,677,77,18,25,1,1,1
401,71,677,78,18,25,1,1,1
402,71,677,79,18,25,1,1,1
403,71,677,80,18,25,1,1,1
404,71,677,81,18,25,1,1,1
405,71,676,82,18,25,1,1,1
406,71,676,83,18,25,1,1,1
407,71,676,84,18,25,1,1,1
408,71,676,85,18,25,1,1,1
409,71,676,86,18,25,1,1,1
410,71,675,87,18,25,1,1,1
411,71,675,88,18,25,1,1,1
412,71,675,89,18,25,1,1,1
413,71,674,90,18,25,1,1,1
414,71,674,92,18,25,1,1,1
415,71,674,93,18,25,1,1,1
416,71,673,94,18,25,1,1,1
417,71,673,95,18,25,1,1,1
418,71,673,96,18,25,1,1,1
419,71,673,98,18,25,1,1,1
420,71,672,99,18,25,1,1,1
421,71,672,100,18,25,1,1,1
422,71,671,101,18,25,1,1,1
423,71,671,103,18,25,1,1,1
424,71,671,104,18,25,1,1,1
425,71,670,105,18,25,1,1,1
426,71,670,107,18,25,1,1,1
427,71,669,108,18,25,1,1,1
428,71,669,109,18,25,1,1,1
429,71,669,111,18,25,1,1,1
430,71,668,112,18,25,1,1,1
431,71,668,113,18,25,1,1,1
432,71,668,114,18,25,1,1,1
433,71,668,115,18,25,1,1,1
434,71,668,116,18,25,1,1,1
435,71,667,117,18,25,1,1,1
436,71,667,118,18,25,1,1,1
437,71,667,119,18,25,1,1,1
438,71,667,120,18,25,1,1,1
439,71,667,121,18,25,1,1,1
440,71,666,122,18,25,1,1,1
441,71,665,123,18,25,1,1,1
442,71,665,124,18,25,1,1,1
443,71,664,126,18,25,1,1,1
444,71,664,127,18,25,1,1,1
445,71,663,128,18,25,1,1,1
446,71,662,130,18,25,1,1,1
447,71,662,131,18,25,1,1,1
448,71,661,132,18,25,1,1,1
449,71,661,134,18,25,1,1,1
450,71,660,135,18,25,1,1,1
451,71,660,136,18,25,1,1,1
452,71,659,137,18,25,1,1,1
453,71,659,138,18,25,1,1,1
454,71,659,140,18,25,1,1,1
455,71,658,141,18,25,1,1,1
456,71,658,142,18,25,1,1,1
457,71,657,143,18,25,1,1,1
458,71,657,144,18,25,1,1,1
459,71,657,146,18,25,1,1,1
460,71,656,147,18,25,1,1,1
461,71,656,149,18,25,1,1,1
462,71,655,150,18,25,1,1,1
463,71,655,152,18,25,1,1,1
464,71,655,153,18,25,1,1,1
465,71,654,155,18,25,1,1,1
466,71,654,156,18,25,1,1,1
467,71,653,158,18,25,1,1,1
468,71,653,159,18,25,1,1,1
469,71,653,161,18,25,1,1,1
470,71,652,162,18,25,1,1,1
471,71,651,163,18,25,1,1,1
472,71,651,164,18,25,1,1,1
473,71,650,166,18,25,1,1,1
474,71,650,167,18,25,1,1,1
475,71,649,168,18,25,1,1,1
476,71,648,170,18,25,1,1,1
477,71,648,171,18,25,1,1,1
478,71,647,172,18,25,1,1,1
479,71,647,174,18,25,1,1,1
480,71,646,175,18,25,1,1,1
481,71,646,176,18,25,1,1,1
482,71,645,177,18,25,1,1,1
483,71,645,179,18,25,1,1,1
484,71,644,180,18,25,1,1,1
485,71,644,181,18,25,1,1,1
486,71,643,183,18,25,1,1,1
487,71,643,184,18,25,1,1,1
488,71,642,185,18,25,1,1,1
489,71,642,187,18,25,1,1,1
