0,2,1485,726,12,18,1,1,1
1,2,1484,726,12,18,1,1,1
2,2,1483,726,13,18,1,1,1
3,2,1482,726,14,18,1,1,1
4,2,1482,727,14,17,1,1,1
5,2,1481,727,15,18,1,1,1
6,2,1480,727,16,18,1,1,1
7,2,1480,728,16,17,1,1,1
8,2,1479,728,17,17,1,1,1
9,2,1478,728,18,17,1,1,1
10,2,1478,729,18,17,1,1,1
11,2,1478,729,18,17,1,1,1
12,2,1478,729,18,17,1,1,1
13,2,1478,729,18,17,1,1,1
14,2,1478,730,18,17,1,1,1
15,2,1478,730,18,17,1,1,1
16,2,1478,730,18,17,1,1,1
17,2,1478,731,18,17,1,1,1
18,2,1478,731,18,17,1,1,1
19,2,1478,731,18,17,1,1,1
20,2,1478,732,18,17,1,1,1
21,2,1477,732,18,17,1,1,1
22,2,1477,732,18,17,1,1,1
23,2,1477,732,18,17,1,1,1
24,2,1477,732,18,17,1,1,1
25,2,1477,732,18,17,1,1,1
26,2,1477,732,18,17,1,1,1
27,2,1477,732,18,17,1,1,1
28,2,1477,732,18,17,1,1,1
29,2,1477,732,18,17,1,1,1
30,2,1477,732,18,17,1,1,1
31,2,1477,732,18,17,1,1,1
32,2,1477,732,18,17,1,1,1
33,2,1477,732,18,17,1,1,1
34,2,1477,732,18,17,1,1,1
35,2,1477,732,18,17,1,1,1
36,2,1477,732,18,17,1,1,1
37,2,1477,732,18,17,1,1,1
38,2,1477,732,18,17,1,1,1
39,2,1477,732,18,17,1,1,1
40,2,1477,733,18,17,1,1,1
41,2,1477,733,18,17,1,1,1
42,2,1477,733,18,17,1,1,1
43,2,1477,733,18,17,1,1,1
44,2,1477,733,18,17,1,1,1
45,2,1477,733,18,17,1,1,1
46,2,1477,733,18,17,1,1,1
47,2,1477,733,18,17,1,1,1
48,2,1477,733,18,17,1,1,1
49,2,1477,733,18,17,1,1,1
50,2,1477,733,18,17,1,1,1
51,2,1477,733,17,17,1,1,1
52,2,1477,733,17,17,1,1,1
53,2,1477,733,17,17,1,1,1
54,2,1477,733,17,17,1,1,1
55,2,1477,733,17,17,1,1,1
56,2,1477,733,17,17,1,1,1
57,2,1477,733,17,17,1,1,1
58,2,1477,733,17,17,1,1,1
59,2,1477,733,17,17,1,1,1
60,2,1477,734,17,17,1,1,1
61,2,1477,734,17,17,1,1,1
62,2,1477,734,17,17,1,1,1
63,2,1477,734,17,17,1,1,1
64,2,1477,734,17,17,1,1,1
65,2,1477,734,17,17,1,1,1
66,2,1477,734,17,17,1,1,1
67,2,1477,734,17,17,1,1,1
68,2,1477,734,17,17,1,1,1
69,2,1477,734,17,17,1,1,1
70,2,1477,734,17,17,1,1,1
71,2,1477,734,17,17,1,1,1
72,2,1477,734,17,17,1,1,1
73,2,1477,734,17,17,1,1,1
74,2,1477,734,17,17,1,1,1
75,2,1477,734,17,17,1,1,1
76,2,1477,734,17,17,1,1,1
77,2,1477,734,17,17,1,1,1
78,2,1477,734,17,17,1,1,1
79,2,1477,734,17,17,1,1,1
80,2,1477,735,17,17,1,1,1
81,2,1477,735,17,17,1,1,1
82,2,1477,735,17,17,1,1,1
83,2,1477,735,17,17,1,1,1
84,2,1477,735,17,17,1,1,1
85,2,1477,735,17,17,1,1,1
86,2,1477,735,17,17,1,1,1
87,2,1477,735,17,17,1,1,1
88,2,1477,735,17,17,1,1,1
89,2,1477,735,17,17,1,1,1
90,2,1478,735,17,17,1,1,1
91,2,1477,734,17,17,1,1,1
92,2,1477,734,17,17,1,1,1
93,2,1477,734,17,17,1,1,1
94,2,1477,734,17,17,1,1,1
95,2,1477,734,17,17,1,1,1
96,2,1477,734,17,17,1,1,1
97,2,1477,734,17,17,1,1,1
98,2,1477,734,17,17,1,1,1
99,2,1477,734,17,17,1,1,1
100,2,1477,734,17,17,1,1,1
101,2,1477,734,17,17,1,1,1
102,2,1477,734,17,17,1,1,1
103,2,1477,734,17,17,1,1,1
104,2,1477,734,17,17,1,1,1
105,2,1477,734,17,17,1,1,1
106,2,1477,734,17,17,1,1,1
107,2,1477,734,17,17,1,1,1
108,2,1477,734,17,17,1,1,1
109,2,1477,734,17,17,1,1,1
110,2,1477,734,17,17,1,1,1
111,2,1477,733,17,17,1,1,1
112,2,1477,733,17,17,1,1,1
113,2,1477,733,17,17,1,1,1
114,2,1477,733,17,17,1,1,1
115,2,1477,733,17,17,1,1,1
116,2,1477,733,17,17,1,1,1
117,2,1477,733,17,17,1,1,1
118,2,1477,733,17,17,1,1,1
119,2,1477,733,17,17,1,1,1
120,2,1477,733,17,17,1,1,1
121,2,1477,733,17,17,1,1,1
122,2,1477,733,17,17,1,1,1
123,2,1477,733,17,17,1,1,1
124,2,1477,733,17,17,1,1,1
125,2,1477,733,17,17,1,1,1
126,2,1477,733,17,17,1,1,1
127,2,1477,733,17,17,1,1,1
128,2,1477,733,17,17,1,1,1
129,2,1477,733,17,17,1,1,1
130,2,1477,733,17,17,1,1,1
131,2,1476,733,17,17,1,1,1
132,2,1476,733,17,17,1,1,1
133,2,1476,733,17,17,1,1,1
134,2,1476,733,17,17,1,1,1
135,2,1476,733,17,17,1,1,1
136,2,1476,733,17,17,1,1,1
137,2,1476,733,17,17,1,1,1
138,2,1476,733,17,17,1,1,1
139,2,1476,733,17,17,1,1,1
140,2,1476,733,17,17,1,1,1
141,2,1475,733,17,17,1,1,1
142,2,1475,733,17,17,1,1,1
143,2,1475,733,17,17,1,1,1
144,2,1475,733,17,17,1,1,1
145,2,1475,733,17,17,1,1,1
146,2,1475,733,17,17,1,1,1
147,2,1475,733,17,17,1,1,1
148,2,1475,733,17,17,1,1,1
149,2,1475,733,17,17,1,1,1
150,2,1475,733,17,17,1,1,1
151,2,1474,733,17,17,1,1,1
152,2,1474,733,17,17,1,1,1
153,2,1474,733,17,17,1,1,1
154,2,1473,733,17,17,1,1,1
155,2,1473,733,17,17,1,1,1
156,2,1473,733,17,17,1,1,1
157,2,1472,733,17,17,1,1,1
158,2,1472,733,17,17,1,1,1
159,2,1472,733,17,17,1,1,1
160,2,1472,733,17,17,1,1,1
161,2,1472,732,17,17,1,1,1
162,2,1472,732,17,17,1,1,1
163,2,1472,732,17,17,1,1,1
164,2,1472,732,17,17,1,1,1
165,2,1473,732,17,17,1,1,1
166,2,1473,731,17,17,1,1,1
167,2,1473,731,17,17,1,1,1
168,2,1473,731,17,17,1,1,1
169,2,1473,731,17,17,1,1,1
170,2,1474,731,17,17,1,1,1
171,2,1474,730,17,17,1,1,1
172,2,1474,730,17,17,1,1,1
173,2,1474,730,17,17,1,1,1
174,2,1475,729,17,17,1,1,1
175,2,1475,729,17,17,1,1,1
176,2,1475,729,17,17,1,1,1
177,2,1476,728,17,17,1,1,1
178,2,1476,728,17,17,1,1,1
179,2,1476,728,17,17,1,1,1
180,2,1477,728,17,17,1,1,1
181,2,1476,727,17,17,1,1,1
182,2,1476,727,17,17,1,1,1
183,2,1476,726,17,18,1,1,1
184,2,1476,726,16,18,1,1,1
185,2,1476,725,16,19,1,1,1
186,2,1475,725,17,19,1,1,1
187,2,1475,724,16,20,1,1,1
188,2,1475,724,16,20,1,1,1
189,2,1475,723,16,21,1,1,1
190,2,1475,723,16,21,1,1,1
191,2,1474,723,16,21,1,1,1
192,2,1474,723,16,21,1,1,1
193,2,1474,723,16,21,1,1,1
194,2,1474,723,16,21,1,1,1
195,2,1474,723,16,21,1,1,1
196,2,1474,723,16,21,1,1,1
197,2,1474,723,16,21,1,1,1
198,2,1474,723,16,21,1,1,1
199,2,1474,723,16,21,1,1,1
200,2,1474,723,16,21,1,1,1
201,2,1474,723,16,21,1,1,1
202,2,1474,723,16,21,1,1,1
203,2,1474,723,16,21,1,1,1
204,2,1474,723,16,21,1,1,1
205,2,1474,723,16,21,1,1,1
206,2,1474,723,16,21,1,1,1
207,2,1474,723,16,21,1,1,1
208,2,1474,723,16,21,1,1,1
209,2,1474,723,16,21,1,1,1
210,2,1474,723,16,21,1,1,1
211,2,1474,723,16,21,1,1,1
212,2,1474,723,16,21,1,1,1
213,2,1474,723,16,21,1,1,1
214,2,1474,723,16,21,1,1,1
215,2,1474,723,16,21,1,1,1
216,2,1473,723,16,21,1,1,1
217,2,1473,723,16,21,1,1,1
218,2,1473,723,16,21,1,1,1
219,2,1473,723,16,21,1,1,1
220,2,1473,723,16,21,1,1,1
221,2,1473,723,16,21,1,1,1
222,2,1473,723,16,21,1,1,1
223,2,1473,723,16,21,1,1,1
224,2,1473,723,16,21,1,1,1
225,2,1473,723,16,21,1,1,1
226,2,1473,723,16,21,1,1,1
227,2,1473,723,16,21,1,1,1
228,2,1473,723,16,21,1,1,1
229,2,1473,723,16,21,1,1,1
230,2,1473,723,16,21,1,1,1
231,2,1473,723,16,21,1,1,1
232,2,1473,723,16,21,1,1,1
233,2,1473,723,16,21,1,1,1
234,2,1473,723,16,21,1,1,1
235,2,1473,723,16,21,1,1,1
236,2,1473,723,16,21,1,1,1
237,2,1473,723,16,21,1,1,1
238,2,1473,723,16,21,1,1,1
239,2,1473,723,16,21,1,1,1
240,2,1473,724,16,21,1,1,1
241,2,1473,723,16,21,1,1,1
242,2,1473,723,16,21,1,1,1
243,2,1473,723,16,21,1,1,1
244,2,1473,723,16,21,1,1,1
245,2,1474,723,16,21,1,1,1
246,2,1474,723,16,21,1,1,1
247,2,1474,723,16,21,1,1,1
248,2,1474,723,16,21,1,1,1
249,2,1474,723,16,21,1,1,1
250,2,1475,723,16,21,1,1,1
251,2,1475,722,16,21,1,1,1
252,2,1475,722,16,21,1,1,1
253,2,1475,722,16,21,1,1,1
254,2,1475,722,16,21,1,1,1
255,2,1475,722,16,21,1,1,1
256,2,1475,722,16,21,1,1,1
257,2,1475,722,16,21,1,1,1
258,2,1475,722,16,21,1,1,1
259,2,1475,722,16,21,1,1,1
260,2,1475,722,16,21,1,1,1
261,2,1475,722,16,21,1,1,1
262,2,1475,722,16,21,1,1,1
263,2,1475,722,16,21,1,1,1
264,2,1475,722,16,21,1,1,1
265,2,1475,722,16,21,1,1,1
266,2,1475,722,16,21,1,1,1
267,2,1475,722,16,21,1,1,1
268,2,1475,722,16,21,1,1,1
269,2,1475,722,16,21,1,1,1
270,2,1476,722,16,21,1,1,1
271,2,1476,722,16,21,1,1,1
272,2,1476,722,16,21,1,1,1
273,2,1476,722,16,21,1,1,1
274,2,1476,722,16,21,1,1,1
275,2,1476,722,16,21,1,1,1
276,2,1476,722,16,21,1,1,1
277,2,1476,722,16,21,1,1,1
278,2,1476,722,16,21,1,1,1
279,2,1476,722,16,21,1,1,1
280,2,1476,722,16,21,1,1,1
281,2,1476,722,16,21,1,1,1
282,2,1476,722,16,21,1,1,1
283,2,1476,722,16,21,1,1,1
284,2,1476,722,16,21,1,1,1
285,2,1476,722,16,21,1,1,1
286,2,1476,722,16,21,1,1,1
287,2,1476,722,16,21,1,1,1
288,2,1476,722,16,21,1,1,1
289,2,1476,722,16,21,1,1,1
290,2,1477,722,16,21,1,1,1
291,2,1476,722,17,21,1,1,1
292,2,1476,722,17,21,1,1,1
293,2,1476,722,17,21,1,1,1
294,2,1476,722,17,21,1,1,1
295,2,1476,722,17,21,1,1,1
296,2,1476,722,17,21,1,1,1
297,2,1476,722,17,21,1,1,1
298,2,1476,722,17,21,1,1,1
299,2,1476,722,17,21,1,1,1
300,2,1476,722,17,21,1,1,1
301,2,1476,722,17,21,1,1,1
302,2,1476,722,17,21,1,1,1
303,2,1476,722,17,21,1,1,1
304,2,1476,722,17,21,1,1,1
305,2,1476,722,17,21,1,1,1
306,2,1476,722,17,21,1,1,1
307,2,1476,722,17,21,1,1,1
308,2,1476,722,17,21,1,1,1
309,2,1476,722,17,21,1,1,1
310,2,1476,722,17,21,1,1,1
311,2,1476,722,17,21,1,1,1
312,2,1476,722,17,21,1,1,1
313,2,1476,722,17,21,1,1,1
314,2,1476,722,17,21,1,1,1
315,2,1476,722,17,21,1,1,1
316,2,1476,722,17,21,1,1,1
317,2,1476,722,17,21,1,1,1
318,2,1476,722,17,21,1,1,1
319,2,1476,722,17,21,1,1,1
320,2,1476,722,17,21,1,1,1
321,2,1476,722,17,21,1,1,1
322,2,1476,722,17,21,1,1,1
323,2,1476,722,17,21,1,1,1
324,2,1476,722,17,21,1,1,1
325,2,1476,722,17,21,1,1,1
326,2,1476,722,17,21,1,1,1
327,2,1476,722,17,21,1,1,1
328,2,1476,722,17,21,1,1,1
329,2,1476,722,17,21,1,1,1
330,2,1476,722,17,21,1,1,1
331,2,1475,721,17,21,1,1,1
332,2,1475,721,17,21,1,1,1
333,2,1474,721,17,21,1,1,1
334,2,1474,721,17,21,1,1,1
335,2,1474,721,17,21,1,1,1
336,2,1473,720,17,21,1,1,1
337,2,1473,720,17,21,1,1,1
338,2,1472,720,17,21,1,1,1
339,2,1472,720,17,21,1,1,1
340,2,1472,720,17,21,1,1,1
341,2,1472,719,17,21,1,1,1
342,2,1472,719,17,21,1,1,1
343,2,1472,719,17,21,1,1,1
344,2,1472,719,17,21,1,1,1
345,2,1472,719,17,21,1,1,1
346,2,1472,719,17,21,1,1,1
347,2,1472,719,17,21,1,1,1
348,2,1473,719,17,21,1,1,1
349,2,1473,719,17,21,1,1,1
350,2,1473,719,17,21,1,1,1
351,2,1473,719,17,21,1,1,1
352,2,1473,719,17,21,1,1,1
353,2,1473,719,17,21,1,1,1
354,2,1473,719,17,21,1,1,1
355,2,1474,719,17,21,1,1,1
356,2,1474,718,17,21,1,1,1
357,2,1474,718,17,21,1,1,1
358,2,1474,718,17,21,1,1,1
359,2,1474,718,17,21,1,1,1
360,2,1474,718,17,21,1,1,1
361,2,1474,718,17,21,1,1,1
362,2,1474,718,17,21,1,1,1
363,2,1475,718,17,21,1,1,1
364,2,1475,718,17,21,1,1,1
365,2,1475,718,17,21,1,1,1
366,2,1475,718,17,21,1,1,1
367,2,1475,718,17,21,1,1,1
368,2,1475,718,17,21,1,1,1
369,2,1475,718,17,21,1,1,1
370,2,1476,718,17,21,1,1,1
371,2,1476,717,17,21,1,1,1
372,2,1476,717,17,21,1,1,1
373,2,1476,717,17,21,1,1,1
374,2,1476,716,17,21,1,1,1
375,2,1476,716,17,21,1,1,1
376,2,1476,716,17,21,1,1,1
377,2,1476,715,17,21,1,1,1
378,2,1476,715,17,21,1,1,1
379,2,1476,715,17,21,1,1,1
380,2,1477,715,17,21,1,1,1
381,2,1477,715,17,21,1,1,1
382,2,1477,715,17,21,1,1,1
383,2,1477,715,17,21,1,1,1
384,2,1477,715,17,21,1,1,1
385,2,1478,715,17,21,1,1,1
386,2,1478,715,17,21,1,1,1
387,2,1478,715,17,21,1,1,1
388,2,1478,715,17,21,1,1,1
389,2,1478,715,17,21,1,1,1
390,2,1479,715,17,21,1,1,1
391,2,1478,714,17,21,1,1,1
392,2,1478,714,17,21,1,1,1
393,2,1478,714,17,21,1,1,1
394,2,1478,714,17,21,1,1,1
395,2,1478,714,17,21,1,1,1
396,2,1478,714,17,21,1,1,1
397,2,1478,714,17,21,1,1,1
398,2,1478,714,17,21,1,1,1
399,2,1478,714,17,21,1,1,1
400,2,1478,714,17,21,1,1,1
401,2,1478,714,17,21,1,1,1
402,2,1478,714,17,21,1,1,1
403,2,1478,714,17,21,1,1,1
404,2,1478,714,17,21,1,1,1
405,2,1478,714,17,21,1,1,1
406,2,1478,714,17,21,1,1,1
407,2,1478,714,17,21,1,1,1
408,2,1478,714,17,21,1,1,1
409,2,1478,714,17,21,1,1,1
410,2,1478,714,17,21,1,1,1
411,2,1478,713,17,21,1,1,1
412,2,1478,713,17,21,1,1,1
413,2,1478,713,17,21,1,1,1
414,2,1478,713,17,21,1,1,1
415,2,1478,713,17,21,1,1,1
416,2,1478,712,17,21,1,1,1
417,2,1478,712,17,21,1,1,1
418,2,1478,712,17,21,1,1,1
419,2,1478,712,17,21,1,1,1
420,2,1478,712,17,21,1,1,1
421,2,1478,711,17,21,1,1,1
422,2,1478,711,17,21,1,1,1
423,2,1478,711,17,21,1,1,1
424,2,1478,711,17,21,1,1,1
425,2,1478,711,17,21,1,1,1
426,2,1478,711,17,21,1,1,1
427,2,1478,711,17,21,1,1,1
428,2,1478,711,17,21,1,1,1
429,2,1478,711,17,21,1,1,1
430,2,1478,711,17,21,1,1,1
431,2,1478,710,17,21,1,1,1
432,2,1478,710,17,21,1,1,1
433,2,1478,709,17,21,1,1,1
434,2,1478,709,17,21,1,1,1
435,2,1479,709,17,21,1,1,1
436,2,1479,708,17,21,1,1,1
437,2,1479,708,17,21,1,1,1
438,2,1479,707,17,21,1,1,1
439,2,1479,707,17,21,1,1,1
440,2,1480,707,17,21,1,1,1
441,2,1480,707,17,21,1,1,1
442,2,1480,707,17,21,1,1,1
443,2,1481,707,16,21,1,1,1
444,2,1481,707,16,21,1,1,1
445,2,1482,707,15,21,1,1,1
446,2,1482,707,15,21,1,1,1
447,2,1482,707,15,21,1,1,1
448,2,1483,707,14,21,1,1,1
449,2,1483,707,14,21,1,1,1
699,2,1478,735,17,17,1,1,1
20,6,1204,251,10,16,1,1,1
21,6,1202,250,10,16,1,1,1
22,6,1201,250,10,16,1,1,1
23,6,1200,249,10,16,1,1,1
24,6,1198,249,10,16,1,1,1
25,6,1197,248,10,16,1,1,1
26,6,1196,248,10,16,1,1,1
27,6,1194,247,10,16,1,1,1
28,6,1193,247,10,16,1,1,1
29,6,1192,246,10,16,1,1,1
30,6,1191,246,10,16,1,1,1
31,6,1189,245,10,16,1,1,1
32,6,1188,245,10,16,1,1,1
33,6,1186,245,10,16,1,1,1
34,6,1185,244,10,16,1,1,1
35,6,1184,244,10,16,1,1,1
36,6,1182,244,10,16,1,1,1
37,6,1181,243,10,16,1,1,1
38,6,1179,243,10,16,1,1,1
39,6,1178,243,10,16,1,1,1
40,6,1177,243,10,16,1,1,1
41,6,1175,242,10,16,1,1,1
42,6,1174,242,10,16,1,1,1
43,6,1173,242,10,16,1,1,1
44,6,1171,242,10,16,1,1,1
45,6,1170,242,10,16,1,1,1
46,6,1169,241,10,16,1,1,1
47,6,1167,241,10,16,1,1,1
48,6,1166,241,10,16,1,1,1
49,6,1165,241,10,16,1,1,1
50,6,1164,241,10,16,1,1,1
51,6,1162,240,10,16,1,1,1
52,6,1161,240,10,16,1,1,1
53,6,1159,240,10,16,1,1,1
54,6,1158,240,10,16,1,1,1
55,6,1156,240,10,16,1,1,1
56,6,1155,239,10,16,1,1,1
57,6,1153,239,10,16,1,1,1
58,6,1152,239,10,16,1,1,1
59,6,1150,239,10,16,1,1,1
130,6,1070,227,10,16,1,1,1
131,6,1068,226,10,16,1,1,1
132,6,1067,226,10,16,1,1,1
133,6,1066,226,10,16,1,1,1
134,6,1065,226,10,16,1,1,1
135,6,1064,226,10,16,1,1,1
136,6,1062,225,10,16,1,1,1
137,6,1061,225,10,16,1,1,1
138,6,1060,225,10,16,1,1,1
139,6,1059,225,10,16,1,1,1
140,6,1058,225,10,16,1,1,1
141,6,1056,224,10,16,1,1,1
142,6,1055,224,10,16,1,1,1
143,6,1054,223,10,16,1,1,1
144,6,1053,223,10,16,1,1,1
145,6,1052,223,10,16,1,1,1
146,6,1051,222,10,16,1,1,1
147,6,1050,222,10,16,1,1,1
148,6,1049,221,10,16,1,1,1
149,6,1048,221,10,16,1,1,1
150,6,1047,221,10,16,1,1,1
151,6,1045,220,10,16,1,1,1
152,6,1044,220,10,16,1,1,1
153,6,1042,220,10,16,1,1,1
154,6,1041,220,10,16,1,1,1
155,6,1040,220,10,16,1,1,1
156,6,1038,219,10,16,1,1,1
157,6,1037,219,10,16,1,1,1
158,6,1035,219,10,16,1,1,1
159,6,1034,219,10,16,1,1,1
160,6,1033,219,10,16,1,1,1
161,6,1032,218,10,16,1,1,1
162,6,1031,218,10,16,1,1,1
163,6,1030,217,10,16,1,1,1
164,6,1029,217,10,16,1,1,1
165,6,1028,217,10,16,1,1,1
166,6,1027,216,10,16,1,1,1
167,6,1026,216,10,16,1,1,1
168,6,1025,215,10,16,1,1,1
169,6,1024,215,10,16,1,1,1
170,6,1024,215,10,16,1,1,1
171,6,1023,214,10,16,1,1,1
172,6,1022,214,10,16,1,1,1
173,6,1021,213,10,16,1,1,1
174,6,1020,213,10,16,1,1,1
175,6,1020,213,10,16,1,1,1
176,6,1019,212,10,16,1,1,1
177,6,1018,212,10,16,1,1,1
178,6,1017,211,10,16,1,1,1
179,6,1016,211,10,16,1,1,1
180,6,1016,211,10,16,1,1,1
181,6,1014,210,10,16,1,1,1
182,6,1013,210,10,16,1,1,1
183,6,1011,210,10,16,1,1,1
184,6,1010,209,10,16,1,1,1
185,6,1009,209,10,16,1,1,1
186,6,1007,209,10,16,1,1,1
187,6,1006,208,10,16,1,1,1
188,6,1004,208,10,16,1,1,1
189,6,1003,208,10,16,1,1,1
190,6,1002,208,10,16,1,1,1
191,6,1000,208,10,16,1,1,1
192,6,999,208,10,16,1,1,1
193,6,998,208,10,16,1,1,1
194,6,997,208,10,16,1,1,1
195,6,996,208,10,16,1,1,1
196,6,994,208,10,16,1,1,1
197,6,993,208,10,16,1,1,1
198,6,992,208,10,16,1,1,1
199,6,991,208,10,16,1,1,1
200,6,990,209,10,16,1,1,1
201,6,989,208,10,16,1,1,1
202,6,989,207,10,16,1,1,1
203,6,989,206,10,16,1,1,1
204,6,989,205,10,16,1,1,1
205,6,989,204,10,16,1,1,1
206,6,988,203,10,16,1,1,1
207,6,988,202,10,16,1,1,1
208,6,988,201,10,16,1,1,1
209,6,988,200,10,16,1,1,1
210,6,988,200,10,15,1,1,1
211,6,987,199,10,15,1,1,1
212,6,986,199,10,15,1,1,1
213,6,985,199,10,15,1,1,1
214,6,984,198,10,15,1,1,1
215,6,984,198,10,15,1,1,1
216,6,983,198,10,15,1,1,1
217,6,982,197,10,15,1,1,1
218,6,981,197,10,15,1,1,1
219,6,980,197,10,15,1,1,1
220,6,980,197,10,15,1,1,1
221,6,979,196,10,15,1,1,1
222,6,978,196,10,15,1,1,1
223,6,977,196,10,15,1,1,1
224,6,976,196,10,15,1,1,1
225,6,975,196,10,15,1,1,1
226,6,974,195,10,15,1,1,1
227,6,973,195,10,15,1,1,1
228,6,972,195,10,15,1,1,1
229,6,971,195,10,15,1,1,1
570,6,759,42,9,13,1,1,1
571,6,758,41,9,13,1,1,1
572,6,758,41,9,12,1,1,1
573,6,757,40,9,12,1,1,1
574,6,757,40,9,11,1,1,1
575,6,757,40,8,11,1,1,1
576,6,756,39,9,11,1,1,1
577,6,756,39,8,10,1,1,1
578,6,755,38,9,10,1,1,1
579,6,755,38,8,9,1,1,1
580,6,755,38,8,9,1,1,1
581,6,754,37,8,9,1,1,1
582,6,754,37,8,9,1,1,1
583,6,753,36,8,9,1,1,1
584,6,753,36,8,9,1,1,1
585,6,753,36,8,9,1,1,1
586,6,752,35,8,9,1,1,1
587,6,752,35,8,9,1,1,1
588,6,751,34,8,9,1,1,1
589,6,751,34,8,9,1,1,1
590,6,751,34,8,9,1,1,1
591,6,750,33,8,9,1,1,1
592,6,749,33,8,9,1,1,1
593,6,749,32,8,9,1,1,1
594,6,748,32,8,9,1,1,1
595,6,748,32,8,9,1,1,1
596,6,747,31,8,9,1,1,1
597,6,746,31,8,9,1,1,1
598,6,746,30,8,9,1,1,1
599,6,745,30,8,9,1,1,1
530,7,770,55,11,19,1,1,1
531,7,769,54,11,18,1,1,1
532,7,768,53,11,18,1,1,1
533,7,767,52,11,18,1,1,1
534,7,766,51,11,18,1,1,1
535,7,765,50,11,18,1,1,1
536,7,764,49,11,18,1,1,1
537,7,763,48,11,18,1,1,1
538,7,762,47,11,18,1,1,1
539,7,761,46,11,18,1,1,1
30,9,1496,380,11,18,1,1,1
31,9,1494,380,11,18,1,1,1
32,9,1492,380,11,18,1,1,1
33,9,1491,380,11,18,1,1,1
34,9,1489,380,11,18,1,1,1
35,9,1488,380,11,18,1,1,1
36,9,1486,380,11,18,1,1,1
37,9,1484,380,11,18,1,1,1
38,9,1483,380,11,18,1,1,1
39,9,1481,380,11,18,1,1,1
40,9,1480,381,11,18,1,1,1
41,9,1478,380,11,18,1,1,1
42,9,1476,380,11,18,1,1,1
43,9,1474,379,11,18,1,1,1
44,9,1473,379,11,18,1,1,1
45,9,1471,379,11,18,1,1,1
46,9,1469,378,11,18,1,1,1
47,9,1468,378,11,18,1,1,1
48,9,1466,377,11,18,1,1,1
49,9,1464,377,11,18,1,1,1
50,9,1463,377,11,18,1,1,1
51,9,1461,377,11,18,1,1,1
52,9,1460,377,11,18,1,1,1
53,9,1458,377,11,18,1,1,1
54,9,1457,377,11,18,1,1,1
55,9,1455,377,11,18,1,1,1
56,9,1454,377,11,18,1,1,1
57,9,1452,377,11,18,1,1,1
58,9,1451,377,11,18,1,1,1
59,9,1449,377,11,18,1,1,1
60,9,1448,378,11,18,1,1,1
61,9,1446,378,11,18,1,1,1
62,9,1445,378,11,18,1,1,1
63,9,1443,378,11,18,1,1,1
64,9,1442,378,11,18,1,1,1
65,9,1441,378,11,18,1,1,1
66,9,1439,378,11,18,1,1,1
67,9,1438,378,11,18,1,1,1
68,9,1436,378,11,18,1,1,1
69,9,1435,378,11,18,1,1,1
70,9,1434,378,11,18,1,1,1
71,9,1432,378,11,18,1,1,1
72,9,1431,378,11,18,1,1,1
73,9,1429,378,11,18,1,1,1
74,9,1428,378,11,18,1,1,1
75,9,1427,379,11,18,1,1,1
76,9,1425,379,11,18,1,1,1
77,9,1424,379,11,18,1,1,1
78,9,1422,379,11,18,1,1,1
79,9,1421,379,11,18,1,1,1
80,9,1420,380,11,18,1,1,1
81,9,1418,380,11,18,1,1,1
82,9,1416,380,12,18,1,1,1
83,9,1415,380,11,18,1,1,1
84,9,1413,380,12,18,1,1,1
85,9,1412,380,12,18,1,1,1
86,9,1410,380,12,18,1,1,1
87,9,1408,380,13,18,1,1,1
88,9,1407,380,12,18,1,1,1
89,9,1405,380,13,18,1,1,1
90,9,1404,380,13,19,1,1,1
91,9,1402,380,13,18,1,1,1
92,9,1400,380,13,18,1,1,1
93,9,1398,380,13,18,1,1,1
94,9,1397,380,12,18,1,1,1
95,9,1395,381,12,17,1,1,1
96,9,1393,381,12,17,1,1,1
97,9,1392,381,11,17,1,1,1
98,9,1390,381,11,17,1,1,1
99,9,1388,381,11,17,1,1,1
100,9,1387,382,11,16,1,1,1
101,9,1385,382,11,16,1,1,1
102,9,1384,382,11,16,1,1,1
103,9,1382,382,11,16,1,1,1
104,9,1381,382,11,16,1,1,1
105,9,1380,382,11,16,1,1,1
106,9,1378,382,11,16,1,1,1
107,9,1377,382,11,16,1,1,1
108,9,1375,382,11,16,1,1,1
109,9,1374,382,11,16,1,1,1
110,9,1373,382,11,16,1,1,1
111,9,1371,382,11,16,1,1,1
112,9,1369,382,11,16,1,1,1
113,9,1368,382,11,16,1,1,1
114,9,1366,382,11,16,1,1,1
115,9,1365,383,11,16,1,1,1
116,9,1363,383,11,16,1,1,1
117,9,1361,383,11,16,1,1,1
118,9,1360,383,11,16,1,1,1
119,9,1358,383,11,16,1,1,1
120,9,1357,384,11,16,1,1,1
121,9,1355,383,11,16,1,1,1
122,9,1353,383,11,16,1,1,1
123,9,1351,383,11,16,1,1,1
124,9,1350,383,11,16,1,1,1
125,9,1348,383,11,16,1,1,1
126,9,1346,382,11,16,1,1,1
127,9,1345,382,11,16,1,1,1
128,9,1343,382,11,16,1,1,1
129,9,1341,382,11,16,1,1,1
130,9,1340,382,11,16,1,1,1
131,9,1338,382,11,16,1,1,1
132,9,1337,382,11,16,1,1,1
133,9,1335,382,11,16,1,1,1
134,9,1334,383,11,16,1,1,1
135,9,1332,383,11,16,1,1,1
136,9,1331,383,11,16,1,1,1
137,9,1329,384,11,16,1,1,1
138,9,1328,384,11,16,1,1,1
139,9,1326,384,11,16,1,1,1
140,9,1325,385,11,16,1,1,1
141,9,1323,384,11,16,1,1,1
142,9,1322,384,11,16,1,1,1
143,9,1320,384,11,16,1,1,1
144,9,1319,384,11,16,1,1,1
145,9,1317,384,11,16,1,1,1
146,9,1316,383,11,16,1,1,1
147,9,1314,383,11,16,1,1,1
148,9,1313,383,11,16,1,1,1
149,9,1311,383,11,16,1,1,1
150,9,1310,383,11,16,1,1,1
151,9,1308,383,11,16,1,1,1
152,9,1307,383,11,16,1,1,1
153,9,1306,383,11,16,1,1,1
154,9,1305,383,11,16,1,1,1
155,9,1304,384,11,16,1,1,1
156,9,1303,384,11,16,1,1,1
157,9,1302,384,11,16,1,1,1
158,9,1301,384,11,16,1,1,1
159,9,1300,384,11,16,1,1,1
160,9,1299,385,11,16,1,1,1
161,9,1298,385,11,16,1,1,1
162,9,1297,386,11,16,1,1,1
163,9,1296,386,11,16,1,1,1
164,9,1295,387,11,16,1,1,1
165,9,1295,387,11,16,1,1,1
166,9,1294,388,11,16,1,1,1
167,9,1293,388,11,16,1,1,1
168,9,1292,389,11,16,1,1,1
169,9,1291,389,11,16,1,1,1
170,9,1291,390,11,16,1,1,1
171,9,1290,390,11,16,1,1,1
172,9,1290,390,11,16,1,1,1
173,9,1289,390,11,16,1,1,1
174,9,1289,390,11,16,1,1,1
175,9,1288,390,11,16,1,1,1
176,9,1288,390,11,16,1,1,1
177,9,1287,390,11,16,1,1,1
178,9,1287,390,11,16,1,1,1
179,9,1286,390,11,16,1,1,1
180,9,1286,390,11,16,1,1,1
181,9,1285,390,11,16,1,1,1
182,9,1285,390,11,16,1,1,1
183,9,1285,390,11,16,1,1,1
184,9,1284,390,11,16,1,1,1
185,9,1284,390,11,16,1,1,1
186,9,1284,390,11,16,1,1,1
187,9,1283,390,11,16,1,1,1
188,9,1283,390,11,16,1,1,1
189,9,1283,390,11,16,1,1,1
190,9,1283,390,11,16,1,1,1
191,9,1282,390,11,16,1,1,1
192,9,1282,390,11,16,1,1,1
193,9,1281,390,11,16,1,1,1
194,9,1281,390,11,16,1,1,1
195,9,1281,390,11,16,1,1,1
196,9,1280,390,11,16,1,1,1
197,9,1280,390,11,16,1,1,1
198,9,1279,390,11,16,1,1,1
199,9,1279,390,11,16,1,1,1
200,9,1279,390,11,16,1,1,1
201,9,1279,389,11,16,1,1,1
202,9,1279,389,11,16,1,1,1
203,9,1279,389,11,16,1,1,1
204,9,1279,389,11,16,1,1,1
205,9,1279,389,11,16,1,1,1
206,9,1279,389,11,16,1,1,1
207,9,1279,389,11,16,1,1,1
208,9,1279,389,11,16,1,1,1
209,9,1279,389,11,16,1,1,1
210,9,1280,389,11,16,1,1,1
211,9,1279,388,11,16,1,1,1
212,9,1279,388,11,16,1,1,1
213,9,1278,388,11,16,1,1,1
214,9,1278,388,11,16,1,1,1
215,9,1278,388,11,16,1,1,1
216,9,1277,387,11,16,1,1,1
217,9,1277,387,11,16,1,1,1
218,9,1277,387,11,16,1,1,1
219,9,1276,387,11,16,1,1,1
220,9,1276,387,11,16,1,1,1
221,9,1276,386,11,16,1,1,1
222,9,1275,386,11,16,1,1,1
223,9,1275,386,11,16,1,1,1
224,9,1275,386,11,16,1,1,1
225,9,1274,386,11,16,1,1,1
226,9,1274,385,11,16,1,1,1
227,9,1274,385,11,16,1,1,1
228,9,1273,385,11,16,1,1,1
229,9,1273,385,11,16,1,1,1
230,9,1273,385,11,16,1,1,1
231,9,1272,385,11,16,1,1,1
232,9,1272,385,11,16,1,1,1
233,9,1271,385,11,16,1,1,1
234,9,1271,386,11,16,1,1,1
235,9,1271,386,11,16,1,1,1
236,9,1270,386,11,16,1,1,1
237,9,1270,387,11,16,1,1,1
238,9,1269,387,11,16,1,1,1
239,9,1269,387,11,16,1,1,1
240,9,1269,388,11,16,1,1,1
241,9,1268,388,11,16,1,1,1
242,9,1268,388,11,16,1,1,1
243,9,1268,389,11,16,1,1,1
244,9,1268,389,11,16,1,1,1
245,9,1268,390,11,16,1,1,1
246,9,1268,390,11,16,1,1,1
247,9,1268,390,11,16,1,1,1
248,9,1268,391,11,16,1,1,1
249,9,1268,391,11,16,1,1,1
250,9,1268,392,11,16,1,1,1
251,9,1267,392,11,16,1,1,1
252,9,1267,392,11,16,1,1,1
253,9,1267,392,11,16,1,1,1
254,9,1267,393,11,16,1,1,1
255,9,1267,393,11,16,1,1,1
256,9,1267,393,11,16,1,1,1
257,9,1266,393,11,16,1,1,1
258,9,1266,394,11,16,1,1,1
259,9,1266,394,11,16,1,1,1
260,9,1266,394,11,16,1,1,1
261,9,1266,394,11,16,1,1,1
262,9,1266,395,11,16,1,1,1
263,9,1266,395,11,16,1,1,1
264,9,1265,395,11,16,1,1,1
265,9,1265,395,11,16,1,1,1
266,9,1265,396,11,16,1,1,1
267,9,1265,396,11,16,1,1,1
268,9,1265,396,11,16,1,1,1
269,9,1265,396,11,16,1,1,1
270,9,1265,397,11,16,1,1,1
271,9,1264,397,11,16,1,1,1
272,9,1264,397,11,16,1,1,1
273,9,1263,397,11,16,1,1,1
274,9,1263,397,11,16,1,1,1
275,9,1263,397,11,16,1,1,1
276,9,1262,397,11,16,1,1,1
277,9,1262,397,11,16,1,1,1
278,9,1261,397,11,16,1,1,1
279,9,1261,397,11,16,1,1,1
280,9,1261,397,11,16,1,1,1
281,9,1259,397,11,16,1,1,1
282,9,1258,398,11,16,1,1,1
283,9,1257,399,11,16,1,1,1
284,9,1256,399,11,16,1,1,1
285,9,1255,400,11,16,1,1,1
286,9,1253,401,11,16,1,1,1
287,9,1252,401,11,16,1,1,1
288,9,1251,402,11,16,1,1,1
289,9,1250,403,11,16,1,1,1
470,9,1016,469,11,16,1,1,1
471,9,1014,469,11,16,1,1,1
472,9,1013,470,11,16,1,1,1
473,9,1011,471,11,16,1,1,1
474,9,1010,472,11,16,1,1,1
475,9,1009,473,11,16,1,1,1
476,9,1007,473,11,16,1,1,1
477,9,1006,474,11,16,1,1,1
478,9,1004,475,11,16,1,1,1
479,9,1003,476,11,16,1,1,1
480,9,1002,477,11,16,1,1,1
481,9,1000,477,11,16,1,1,1
482,9,998,478,11,16,1,1,1
483,9,996,478,11,16,1,1,1
484,9,995,479,11,16,1,1,1
485,9,993,479,11,16,1,1,1
486,9,991,480,11,16,1,1,1
487,9,990,480,11,16,1,1,1
488,9,988,481,11,16,1,1,1
489,9,986,481,11,16,1,1,1
490,9,985,482,11,16,1,1,1
491,9,983,482,11,16,1,1,1
492,9,981,483,11,16,1,1,1
493,9,979,484,11,16,1,1,1
494,9,977,484,11,16,1,1,1
495,9,975,485,11,16,1,1,1
496,9,973,486,11,16,1,1,1
497,9,971,486,11,16,1,1,1
498,9,969,487,11,16,1,1,1
499,9,967,488,11,16,1,1,1
500,9,966,489,11,16,1,1,1
501,9,964,489,11,16,1,1,1
502,9,962,489,11,16,1,1,1
503,9,960,489,11,16,1,1,1
504,9,959,489,11,16,1,1,1
505,9,957,490,11,16,1,1,1
506,9,955,490,11,16,1,1,1
507,9,954,490,11,16,1,1,1
508,9,952,490,11,16,1,1,1
509,9,950,490,11,16,1,1,1
510,9,949,491,11,16,1,1,1
511,9,947,491,11,16,1,1,1
512,9,946,491,11,16,1,1,1
513,9,944,492,11,16,1,1,1
514,9,943,492,11,16,1,1,1
515,9,941,493,11,16,1,1,1
516,9,940,493,11,16,1,1,1
517,9,938,493,11,16,1,1,1
518,9,937,494,11,16,1,1,1
519,9,935,494,11,16,1,1,1
520,9,934,495,11,16,1,1,1
521,9,932,495,11,16,1,1,1
522,9,930,495,11,16,1,1,1
523,9,929,496,11,16,1,1,1
524,9,927,496,11,16,1,1,1
525,9,926,497,11,16,1,1,1
526,9,924,497,11,16,1,1,1
527,9,922,497,11,16,1,1,1
528,9,921,498,11,16,1,1,1
529,9,919,498,11,16,1,1,1
530,9,918,499,11,16,1,1,1
531,9,916,499,11,16,1,1,1
532,9,914,499,11,16,1,1,1
533,9,913,499,11,16,1,1,1
534,9,911,499,11,16,1,1,1
535,9,910,500,11,16,1,1,1
536,9,908,500,11,16,1,1,1
537,9,906,500,11,16,1,1,1
538,9,905,500,11,16,1,1,1
539,9,903,500,11,16,1,1,1
540,9,902,501,11,16,1,1,1
541,9,900,501,11,16,1,1,1
542,9,898,501,11,16,1,1,1
543,9,896,502,11,16,1,1,1
544,9,894,502,11,16,1,1,1
545,9,893,503,11,16,1,1,1
546,9,891,503,11,16,1,1,1
547,9,889,503,11,16,1,1,1
548,9,887,504,11,16,1,1,1
549,9,885,504,11,16,1,1,1
550,9,884,505,11,16,1,1,1
551,9,882,505,11,16,1,1,1
552,9,881,506,11,16,1,1,1
553,9,879,506,11,16,1,1,1
554,9,878,507,11,16,1,1,1
555,9,876,507,11,16,1,1,1
556,9,875,508,11,16,1,1,1
557,9,873,508,11,16,1,1,1
558,9,872,509,11,16,1,1,1
559,9,870,509,11,16,1,1,1
560,9,869,510,11,16,1,1,1
561,9,867,510,11,16,1,1,1
562,9,865,510,11,16,1,1,1
563,9,863,510,11,16,1,1,1
564,9,862,511,11,16,1,1,1
565,9,860,511,11,16,1,1,1
566,9,858,511,11,16,1,1,1
567,9,857,512,11,16,1,1,1
568,9,855,512,11,16,1,1,1
569,9,853,512,11,16,1,1,1
570,9,852,513,11,16,1,1,1
571,9,850,513,11,16,1,1,1
572,9,848,514,11,16,1,1,1
573,9,846,514,11,16,1,1,1
574,9,845,515,11,16,1,1,1
575,9,843,516,11,16,1,1,1
576,9,841,516,11,16,1,1,1
577,9,840,517,11,16,1,1,1
578,9,838,517,11,16,1,1,1
579,9,836,518,11,16,1,1,1
580,9,835,519,11,16,1,1,1
581,9,833,519,11,16,1,1,1
582,9,831,520,11,16,1,1,1
583,9,829,521,11,16,1,1,1
584,9,827,522,11,16,1,1,1
585,9,825,523,11,16,1,1,1
586,9,823,523,11,16,1,1,1
587,9,821,524,11,16,1,1,1
588,9,819,525,11,16,1,1,1
589,9,817,526,11,16,1,1,1
590,9,816,527,11,16,1,1,1
591,9,814,527,11,16,1,1,1
592,9,812,527,11,16,1,1,1
593,9,811,527,10,16,1,1,1
594,9,809,528,10,15,1,1,1
595,9,808,528,10,16,1,1,1
596,9,806,528,10,16,1,1,1
597,9,804,529,10,15,1,1,1
598,9,803,529,9,15,1,1,1
599,9,801,529,9,15,1,1,1
600,9,800,530,9,15,1,1,1
601,9,798,530,9,15,1,1,1
602,9,796,531,9,15,1,1,1
603,9,795,531,9,15,1,1,1
604,9,793,532,9,15,1,1,1
605,9,792,532,9,15,1,1,1
606,9,790,533,9,15,1,1,1
607,9,788,533,9,15,1,1,1
608,9,787,534,9,15,1,1,1
609,9,785,534,9,15,1,1,1
610,9,784,535,9,15,1,1,1
611,9,782,534,9,15,1,1,1
612,9,780,534,9,15,1,1,1
613,9,778,534,9,15,1,1,1
614,9,776,533,9,15,1,1,1
615,9,775,533,9,15,1,1,1
616,9,773,533,9,15,1,1,1
617,9,771,532,9,15,1,1,1
618,9,769,532,9,15,1,1,1
619,9,767,532,9,15,1,1,1
620,9,766,532,9,15,1,1,1
621,9,763,531,9,15,1,1,1
622,9,761,531,9,15,1,1,1
623,9,759,530,9,15,1,1,1
624,9,757,530,9,15,1,1,1
625,9,755,529,9,15,1,1,1
626,9,753,529,9,15,1,1,1
627,9,751,528,9,15,1,1,1
628,9,749,528,9,15,1,1,1
629,9,747,527,9,15,1,1,1
630,9,745,527,9,15,1,1,1
631,9,742,527,9,15,1,1,1
632,9,740,527,9,15,1,1,1
633,9,738,527,9,15,1,1,1
634,9,736,528,9,15,1,1,1
635,9,734,528,9,15,1,1,1
636,9,731,528,9,15,1,1,1
637,9,729,529,9,15,1,1,1
638,9,727,529,9,15,1,1,1
639,9,725,529,9,15,1,1,1
640,9,723,530,9,15,1,1,1
641,9,721,530,9,15,1,1,1
642,9,719,530,9,15,1,1,1
643,9,717,530,9,15,1,1,1
644,9,715,530,9,15,1,1,1
645,9,713,530,9,15,1,1,1
646,9,711,530,9,15,1,1,1
647,9,709,530,9,15,1,1,1
648,9,707,530,9,15,1,1,1
649,9,705,530,9,15,1,1,1
650,9,704,530,9,15,1,1,1
651,9,701,530,9,15,1,1,1
652,9,699,530,9,15,1,1,1
653,9,697,531,9,15,1,1,1
654,9,695,531,9,15,1,1,1
655,9,693,532,9,15,1,1,1
656,9,691,532,9,15,1,1,1
657,9,689,532,9,15,1,1,1
658,9,687,533,9,15,1,1,1
659,9,685,533,9,15,1,1,1
660,9,683,534,9,15,1,1,1
661,9,681,534,9,15,1,1,1
662,9,679,535,9,15,1,1,1
663,9,677,535,9,15,1,1,1
664,9,675,536,9,15,1,1,1
665,9,673,536,9,15,1,1,1
666,9,671,537,9,15,1,1,1
667,9,669,537,9,15,1,1,1
668,9,667,538,9,15,1,1,1
669,9,665,538,9,15,1,1,1
670,9,663,539,9,15,1,1,1
671,9,661,539,9,15,1,1,1
672,9,659,540,9,15,1,1,1
673,9,657,540,9,15,1,1,1
674,9,655,541,9,15,1,1,1
675,9,653,541,9,15,1,1,1
676,9,651,542,9,15,1,1,1
677,9,649,542,9,15,1,1,1
678,9,647,543,9,15,1,1,1
679,9,645,543,9,15,1,1,1
680,9,643,544,9,15,1,1,1
681,9,641,544,9,15,1,1,1
682,9,639,544,9,15,1,1,1
683,9,637,544,9,15,1,1,1
684,9,635,545,9,15,1,1,1
685,9,634,545,9,15,1,1,1
686,9,632,545,9,15,1,1,1
687,9,630,546,9,15,1,1,1
688,9,628,546,9,15,1,1,1
689,9,626,546,9,15,1,1,1
690,9,625,547,9,15,1,1,1
691,9,623,547,9,15,1,1,1
692,9,621,547,9,15,1,1,1
693,9,619,548,9,15,1,1,1
694,9,617,548,9,15,1,1,1
695,9,616,548,9,15,1,1,1
696,9,614,549,9,15,1,1,1
697,9,612,549,9,15,1,1,1
698,9,610,549,9,15,1,1,1
699,9,609,550,9,15,1,1,1
330,11,1184,513,14,22,1,1,1
331,11,1184,513,14,21,1,1,1
332,11,1185,513,14,21,1,1,1
333,11,1186,513,13,21,1,1,1
334,11,1186,513,14,21,1,1,1
335,11,1187,513,14,21,1,1,1
336,11,1188,513,13,20,1,1,1
337,11,1188,513,14,20,1,1,1
338,11,1189,513,13,20,1,1,1
339,11,1190,513,13,20,1,1,1
340,11,1191,513,13,20,1,1,1
341,11,1191,513,13,19,1,1,1
342,11,1191,513,13,19,1,1,1
343,11,1192,513,12,19,1,1,1
344,11,1192,513,13,18,1,1,1
345,11,1193,513,12,18,1,1,1
346,11,1193,513,12,18,1,1,1
347,11,1193,513,13,17,1,1,1
348,11,1194,513,12,17,1,1,1
349,11,1194,513,12,17,1,1,1
350,11,1195,514,12,16,1,1,1
351,11,1195,513,12,17,1,1,1
352,11,1196,513,11,17,1,1,1
353,11,1196,513,12,17,1,1,1
354,11,1197,513,11,18,1,1,1
355,11,1197,513,12,18,1,1,1
356,11,1198,513,11,18,1,1,1
357,11,1198,513,11,19,1,1,1
358,11,1199,513,11,19,1,1,1
359,11,1199,513,11,19,1,1,1
360,11,1200,513,11,20,1,1,1
361,11,1200,513,11,20,1,1,1
362,11,1201,513,11,20,1,1,1
363,11,1202,513,11,20,1,1,1
364,11,1202,513,11,20,1,1,1
365,11,1203,513,11,20,1,1,1
366,11,1204,513,11,20,1,1,1
367,11,1204,513,11,20,1,1,1
368,11,1205,513,11,20,1,1,1
369,11,1206,513,11,20,1,1,1
510,11,1394,499,13,23,1,1,1
511,11,1394,499,13,23,1,1,1
512,11,1394,499,13,23,1,1,1
513,11,1394,499,13,23,1,1,1
514,11,1395,499,13,23,1,1,1
515,11,1395,499,13,23,1,1,1
516,11,1395,499,13,23,1,1,1
517,11,1396,499,13,23,1,1,1
518,11,1396,499,13,23,1,1,1
519,11,1396,499,13,23,1,1,1
520,11,1397,500,13,23,1,1,1
521,11,1397,500,13,23,1,1,1
522,11,1397,500,13,23,1,1,1
523,11,1397,500,13,23,1,1,1
524,11,1398,500,13,23,1,1,1
525,11,1398,500,13,23,1,1,1
526,11,1398,500,13,23,1,1,1
527,11,1399,500,13,23,1,1,1
528,11,1399,500,13,23,1,1,1
529,11,1399,500,13,23,1,1,1
530,11,1400,501,13,23,1,1,1
531,11,1400,501,13,22,1,1,1
532,11,1401,501,13,22,1,1,1
533,11,1401,501,13,22,1,1,1
534,11,1402,501,13,22,1,1,1
535,11,1403,501,12,22,1,1,1
536,11,1403,501,13,21,1,1,1
537,11,1404,501,12,21,1,1,1
538,11,1404,501,13,21,1,1,1
539,11,1405,501,12,21,1,1,1
540,11,1406,501,12,21,1,1,1
541,11,1406,501,12,21,1,1,1
542,11,1406,501,12,21,1,1,1
543,11,1407,501,12,21,1,1,1
544,11,1407,502,12,20,1,1,1
545,11,1408,502,12,21,1,1,1
546,11,1408,502,12,21,1,1,1
547,11,1408,503,12,20,1,1,1
548,11,1409,503,12,20,1,1,1
549,11,1409,503,12,20,1,1,1
550,11,1410,504,12,20,1,1,1
551,11,1409,504,12,20,1,1,1
552,11,1409,504,12,20,1,1,1
553,11,1409,504,12,20,1,1,1
554,11,1409,504,12,20,1,1,1
555,11,1409,504,12,20,1,1,1
556,11,1409,504,12,20,1,1,1
557,11,1409,504,12,20,1,1,1
558,11,1409,504,12,20,1,1,1
559,11,1409,504,12,20,1,1,1
560,11,1409,504,12,20,1,1,1
561,11,1408,504,12,20,1,1,1
562,11,1408,504,12,20,1,1,1
563,11,1408,504,12,20,1,1,1
564,11,1408,504,12,20,1,1,1
565,11,1408,504,12,20,1,1,1
566,11,1408,504,12,20,1,1,1
567,11,1408,504,12,20,1,1,1
568,11,1408,504,12,20,1,1,1
569,11,1408,504,12,20,1,1,1
570,11,1408,505,12,20,1,1,1
571,11,1408,506,12,20,1,1,1
572,11,1408,507,12,20,1,1,1
573,11,1408,508,12,20,1,1,1
574,11,1409,509,12,20,1,1,1
575,11,1409,510,12,20,1,1,1
576,11,1409,511,12,20,1,1,1
577,11,1410,512,12,20,1,1,1
578,11,1410,513,12,20,1,1,1
579,11,1410,514,12,20,1,1,1
580,11,1411,516,12,20,1,1,1
581,11,1410,516,12,20,1,1,1
582,11,1410,517,12,20,1,1,1
583,11,1410,518,12,20,1,1,1
584,11,1410,518,12,20,1,1,1
585,11,1410,519,12,20,1,1,1
586,11,1409,520,12,20,1,1,1
587,11,1409,520,12,20,1,1,1
588,11,1409,521,12,20,1,1,1
589,11,1409,522,12,20,1,1,1
590,11,1409,523,12,20,1,1,1
591,11,1409,523,12,20,1,1,1
592,11,1409,524,12,20,1,1,1
593,11,1409,525,12,20,1,1,1
594,11,1410,525,12,20,1,1,1
595,11,1410,526,12,20,1,1,1
596,11,1410,527,12,20,1,1,1
597,11,1411,527,12,20,1,1,1
598,11,1411,528,12,20,1,1,1
599,11,1411,529,12,20,1,1,1
600,11,1412,530,12,20,1,1,1
601,11,1412,530,12,20,1,1,1
602,11,1413,531,12,20,1,1,1
603,11,1413,531,12,20,1,1,1
604,11,1414,532,12,20,1,1,1
605,11,1414,533,12,20,1,1,1
606,11,1415,533,12,20,1,1,1
607,11,1415,534,12,20,1,1,1
608,11,1416,534,12,20,1,1,1
609,11,1416,535,12,20,1,1,1
610,11,1417,536,12,20,1,1,1
611,11,1417,536,13,20,1,1,1
612,11,1418,536,13,21,1,1,1
613,11,1419,537,13,21,1,1,1
614,11,1420,537,13,21,1,1,1
615,11,1421,538,13,21,1,1,1
616,11,1422,538,13,22,1,1,1
617,11,1423,538,13,22,1,1,1
618,11,1424,539,13,22,1,1,1
619,11,1425,539,13,23,1,1,1
250,13,1304,1047,25,32,1,1,1
251,13,1303,1049,25,30,1,1,1
252,13,1303,1052,25,27,1,1,1
253,13,1303,1055,25,24,1,1,1
254,13,1302,1058,25,21,1,1,1
255,13,1302,1061,25,18,1,1,1
256,13,1302,1063,25,16,1,1,1
257,13,1301,1066,25,13,1,1,1
258,13,1301,1069,25,10,1,1,1
259,13,1301,1072,25,7,1,1,1
0,14,1431,935,11,17,1,1,1
1,14,1429,935,11,17,1,1,1
2,14,1428,935,11,17,1,1,1
3,14,1427,935,11,18,1,1,1
4,14,1425,936,12,17,1,1,1
5,14,1424,936,12,18,1,1,1
6,14,1423,936,12,18,1,1,1
7,14,1421,937,13,17,1,1,1
8,14,1420,937,13,18,1,1,1
9,14,1419,937,13,18,1,1,1
10,14,1418,938,13,18,1,1,1
11,14,1417,938,12,18,1,1,1
12,14,1416,939,12,17,1,1,1
13,14,1415,939,12,17,1,1,1
14,14,1414,940,11,16,1,1,1
15,14,1413,941,11,16,1,1,1
16,14,1412,941,11,16,1,1,1
17,14,1411,942,10,15,1,1,1
18,14,1410,942,10,15,1,1,1
19,14,1409,943,10,14,1,1,1
20,14,1409,944,9,14,1,1,1
21,14,1408,944,10,14,1,1,1
22,14,1408,945,10,14,1,1,1
23,14,1408,945,11,15,1,1,1
24,14,1408,946,11,15,1,1,1
25,14,1408,946,12,16,1,1,1
26,14,1408,947,12,16,1,1,1
27,14,1408,947,12,17,1,1,1
28,14,1408,948,13,17,1,1,1
29,14,1408,948,13,18,1,1,1
30,14,1408,949,14,18,1,1,1
31,14,1407,948,14,18,1,1,1
32,14,1407,948,13,18,1,1,1
33,14,1407,948,12,17,1,1,1
34,14,1406,948,13,17,1,1,1
35,14,1406,948,12,16,1,1,1
36,14,1406,947,11,17,1,1,1
37,14,1405,947,12,16,1,1,1
38,14,1405,947,11,16,1,1,1
39,14,1405,947,10,15,1,1,1
40,14,1405,947,10,15,1,1,1
41,14,1404,947,10,15,1,1,1
42,14,1403,947,10,15,1,1,1
43,14,1402,947,10,15,1,1,1
44,14,1402,947,10,15,1,1,1
45,14,1401,947,10,15,1,1,1
46,14,1400,947,10,15,1,1,1
47,14,1400,947,10,15,1,1,1
48,14,1399,947,10,15,1,1,1
49,14,1398,947,10,15,1,1,1
50,14,1398,948,10,14,1,1,1
51,14,1395,948,10,14,1,1,1
52,14,1393,949,10,14,1,1,1
53,14,1391,950,10,14,1,1,1
54,14,1388,951,10,14,1,1,1
55,14,1386,952,10,14,1,1,1
56,14,1384,952,10,14,1,1,1
57,14,1381,953,10,14,1,1,1
58,14,1379,954,10,14,1,1,1
59,14,1377,955,10,14,1,1,1
60,14,1375,956,10,14,1,1,1
61,14,1373,957,10,14,1,1,1
62,14,1371,958,10,14,1,1,1
63,14,1369,959,10,14,1,1,1
64,14,1367,960,10,14,1,1,1
65,14,1366,961,10,14,1,1,1
66,14,1364,962,10,14,1,1,1
67,14,1362,963,10,14,1,1,1
68,14,1360,964,10,14,1,1,1
69,14,1358,965,10,14,1,1,1
70,14,1357,966,10,14,1,1,1
71,14,1355,967,10,14,1,1,1
72,14,1354,968,10,14,1,1,1
73,14,1353,970,10,14,1,1,1
74,14,1351,971,10,14,1,1,1
75,14,1350,973,10,14,1,1,1
76,14,1349,974,10,14,1,1,1
77,14,1347,975,10,14,1,1,1
78,14,1346,977,10,14,1,1,1
79,14,1345,978,10,14,1,1,1
80,14,1344,980,10,14,1,1,1
81,14,1342,981,10,14,1,1,1
82,14,1340,982,10,14,1,1,1
83,14,1338,983,10,14,1,1,1
84,14,1336,984,10,14,1,1,1
85,14,1335,986,10,14,1,1,1
86,14,1333,987,10,14,1,1,1
87,14,1331,988,10,14,1,1,1
88,14,1329,989,10,14,1,1,1
89,14,1327,990,10,14,1,1,1
90,14,1326,992,10,14,1,1,1
91,14,1323,993,11,14,1,1,1
92,14,1321,994,11,14,1,1,1
93,14,1319,995,11,14,1,1,1
94,14,1316,996,12,14,1,1,1
95,14,1314,997,12,14,1,1,1
96,14,1312,998,12,14,1,1,1
97,14,1309,999,13,14,1,1,1
98,14,1307,1000,13,14,1,1,1
99,14,1305,1001,13,14,1,1,1
100,14,1303,1002,14,14,1,1,1
101,14,1301,1002,14,14,1,1,1
102,14,1299,1003,14,14,1,1,1
103,14,1297,1004,14,14,1,1,1
104,14,1296,1005,14,14,1,1,1
105,14,1294,1006,14,14,1,1,1
106,14,1292,1007,14,14,1,1,1
107,14,1291,1008,14,14,1,1,1
108,14,1289,1009,14,14,1,1,1
109,14,1287,1010,14,14,1,1,1
110,14,1286,1011,14,14,1,1,1
111,14,1284,1011,14,14,1,1,1
112,14,1282,1012,14,14,1,1,1
113,14,1280,1013,14,14,1,1,1
114,14,1278,1014,14,14,1,1,1
115,14,1276,1015,14,14,1,1,1
116,14,1274,1016,14,14,1,1,1
117,14,1272,1017,14,14,1,1,1
118,14,1270,1018,14,14,1,1,1
119,14,1268,1019,14,14,1,1,1
120,14,1266,1020,14,14,1,1,1
121,14,1264,1020,14,14,1,1,1
122,14,1262,1021,14,14,1,1,1
123,14,1260,1022,14,14,1,1,1
124,14,1258,1023,14,14,1,1,1
125,14,1256,1024,14,14,1,1,1
126,14,1254,1025,14,14,1,1,1
127,14,1252,1026,14,14,1,1,1
128,14,1250,1027,14,14,1,1,1
129,14,1248,1028,14,14,1,1,1
130,14,1246,1029,14,14,1,1,1
131,14,1243,1030,14,14,1,1,1
132,14,1241,1031,14,14,1,1,1
133,14,1239,1033,14,14,1,1,1
134,14,1236,1034,14,14,1,1,1
135,14,1234,1036,14,14,1,1,1
136,14,1232,1037,14,14,1,1,1
137,14,1229,1038,14,14,1,1,1
138,14,1227,1040,14,14,1,1,1
139,14,1225,1041,14,14,1,1,1
140,14,1223,1043,14,14,1,1,1
141,14,1220,1043,14,14,1,1,1
142,14,1218,1043,14,15,1,1,1
143,14,1216,1044,14,14,1,1,1
144,14,1213,1044,14,15,1,1,1
145,14,1211,1045,14,15,1,1,1
146,14,1209,1045,14,15,1,1,1
147,14,1206,1045,14,16,1,1,1
148,14,1204,1046,14,15,1,1,1
149,14,1202,1046,14,16,1,1,1
150,14,1200,1047,14,16,1,1,1
151,14,1197,1048,14,16,1,1,1
152,14,1195,1049,14,16,1,1,1
153,14,1193,1050,14,16,1,1,1
154,14,1191,1052,14,15,1,1,1
155,14,1189,1053,14,15,1,1,1
156,14,1187,1054,14,15,1,1,1
157,14,1185,1056,14,14,1,1,1
158,14,1183,1057,14,14,1,1,1
159,14,1181,1058,14,14,1,1,1
160,14,1179,1060,14,14,1,1,1
161,14,1177,1061,14,13,1,1,1
162,14,1176,1062,13,12,1,1,1
163,14,1174,1063,13,12,1,1,1
164,14,1173,1064,12,11,1,1,1
165,14,1171,1066,12,10,1,1,1
166,14,1170,1067,11,9,1,1,1
167,14,1168,1068,11,8,1,1,1
168,14,1167,1069,10,8,1,1,1
169,14,1165,1070,10,7,1,1,1
160,15,1183,1068,14,10,1,1,1
161,15,1181,1069,14,9,1,1,1
162,15,1180,1070,14,9,1,1,1
163,15,1179,1071,14,8,1,1,1
164,15,1178,1072,14,8,1,1,1
165,15,1177,1073,14,7,1,1,1
166,15,1176,1074,14,7,1,1,1
167,15,1175,1075,14,6,1,1,1
168,15,1174,1076,14,6,1,1,1
169,15,1173,1077,14,5,1,1,1
270,17,1913,694,5,13,1,1,1
271,17,1910,693,6,13,1,1,1
272,17,1908,693,7,13,1,1,1
273,17,1906,693,8,13,1,1,1
274,17,1904,693,8,13,1,1,1
275,17,1902,693,9,13,1,1,1
276,17,1899,692,11,14,1,1,1
277,17,1897,692,11,14,1,1,1
278,17,1895,692,12,14,1,1,1
279,17,1893,692,13,14,1,1,1
300,18,1900,694,18,21,1,1,1
301,18,1898,693,18,21,1,1,1
302,18,1897,693,18,21,1,1,1
303,18,1895,692,18,22,1,1,1
304,18,1894,692,18,22,1,1,1
305,18,1893,691,18,23,1,1,1
306,18,1891,691,18,23,1,1,1
307,18,1890,690,18,24,1,1,1
308,18,1888,690,18,24,1,1,1
309,18,1887,689,18,25,1,1,1
600,19,1438,1062,18,17,1,1,1
601,19,1437,1059,18,18,1,1,1
602,19,1436,1056,19,20,1,1,1
603,19,1435,1053,19,21,1,1,1
604,19,1435,1050,19,23,1,1,1
605,19,1434,1047,19,24,1,1,1
606,19,1433,1044,20,26,1,1,1
607,19,1433,1041,19,27,1,1,1
608,19,1432,1038,20,29,1,1,1
609,19,1431,1035,20,30,1,1,1
140,20,656,1065,19,14,1,1,1
141,20,657,1065,19,14,1,1,1
142,20,659,1065,18,14,1,1,1
143,20,661,1065,17,14,1,1,1
144,20,663,1065,17,14,1,1,1
145,20,665,1065,16,14,1,1,1
146,20,666,1065,16,14,1,1,1
147,20,668,1065,16,14,1,1,1
148,20,670,1065,15,14,1,1,1
149,20,672,1065,14,14,1,1,1
150,20,674,1066,14,13,1,1,1
151,20,675,1066,14,13,1,1,1
152,20,676,1066,14,13,1,1,1
153,20,678,1066,13,13,1,1,1
154,20,679,1066,14,13,1,1,1
155,20,681,1066,13,13,1,1,1
156,20,682,1066,13,13,1,1,1
157,20,683,1066,14,13,1,1,1
158,20,685,1066,13,13,1,1,1
159,20,686,1066,13,13,1,1,1
160,20,688,1067,13,13,1,1,1
161,20,689,1067,13,13,1,1,1
162,20,691,1068,13,12,1,1,1
163,20,692,1068,13,12,1,1,1
164,20,694,1069,13,11,1,1,1
165,20,695,1070,13,10,1,1,1
166,20,697,1070,13,10,1,1,1
167,20,698,1071,13,9,1,1,1
168,20,700,1071,13,9,1,1,1
169,20,701,1072,13,8,1,1,1
0,22,613,1041,12,13,1,1,1
1,22,611,1040,12,14,1,1,1
2,22,610,1040,12,14,1,1,1
3,22,609,1039,11,15,1,1,1
4,22,607,1039,12,15,1,1,1
5,22,606,1039,12,15,1,1,1
6,22,605,1038,11,16,1,1,1
7,22,603,1038,12,16,1,1,1
8,22,602,1037,11,17,1,1,1
9,22,601,1037,11,17,1,1,1
220,24,1904,798,14,24,1,1,1
221,24,1905,798,13,23,1,1,1
222,24,1906,798,12,22,1,1,1
223,24,1907,798,11,21,1,1,1
224,24,1908,798,10,20,1,1,1
225,24,1910,798,9,19,1,1,1
226,24,1911,798,8,18,1,1,1
227,24,1912,798,7,17,1,1,1
228,24,1913,798,6,16,1,1,1
229,24,1914,798,5,15,1,1,1
230,25,1899,781,19,24,1,1,1
231,25,1899,780,19,24,1,1,1
232,25,1900,779,18,24,1,1,1
233,25,1901,779,17,24,1,1,1
234,25,1902,778,16,24,1,1,1
235,25,1903,778,15,24,1,1,1
236,25,1904,777,14,24,1,1,1
237,25,1905,776,13,24,1,1,1
238,25,1906,776,12,24,1,1,1
239,25,1907,775,11,24,1,1,1
240,25,1908,775,10,24,1,1,1
241,25,1908,774,10,24,1,1,1
242,25,1909,774,9,24,1,1,1
243,25,1910,774,8,24,1,1,1
244,25,1911,774,8,24,1,1,1
245,25,1912,774,7,24,1,1,1
246,25,1913,773,6,24,1,1,1
247,25,1914,773,6,24,1,1,1
248,25,1915,773,5,24,1,1,1
249,25,1916,773,4,24,1,1,1
120,26,1425,559,9,13,1,1,1
121,26,1425,559,9,13,1,1,1
122,26,1425,559,9,13,1,1,1
123,26,1425,559,9,13,1,1,1
124,26,1425,559,9,13,1,1,1
125,26,1425,560,9,13,1,1,1
126,26,1425,560,9,13,1,1,1
127,26,1425,560,9,13,1,1,1
128,26,1425,560,9,13,1,1,1
129,26,1425,560,9,13,1,1,1
330,26,1446,575,9,13,1,1,1
331,26,1445,574,9,13,1,1,1
332,26,1445,574,9,13,1,1,1
333,26,1444,573,9,13,1,1,1
334,26,1444,573,9,13,1,1,1
335,26,1444,573,9,13,1,1,1
336,26,1443,572,9,13,1,1,1
337,26,1443,572,9,13,1,1,1
338,26,1442,571,9,13,1,1,1
339,26,1442,571,9,13,1,1,1
340,26,1442,571,9,13,1,1,1
341,26,1442,570,9,13,1,1,1
342,26,1442,570,9,13,1,1,1
343,26,1442,570,9,13,1,1,1
344,26,1442,569,9,13,1,1,1
345,26,1443,569,9,13,1,1,1
346,26,1443,569,9,13,1,1,1
347,26,1443,568,9,13,1,1,1
348,26,1443,568,9,13,1,1,1
349,26,1443,568,9,13,1,1,1
350,26,1444,568,9,13,1,1,1
351,26,1444,567,9,13,1,1,1
352,26,1445,567,9,13,1,1,1
353,26,1446,566,9,13,1,1,1
354,26,1446,566,9,13,1,1,1
355,26,1447,565,9,13,1,1,1
356,26,1448,565,9,13,1,1,1
357,26,1448,564,9,13,1,1,1
358,26,1449,564,9,13,1,1,1
359,26,1450,563,9,13,1,1,1
360,26,1451,563,9,13,1,1,1
361,26,1451,563,9,13,1,1,1
362,26,1452,563,9,13,1,1,1
363,26,1453,563,9,13,1,1,1
364,26,1454,563,9,13,1,1,1
365,26,1455,563,9,13,1,1,1
366,26,1456,563,9,13,1,1,1
367,26,1457,563,9,13,1,1,1
368,26,1458,563,9,13,1,1,1
369,26,1459,563,9,13,1,1,1
370,26,1460,564,9,13,1,1,1
371,26,1459,563,9,13,1,1,1
372,26,1459,563,9,13,1,1,1
373,26,1459,562,9,13,1,1,1
374,26,1458,562,9,13,1,1,1
375,26,1458,561,9,13,1,1,1
376,26,1458,561,9,13,1,1,1
377,26,1457,560,9,13,1,1,1
378,26,1457,560,9,13,1,1,1
379,26,1457,559,9,13,1,1,1
380,26,1457,559,9,13,1,1,1
381,26,1456,559,9,13,1,1,1
382,26,1456,559,9,13,1,1,1
383,26,1456,560,9,13,1,1,1
384,26,1456,560,9,13,1,1,1
385,26,1456,561,9,13,1,1,1
386,26,1456,561,9,13,1,1,1
387,26,1456,561,9,13,1,1,1
388,26,1456,562,9,13,1,1,1
389,26,1456,562,9,13,1,1,1
390,26,1456,563,9,13,1,1,1
391,26,1456,562,9,13,1,1,1
392,26,1457,562,9,13,1,1,1
393,26,1457,562,9,13,1,1,1
394,26,1458,561,9,13,1,1,1
395,26,1459,561,9,13,1,1,1
396,26,1459,561,9,13,1,1,1
397,26,1460,560,9,13,1,1,1
398,26,1460,560,9,13,1,1,1
399,26,1461,560,9,13,1,1,1
0,27,1431,554,7,14,1,1,1
1,27,1430,553,8,14,1,1,1
2,27,1430,552,8,14,1,1,1
3,27,1430,552,8,13,1,1,1
4,27,1430,551,8,14,1,1,1
5,27,1430,551,8,13,1,1,1
6,27,1430,550,8,13,1,1,1
7,27,1430,549,8,14,1,1,1
8,27,1430,549,8,13,1,1,1
9,27,1430,548,8,13,1,1,1
10,27,1430,548,9,13,1,1,1
11,27,1430,548,9,13,1,1,1
12,27,1430,549,9,13,1,1,1
13,27,1430,549,9,13,1,1,1
14,27,1430,550,9,13,1,1,1
15,27,1430,551,9,13,1,1,1
16,27,1430,551,9,13,1,1,1
17,27,1430,552,9,13,1,1,1
18,27,1430,552,9,13,1,1,1
19,27,1430,553,9,13,1,1,1
20,27,1431,554,9,13,1,1,1
21,27,1430,554,9,13,1,1,1
22,27,1430,554,9,13,1,1,1
23,27,1430,554,9,13,1,1,1
24,27,1430,554,9,13,1,1,1
25,27,1430,554,9,13,1,1,1
26,27,1430,554,9,13,1,1,1
27,27,1430,554,9,13,1,1,1
28,27,1430,554,9,13,1,1,1
29,27,1430,554,9,13,1,1,1
30,27,1430,554,9,13,1,1,1
31,27,1429,554,9,13,1,1,1
32,27,1429,554,9,13,1,1,1
33,27,1429,554,9,13,1,1,1
34,27,1429,554,9,13,1,1,1
35,27,1429,554,9,13,1,1,1
36,27,1429,554,9,13,1,1,1
37,27,1429,554,9,13,1,1,1
38,27,1429,554,9,13,1,1,1
39,27,1429,554,9,13,1,1,1
40,27,1429,554,9,13,1,1,1
41,27,1429,553,9,13,1,1,1
42,27,1429,553,9,13,1,1,1
43,27,1429,553,9,13,1,1,1
44,27,1429,553,9,12,1,1,1
45,27,1429,553,9,12,1,1,1
46,27,1429,552,9,13,1,1,1
47,27,1429,552,9,12,1,1,1
48,27,1429,552,9,12,1,1,1
49,27,1429,552,9,12,1,1,1
50,27,1429,552,9,12,1,1,1
51,27,1428,551,9,12,1,1,1
52,27,1428,551,9,12,1,1,1
53,27,1428,551,9,12,1,1,1
54,27,1428,551,9,12,1,1,1
55,27,1428,551,9,12,1,1,1
56,27,1428,551,9,12,1,1,1
57,27,1428,551,9,12,1,1,1
58,27,1428,551,9,12,1,1,1
59,27,1428,551,9,12,1,1,1
60,27,1428,551,9,12,1,1,1
61,27,1428,551,9,12,1,1,1
62,27,1429,551,9,12,1,1,1
63,27,1429,551,9,12,1,1,1
64,27,1430,552,9,12,1,1,1
65,27,1430,552,9,12,1,1,1
66,27,1431,552,9,12,1,1,1
67,27,1431,553,9,12,1,1,1
68,27,1432,553,9,12,1,1,1
69,27,1432,553,9,12,1,1,1
70,27,1433,554,9,12,1,1,1
71,27,1432,553,9,12,1,1,1
72,27,1432,553,9,12,1,1,1
73,27,1432,553,9,12,1,1,1
74,27,1432,553,9,12,1,1,1
75,27,1432,553,9,12,1,1,1
76,27,1431,553,9,12,1,1,1
77,27,1431,553,9,12,1,1,1
78,27,1431,553,9,12,1,1,1
79,27,1431,553,9,12,1,1,1
80,27,1431,553,9,12,1,1,1
81,27,1431,552,9,12,1,1,1
82,27,1431,552,9,12,1,1,1
83,27,1431,552,9,12,1,1,1
84,27,1431,552,9,12,1,1,1
85,27,1431,552,9,12,1,1,1
86,27,1431,551,9,12,1,1,1
87,27,1431,551,9,12,1,1,1
88,27,1431,551,9,12,1,1,1
89,27,1431,551,9,12,1,1,1
90,27,1432,551,9,12,1,1,1
91,27,1431,551,9,12,1,1,1
92,27,1431,551,9,12,1,1,1
93,27,1431,551,9,12,1,1,1
94,27,1431,552,9,12,1,1,1
95,27,1431,552,9,12,1,1,1
96,27,1431,552,9,12,1,1,1
97,27,1431,553,9,12,1,1,1
98,27,1431,553,9,12,1,1,1
99,27,1431,553,9,12,1,1,1
100,27,1431,554,9,12,1,1,1
101,27,1431,553,9,12,1,1,1
102,27,1431,553,9,12,1,1,1
103,27,1431,552,9,12,1,1,1
104,27,1431,552,9,12,1,1,1
105,27,1431,552,9,12,1,1,1
106,27,1431,551,9,12,1,1,1
107,27,1431,551,9,12,1,1,1
108,27,1431,550,9,12,1,1,1
109,27,1431,550,9,12,1,1,1
110,27,1431,550,9,12,1,1,1
111,27,1430,550,9,13,1,1,1
112,27,1430,551,9,13,1,1,1
113,27,1429,552,10,14,1,1,1
114,27,1429,552,9,15,1,1,1
115,27,1429,553,9,16,1,1,1
116,27,1428,554,10,16,1,1,1
117,27,1428,554,9,17,1,1,1
118,27,1427,555,10,18,1,1,1
119,27,1427,556,10,18,1,1,1
120,27,1427,557,10,19,1,1,1
121,27,1427,557,10,18,1,1,1
122,27,1427,557,10,17,1,1,1
123,27,1428,557,9,16,1,1,1
124,27,1428,557,9,16,1,1,1
125,27,1429,557,9,15,1,1,1
126,27,1429,557,9,14,1,1,1
127,27,1429,557,9,14,1,1,1
128,27,1430,557,8,13,1,1,1
129,27,1430,557,8,12,1,1,1
130,27,1431,557,8,12,1,1,1
131,27,1431,557,8,12,1,1,1
132,27,1431,557,8,12,1,1,1
133,27,1431,557,8,12,1,1,1
134,27,1431,557,8,12,1,1,1
135,27,1431,557,8,12,1,1,1
136,27,1431,557,8,12,1,1,1
137,27,1431,557,8,12,1,1,1
138,27,1431,557,8,12,1,1,1
139,27,1431,557,8,12,1,1,1
140,27,1431,558,8,12,1,1,1
141,27,1431,558,8,12,1,1,1
142,27,1431,558,8,12,1,1,1
143,27,1431,558,8,12,1,1,1
144,27,1431,558,8,12,1,1,1
145,27,1431,558,8,12,1,1,1
146,27,1431,558,8,12,1,1,1
147,27,1431,558,8,12,1,1,1
148,27,1431,558,8,12,1,1,1
149,27,1431,558,8,12,1,1,1
150,27,1431,559,8,12,1,1,1
151,27,1431,559,8,12,1,1,1
152,27,1431,559,8,12,1,1,1
153,27,1432,559,8,12,1,1,1
154,27,1432,559,8,12,1,1,1
155,27,1433,559,8,12,1,1,1
156,27,1433,559,8,12,1,1,1
157,27,1433,559,8,12,1,1,1
158,27,1434,559,8,12,1,1,1
159,27,1434,559,8,12,1,1,1
160,27,1435,560,8,12,1,1,1
161,27,1435,560,8,12,1,1,1
162,27,1435,560,8,12,1,1,1
163,27,1436,560,8,12,1,1,1
164,27,1436,560,8,12,1,1,1
165,27,1437,560,8,12,1,1,1
166,27,1437,560,8,12,1,1,1
167,27,1437,560,8,12,1,1,1
168,27,1438,560,8,12,1,1,1
169,27,1438,560,8,12,1,1,1
170,27,1439,561,8,12,1,1,1
171,27,1438,561,8,12,1,1,1
172,27,1438,561,8,12,1,1,1
173,27,1438,561,8,12,1,1,1
174,27,1438,561,8,12,1,1,1
175,27,1438,562,8,12,1,1,1
176,27,1437,562,8,12,1,1,1
177,27,1437,562,8,12,1,1,1
178,27,1437,562,8,12,1,1,1
179,27,1437,562,8,12,1,1,1
180,27,1437,563,8,12,1,1,1
181,27,1436,562,8,12,1,1,1
182,27,1435,562,8,12,1,1,1
183,27,1434,561,8,12,1,1,1
184,27,1433,561,8,12,1,1,1
185,27,1432,561,8,12,1,1,1
186,27,1431,560,8,12,1,1,1
187,27,1430,560,8,12,1,1,1
188,27,1429,559,8,12,1,1,1
189,27,1428,559,8,12,1,1,1
190,27,1427,559,8,12,1,1,1
191,27,1427,558,8,12,1,1,1
192,27,1427,558,8,12,1,1,1
193,27,1427,558,8,12,1,1,1
194,27,1428,558,8,12,1,1,1
195,27,1428,558,8,12,1,1,1
196,27,1428,557,8,12,1,1,1
197,27,1429,557,8,12,1,1,1
198,27,1429,557,8,12,1,1,1
199,27,1429,557,8,12,1,1,1
200,27,1430,557,8,12,1,1,1
201,27,1430,556,8,12,1,1,1
202,27,1430,556,8,12,1,1,1
203,27,1430,556,8,12,1,1,1
204,27,1430,555,8,12,1,1,1
205,27,1430,555,8,12,1,1,1
206,27,1430,555,8,12,1,1,1
207,27,1430,554,8,12,1,1,1
208,27,1430,554,8,12,1,1,1
209,27,1430,554,8,12,1,1,1
210,27,1431,554,8,12,1,1,1
211,27,1430,554,8,12,1,1,1
212,27,1430,554,8,12,1,1,1
213,27,1430,554,8,12,1,1,1
214,27,1430,554,8,12,1,1,1
215,27,1430,555,8,12,1,1,1
216,27,1429,555,8,12,1,1,1
217,27,1429,555,8,12,1,1,1
218,27,1429,555,8,12,1,1,1
219,27,1429,555,8,12,1,1,1
220,27,1429,556,8,12,1,1,1
221,27,1429,556,8,12,1,1,1
222,27,1429,556,8,12,1,1,1
223,27,1429,556,8,12,1,1,1
224,27,1429,557,8,12,1,1,1
225,27,1429,557,8,12,1,1,1
226,27,1429,557,8,12,1,1,1
227,27,1429,558,8,12,1,1,1
228,27,1429,558,8,12,1,1,1
229,27,1429,558,8,12,1,1,1
230,27,1429,559,8,12,1,1,1
231,27,1429,559,8,12,1,1,1
232,27,1430,559,8,12,1,1,1
233,27,1430,559,8,12,1,1,1
234,27,1431,559,8,12,1,1,1
235,27,1432,560,8,12,1,1,1
236,27,1432,560,8,12,1,1,1
237,27,1433,560,8,12,1,1,1
238,27,1433,560,8,12,1,1,1
239,27,1434,560,8,12,1,1,1
240,27,1435,561,8,12,1,1,1
241,27,1435,561,8,12,1,1,1
242,27,1435,561,9,12,1,1,1
243,27,1436,561,8,12,1,1,1
244,27,1436,561,9,13,1,1,1
245,27,1437,562,9,12,1,1,1
246,27,1437,562,9,12,1,1,1
247,27,1437,562,10,13,1,1,1
248,27,1438,562,9,13,1,1,1
249,27,1438,562,10,13,1,1,1
250,27,1439,563,10,13,1,1,1
251,27,1440,562,10,13,1,1,1
252,27,1441,562,10,13,1,1,1
253,27,1442,562,10,13,1,1,1
254,27,1443,562,10,13,1,1,1
255,27,1444,562,10,13,1,1,1
256,27,1445,561,10,13,1,1,1
257,27,1446,561,10,13,1,1,1
258,27,1447,561,10,13,1,1,1
259,27,1448,561,10,13,1,1,1
260,27,1449,561,10,13,1,1,1
261,27,1449,561,10,13,1,1,1
262,27,1449,561,10,13,1,1,1
263,27,1449,561,10,13,1,1,1
264,27,1449,561,10,13,1,1,1
265,27,1449,561,10,13,1,1,1
266,27,1449,561,10,13,1,1,1
267,27,1449,561,10,13,1,1,1
268,27,1449,561,10,13,1,1,1
269,27,1449,561,10,13,1,1,1
270,27,1450,561,10,13,1,1,1
271,27,1449,560,10,13,1,1,1
272,27,1449,560,10,13,1,1,1
273,27,1449,560,10,13,1,1,1
274,27,1449,560,10,13,1,1,1
275,27,1449,560,10,13,1,1,1
276,27,1449,559,10,13,1,1,1
277,27,1449,559,10,13,1,1,1
278,27,1449,559,10,13,1,1,1
279,27,1449,559,10,13,1,1,1
280,27,1449,559,10,13,1,1,1
281,27,1448,559,10,13,1,1,1
282,27,1447,559,10,13,1,1,1
283,27,1446,560,10,13,1,1,1
284,27,1445,560,10,13,1,1,1
285,27,1445,561,10,13,1,1,1
286,27,1445,561,10,13,1,1,1
287,27,1446,562,10,13,1,1,1
288,27,1447,562,10,13,1,1,1
289,27,1448,563,10,13,1,1,1
290,27,1449,564,10,13,1,1,1
291,27,1449,564,10,13,1,1,1
292,27,1449,564,10,13,1,1,1
293,27,1449,565,10,13,1,1,1
294,27,1449,565,10,13,1,1,1
295,27,1449,566,10,13,1,1,1
296,27,1449,566,10,13,1,1,1
297,27,1449,566,10,13,1,1,1
298,27,1449,567,10,13,1,1,1
299,27,1449,567,10,13,1,1,1
300,27,1450,568,10,13,1,1,1
301,27,1450,568,10,13,1,1,1
302,27,1450,568,10,13,1,1,1
303,27,1450,568,10,13,1,1,1
304,27,1450,568,10,13,1,1,1
305,27,1450,568,10,13,1,1,1
306,27,1450,568,10,13,1,1,1
307,27,1450,568,10,13,1,1,1
308,27,1450,568,10,13,1,1,1
309,27,1450,568,10,13,1,1,1
310,27,1451,568,10,13,1,1,1
311,27,1451,568,10,13,1,1,1
312,27,1451,568,10,13,1,1,1
313,27,1451,568,10,13,1,1,1
314,27,1451,568,10,13,1,1,1
315,27,1451,569,10,13,1,1,1
316,27,1451,569,10,13,1,1,1
317,27,1451,569,10,13,1,1,1
318,27,1451,569,10,13,1,1,1
319,27,1451,569,10,13,1,1,1
320,27,1451,570,10,13,1,1,1
321,27,1450,570,10,13,1,1,1
322,27,1450,570,10,13,1,1,1
323,27,1450,570,10,13,1,1,1
324,27,1450,570,9,13,1,1,1
325,27,1450,570,9,13,1,1,1
326,27,1449,570,10,13,1,1,1
327,27,1449,570,9,13,1,1,1
328,27,1449,570,9,13,1,1,1
329,27,1449,570,9,13,1,1,1
530,27,1465,549,11,19,1,1,1
531,27,1465,548,11,19,1,1,1
532,27,1466,548,11,19,1,1,1
533,27,1467,548,11,19,1,1,1
534,27,1467,548,11,19,1,1,1
535,27,1468,548,11,19,1,1,1
536,27,1469,548,11,19,1,1,1
537,27,1469,548,11,19,1,1,1
538,27,1470,548,11,19,1,1,1
539,27,1471,548,11,19,1,1,1
540,27,1472,548,11,19,1,1,1
541,27,1472,547,11,19,1,1,1
542,27,1473,547,11,19,1,1,1
543,27,1474,547,10,18,1,1,1
544,27,1474,547,11,18,1,1,1
545,27,1475,547,11,18,1,1,1
546,27,1476,547,10,17,1,1,1
547,27,1476,547,11,17,1,1,1
548,27,1477,547,10,16,1,1,1
549,27,1478,547,10,16,1,1,1
550,27,1479,547,10,16,1,1,1
551,27,1479,547,10,16,1,1,1
552,27,1480,547,10,16,1,1,1
553,27,1481,547,10,16,1,1,1
554,27,1481,547,10,16,1,1,1
555,27,1482,548,10,16,1,1,1
556,27,1483,548,10,16,1,1,1
557,27,1483,548,10,16,1,1,1
558,27,1484,548,10,16,1,1,1
559,27,1485,548,10,16,1,1,1
560,27,1486,549,10,16,1,1,1
561,27,1486,548,10,16,1,1,1
562,27,1486,547,10,16,1,1,1
563,27,1487,547,10,16,1,1,1
564,27,1487,546,10,16,1,1,1
565,27,1488,546,10,16,1,1,1
566,27,1488,545,10,16,1,1,1
567,27,1488,544,10,16,1,1,1
568,27,1489,544,10,16,1,1,1
569,27,1489,543,10,16,1,1,1
570,27,1490,543,10,16,1,1,1
571,27,1490,543,10,16,1,1,1
572,27,1491,543,10,16,1,1,1
573,27,1491,543,10,16,1,1,1
574,27,1492,543,10,16,1,1,1
575,27,1492,543,10,16,1,1,1
576,27,1493,543,10,16,1,1,1
577,27,1493,543,10,16,1,1,1
578,27,1494,543,10,16,1,1,1
579,27,1494,543,10,16,1,1,1
580,27,1495,543,10,16,1,1,1
581,27,1495,542,10,16,1,1,1
582,27,1496,542,10,16,1,1,1
583,27,1497,542,10,16,1,1,1
584,27,1497,542,10,16,1,1,1
585,27,1498,542,10,16,1,1,1
586,27,1499,542,10,16,1,1,1
587,27,1499,542,10,16,1,1,1
588,27,1500,542,10,16,1,1,1
589,27,1501,542,10,16,1,1,1
590,27,1502,542,10,16,1,1,1
591,27,1502,542,10,16,1,1,1
592,27,1503,542,10,16,1,1,1
593,27,1504,542,10,16,1,1,1
594,27,1505,542,10,16,1,1,1
595,27,1506,542,10,17,1,1,1
596,27,1507,542,10,17,1,1,1
597,27,1508,542,10,17,1,1,1
598,27,1509,542,10,17,1,1,1
599,27,1510,542,10,17,1,1,1
600,27,1511,542,10,18,1,1,1
601,27,1511,541,10,18,1,1,1
602,27,1512,541,10,18,1,1,1
603,27,1513,540,10,18,1,1,1
604,27,1514,540,10,18,1,1,1
605,27,1515,539,10,18,1,1,1
606,27,1516,539,10,18,1,1,1
607,27,1517,538,10,18,1,1,1
608,27,1518,538,10,18,1,1,1
609,27,1519,537,10,18,1,1,1
610,27,1520,537,10,18,1,1,1
611,27,1520,536,10,18,1,1,1
612,27,1521,536,10,18,1,1,1
613,27,1522,536,10,18,1,1,1
614,27,1522,535,10,18,1,1,1
615,27,1523,535,10,18,1,1,1
616,27,1524,535,10,18,1,1,1
617,27,1524,534,10,18,1,1,1
618,27,1525,534,10,18,1,1,1
619,27,1526,534,10,18,1,1,1
620,27,1527,534,10,18,1,1,1
621,27,1526,533,10,18,1,1,1
622,27,1526,533,10,18,1,1,1
623,27,1526,533,10,18,1,1,1
624,27,1526,532,10,18,1,1,1
625,27,1526,532,10,18,1,1,1
626,27,1526,532,10,18,1,1,1
627,27,1526,531,10,18,1,1,1
628,27,1526,531,10,18,1,1,1
629,27,1526,531,10,18,1,1,1
630,27,1526,531,10,18,1,1,1
631,27,1525,530,10,18,1,1,1
632,27,1525,530,10,18,1,1,1
633,27,1525,530,10,18,1,1,1
634,27,1525,530,10,18,1,1,1
635,27,1525,530,10,18,1,1,1
636,27,1525,529,10,18,1,1,1
637,27,1525,529,10,18,1,1,1
638,27,1525,529,10,18,1,1,1
639,27,1525,529,10,18,1,1,1
640,27,1525,529,10,18,1,1,1
641,27,1525,529,10,18,1,1,1
642,27,1525,530,10,17,1,1,1
643,27,1525,530,10,18,1,1,1
644,27,1525,531,10,17,1,1,1
645,27,1525,532,10,17,1,1,1
646,27,1525,532,10,17,1,1,1
647,27,1525,533,10,16,1,1,1
648,27,1525,533,10,17,1,1,1
649,27,1525,534,10,16,1,1,1
650,27,1526,535,9,16,1,1,1
651,27,1525,534,9,16,1,1,1
652,27,1525,534,9,16,1,1,1
653,27,1525,533,9,16,1,1,1
654,27,1525,533,9,16,1,1,1
655,27,1525,533,9,16,1,1,1
656,27,1525,532,9,16,1,1,1
657,27,1525,532,9,16,1,1,1
658,27,1525,531,9,16,1,1,1
659,27,1525,531,9,16,1,1,1
660,27,1525,531,9,16,1,1,1
661,27,1525,531,9,16,1,1,1
662,27,1525,532,9,16,1,1,1
663,27,1525,532,9,16,1,1,1
664,27,1526,533,9,16,1,1,1
665,27,1526,534,9,16,1,1,1
666,27,1526,534,9,16,1,1,1
667,27,1527,535,9,16,1,1,1
668,27,1527,535,9,16,1,1,1
669,27,1527,536,9,16,1,1,1
670,27,1528,537,9,16,1,1,1
671,27,1528,536,9,16,1,1,1
672,27,1528,536,9,16,1,1,1
673,27,1528,536,9,16,1,1,1
674,27,1529,536,9,16,1,1,1
675,27,1529,536,9,16,1,1,1
676,27,1529,535,9,16,1,1,1
677,27,1530,535,9,16,1,1,1
678,27,1530,535,9,16,1,1,1
679,27,1530,535,9,16,1,1,1
680,27,1531,535,9,16,1,1,1
681,27,1531,535,9,16,1,1,1
682,27,1532,535,9,16,1,1,1
683,27,1533,535,9,16,1,1,1
684,27,1534,535,9,16,1,1,1
685,27,1535,535,9,16,1,1,1
686,27,1535,535,9,16,1,1,1
687,27,1536,535,9,16,1,1,1
688,27,1537,535,9,16,1,1,1
689,27,1538,535,9,16,1,1,1
690,27,1539,535,9,16,1,1,1
691,27,1539,534,9,16,1,1,1
692,27,1540,534,9,16,1,1,1
693,27,1541,534,9,16,1,1,1
694,27,1542,534,9,16,1,1,1
695,27,1542,534,9,16,1,1,1
696,27,1543,534,9,16,1,1,1
697,27,1544,534,9,16,1,1,1
698,27,1545,534,9,16,1,1,1
699,27,1546,534,9,16,1,1,1
0,30,1860,351,9,15,1,1,1
1,30,1860,351,9,15,1,1,1
2,30,1860,351,9,15,1,1,1
3,30,1860,352,9,15,1,1,1
4,30,1860,352,9,15,1,1,1
5,30,1860,353,9,15,1,1,1
6,30,1860,353,9,15,1,1,1
7,30,1860,353,9,15,1,1,1
8,30,1860,354,9,15,1,1,1
9,30,1860,354,9,15,1,1,1
10,30,1860,355,9,15,1,1,1
11,30,1860,355,9,14,1,1,1
12,30,1860,355,9,14,1,1,1
13,30,1860,355,9,14,1,1,1
14,30,1860,355,10,14,1,1,1
15,30,1860,355,10,14,1,1,1
16,30,1860,355,10,14,1,1,1
17,30,1860,355,11,14,1,1,1
18,30,1860,355,11,14,1,1,1
19,30,1860,355,11,14,1,1,1
20,30,1860,355,12,14,1,1,1
21,30,1860,355,12,14,1,1,1
22,30,1860,355,12,14,1,1,1
23,30,1861,355,11,14,1,1,1
24,30,1861,355,11,14,1,1,1
25,30,1862,356,11,13,1,1,1
26,30,1862,356,11,13,1,1,1
27,30,1862,356,11,13,1,1,1
28,30,1863,356,10,13,1,1,1
29,30,1863,356,10,13,1,1,1
30,30,1864,357,10,13,1,1,1
31,30,1864,356,10,14,1,1,1
32,30,1864,356,11,14,1,1,1
33,30,1864,356,12,14,1,1,1
34,30,1864,355,13,16,1,1,1
35,30,1865,355,13,16,1,1,1
36,30,1865,355,13,16,1,1,1
37,30,1865,354,14,18,1,1,1
38,30,1865,354,15,18,1,1,1
39,30,1865,354,16,18,1,1,1
50,30,1863,353,12,18,1,1,1
51,30,1862,352,12,18,1,1,1
52,30,1861,352,12,18,1,1,1
53,30,1860,352,12,18,1,1,1
54,30,1859,352,12,18,1,1,1
55,30,1859,352,12,18,1,1,1
56,30,1858,351,12,18,1,1,1
57,30,1857,351,12,18,1,1,1
58,30,1856,351,12,18,1,1,1
59,30,1855,351,12,18,1,1,1
60,30,1855,351,12,18,1,1,1
61,30,1853,350,12,18,1,1,1
62,30,1852,350,12,18,1,1,1
63,30,1851,350,12,18,1,1,1
64,30,1849,350,12,18,1,1,1
65,30,1848,350,12,18,1,1,1
66,30,1847,349,12,18,1,1,1
67,30,1845,349,12,18,1,1,1
68,30,1844,349,12,18,1,1,1
69,30,1843,349,12,18,1,1,1
321,30,1680,351,12,18,1,1,1
322,30,1680,351,11,18,1,1,1
323,30,1680,351,11,19,1,1,1
324,30,1680,351,11,20,1,1,1
105,31,1909,327,10,18,1,1,1
106,31,1907,327,11,17,1,1,1
107,31,1906,327,11,17,1,1,1
108,31,1904,327,12,17,1,1,1
109,31,1903,327,12,17,1,1,1
110,31,1901,327,13,17,1,1,1
111,31,1900,327,13,17,1,1,1
112,31,1898,327,14,17,1,1,1
113,31,1897,327,14,17,1,1,1
114,31,1895,327,15,17,1,1,1
235,31,1685,338,11,16,1,1,1
236,31,1684,337,10,17,1,1,1
237,31,1683,337,10,17,1,1,1
238,31,1682,337,10,17,1,1,1
239,31,1681,337,10,17,1,1,1
240,31,1680,337,10,17,1,1,1
241,31,1679,336,10,18,1,1,1
242,31,1678,336,10,18,1,1,1
243,31,1677,336,10,18,1,1,1
244,31,1676,336,10,18,1,1,1
434,31,1384,317,13,21,1,1,1
435,31,1382,316,13,21,1,1,1
436,31,1381,316,13,21,1,1,1
437,31,1380,316,13,21,1,1,1
438,31,1379,315,13,21,1,1,1
439,31,1378,315,13,21,1,1,1
440,31,1376,315,13,21,1,1,1
441,31,1375,314,13,21,1,1,1
442,31,1374,314,13,21,1,1,1
443,31,1373,314,13,21,1,1,1
444,31,1372,314,13,21,1,1,1
445,31,1369,314,14,21,1,1,1
446,31,1367,314,14,21,1,1,1
447,31,1365,314,14,21,1,1,1
448,31,1362,315,15,20,1,1,1
449,31,1360,315,15,21,1,1,1
450,31,1358,315,15,21,1,1,1
451,31,1355,316,16,20,1,1,1
452,31,1353,316,16,20,1,1,1
453,31,1351,316,16,20,1,1,1
454,31,1349,317,16,20,1,1,1
455,31,1348,317,15,20,1,1,1
456,31,1347,317,15,20,1,1,1
457,31,1346,317,14,20,1,1,1
458,31,1345,317,14,20,1,1,1
459,31,1344,317,14,20,1,1,1
460,31,1343,317,13,20,1,1,1
461,31,1342,317,13,20,1,1,1
462,31,1341,317,12,20,1,1,1
463,31,1340,317,12,20,1,1,1
464,31,1339,318,12,19,1,1,1
465,31,1336,318,13,19,1,1,1
466,31,1334,318,14,19,1,1,1
467,31,1332,318,14,20,1,1,1
468,31,1330,318,15,20,1,1,1
469,31,1328,319,15,20,1,1,1
470,31,1326,319,16,20,1,1,1
471,31,1324,319,16,20,1,1,1
472,31,1322,319,17,21,1,1,1
473,31,1320,319,17,21,1,1,1
474,31,1318,320,18,21,1,1,1
475,31,1316,320,18,21,1,1,1
476,31,1315,320,17,21,1,1,1
477,31,1314,320,16,21,1,1,1
478,31,1313,320,16,21,1,1,1
479,31,1312,320,15,21,1,1,1
480,31,1310,320,15,21,1,1,1
481,31,1309,320,15,21,1,1,1
482,31,1308,320,14,21,1,1,1
483,31,1307,320,13,21,1,1,1
484,31,1306,320,13,22,1,1,1
485,31,1304,320,13,22,1,1,1
486,31,1302,320,13,22,1,1,1
487,31,1300,320,13,22,1,1,1
488,31,1298,320,13,22,1,1,1
489,31,1297,321,13,22,1,1,1
490,31,1295,321,13,22,1,1,1
491,31,1293,321,13,22,1,1,1
492,31,1291,321,13,22,1,1,1
493,31,1289,321,13,22,1,1,1
494,31,1288,322,13,22,1,1,1
495,31,1286,322,13,22,1,1,1
496,31,1284,322,13,22,1,1,1
497,31,1282,322,13,22,1,1,1
498,31,1281,323,13,22,1,1,1
499,31,1279,323,13,22,1,1,1
500,31,1277,323,13,22,1,1,1
501,31,1276,324,13,22,1,1,1
502,31,1274,324,13,22,1,1,1
503,31,1272,324,13,22,1,1,1
504,31,1271,325,13,22,1,1,1
505,31,1269,325,13,22,1,1,1
506,31,1268,325,13,22,1,1,1
507,31,1266,325,13,22,1,1,1
508,31,1265,325,13,22,1,1,1
509,31,1264,325,13,22,1,1,1
510,31,1262,325,13,22,1,1,1
511,31,1261,325,13,22,1,1,1
512,31,1259,325,13,22,1,1,1
513,31,1258,325,13,22,1,1,1
514,31,1257,325,13,22,1,1,1
515,31,1255,325,13,22,1,1,1
516,31,1253,325,13,22,1,1,1
517,31,1251,325,14,22,1,1,1
518,31,1250,325,13,22,1,1,1
519,31,1248,326,14,21,1,1,1
520,31,1246,326,14,21,1,1,1
521,31,1245,326,13,21,1,1,1
522,31,1243,326,14,21,1,1,1
523,31,1241,326,14,21,1,1,1
524,31,1240,327,14,21,1,1,1
525,31,1238,326,14,21,1,1,1
526,31,1237,326,14,21,1,1,1
527,31,1236,325,14,21,1,1,1
528,31,1235,325,14,21,1,1,1
529,31,1234,325,14,21,1,1,1
530,31,1232,324,14,21,1,1,1
531,31,1231,324,14,21,1,1,1
532,31,1230,323,14,21,1,1,1
533,31,1229,323,14,21,1,1,1
534,31,1228,323,14,21,1,1,1
535,31,1226,322,14,21,1,1,1
536,31,1225,322,14,21,1,1,1
537,31,1224,321,14,21,1,1,1
538,31,1222,321,14,21,1,1,1
539,31,1221,321,14,21,1,1,1
540,31,1220,320,14,21,1,1,1
541,31,1218,320,14,21,1,1,1
542,31,1217,319,14,21,1,1,1
543,31,1216,319,14,21,1,1,1
544,31,1215,319,14,21,1,1,1
545,31,1214,318,13,21,1,1,1
546,31,1213,317,13,21,1,1,1
547,31,1212,316,12,21,1,1,1
548,31,1211,315,12,21,1,1,1
549,31,1210,315,11,20,1,1,1
550,31,1209,314,11,20,1,1,1
551,31,1208,313,10,20,1,1,1
552,31,1207,312,10,20,1,1,1
553,31,1206,311,9,20,1,1,1
554,31,1205,311,9,20,1,1,1
555,31,1203,310,9,20,1,1,1
556,31,1202,309,9,20,1,1,1
557,31,1200,308,10,20,1,1,1
558,31,1199,308,9,19,1,1,1
559,31,1198,307,9,19,1,1,1
560,31,1196,306,10,19,1,1,1
561,31,1195,306,9,18,1,1,1
562,31,1193,305,10,18,1,1,1
563,31,1192,304,10,18,1,1,1
564,31,1191,304,10,18,1,1,1
565,31,1189,303,10,18,1,1,1
566,31,1188,302,10,18,1,1,1
567,31,1186,301,10,18,1,1,1
568,31,1185,301,10,18,1,1,1
569,31,1183,300,10,18,1,1,1
570,31,1182,299,10,18,1,1,1
571,31,1180,299,10,18,1,1,1
572,31,1179,298,10,18,1,1,1
573,31,1177,297,10,18,1,1,1
574,31,1176,297,10,18,1,1,1
575,31,1174,296,10,18,1,1,1
576,31,1173,295,10,18,1,1,1
577,31,1172,295,10,18,1,1,1
578,31,1170,294,10,18,1,1,1
579,31,1169,294,10,18,1,1,1
580,31,1168,293,10,18,1,1,1
581,31,1166,292,10,18,1,1,1
582,31,1165,292,10,18,1,1,1
583,31,1164,291,10,18,1,1,1
584,31,1163,291,10,18,1,1,1
585,31,1161,290,10,18,1,1,1
586,31,1159,289,10,18,1,1,1
587,31,1157,289,10,18,1,1,1
588,31,1156,288,10,18,1,1,1
589,31,1154,288,10,18,1,1,1
590,31,1152,287,10,18,1,1,1
591,31,1151,286,10,18,1,1,1
592,31,1149,286,10,18,1,1,1
593,31,1147,285,10,18,1,1,1
594,31,1146,285,10,18,1,1,1
595,31,1144,284,10,18,1,1,1
596,31,1143,283,10,18,1,1,1
597,31,1142,282,10,18,1,1,1
598,31,1141,282,10,18,1,1,1
599,31,1140,281,10,18,1,1,1
600,31,1138,280,10,18,1,1,1
601,31,1137,280,10,18,1,1,1
602,31,1136,279,10,18,1,1,1
603,31,1135,278,10,18,1,1,1
604,31,1134,278,10,18,1,1,1
605,31,1132,277,10,18,1,1,1
606,31,1131,276,10,18,1,1,1
607,31,1130,275,10,18,1,1,1
608,31,1129,274,10,18,1,1,1
609,31,1128,273,10,18,1,1,1
610,31,1127,272,10,18,1,1,1
611,31,1126,271,10,18,1,1,1
612,31,1125,270,10,18,1,1,1
613,31,1124,269,10,18,1,1,1
614,31,1123,268,10,18,1,1,1
615,31,1121,267,10,18,1,1,1
616,31,1120,266,10,18,1,1,1
617,31,1119,265,10,18,1,1,1
618,31,1117,264,10,18,1,1,1
619,31,1116,264,10,18,1,1,1
620,31,1115,263,10,18,1,1,1
621,31,1113,262,10,18,1,1,1
622,31,1112,261,10,18,1,1,1
623,31,1111,260,10,18,1,1,1
624,31,1110,260,10,18,1,1,1
625,31,1108,259,10,18,1,1,1
626,31,1107,258,10,18,1,1,1
627,31,1106,257,10,18,1,1,1
628,31,1105,257,10,18,1,1,1
629,31,1104,256,10,18,1,1,1
630,31,1103,255,10,18,1,1,1
631,31,1102,255,10,18,1,1,1
632,31,1101,254,10,18,1,1,1
633,31,1100,253,10,18,1,1,1
634,31,1099,253,10,18,1,1,1
635,31,1097,252,10,18,1,1,1
636,31,1095,251,10,18,1,1,1
637,31,1094,250,10,18,1,1,1
638,31,1092,250,10,18,1,1,1
639,31,1091,249,10,18,1,1,1
640,31,1089,248,10,18,1,1,1
641,31,1087,248,10,18,1,1,1
642,31,1086,247,10,18,1,1,1
643,31,1084,246,10,18,1,1,1
644,31,1083,246,10,18,1,1,1
645,31,1081,245,10,18,1,1,1
646,31,1080,244,10,18,1,1,1
647,31,1078,244,10,18,1,1,1
648,31,1077,243,10,18,1,1,1
649,31,1076,243,10,18,1,1,1
650,31,1074,242,10,18,1,1,1
651,31,1073,241,10,18,1,1,1
652,31,1071,241,10,18,1,1,1
653,31,1070,240,10,18,1,1,1
654,31,1069,240,10,18,1,1,1
655,31,1067,239,10,18,1,1,1
656,31,1066,239,10,18,1,1,1
657,31,1064,238,10,18,1,1,1
658,31,1063,238,10,18,1,1,1
659,31,1062,238,10,18,1,1,1
660,31,1060,237,10,18,1,1,1
661,31,1059,237,10,18,1,1,1
662,31,1057,236,10,18,1,1,1
663,31,1056,236,10,18,1,1,1
664,31,1055,236,10,18,1,1,1
665,31,1053,235,10,18,1,1,1
666,31,1052,234,10,18,1,1,1
667,31,1050,234,10,18,1,1,1
668,31,1049,233,10,18,1,1,1
669,31,1048,233,10,18,1,1,1
670,31,1046,232,10,18,1,1,1
671,31,1045,231,10,18,1,1,1
672,31,1043,231,10,18,1,1,1
673,31,1042,230,10,18,1,1,1
674,31,1041,230,10,18,1,1,1
675,31,1039,229,10,18,1,1,1
676,31,1038,229,10,18,1,1,1
677,31,1036,228,10,18,1,1,1
678,31,1035,228,10,18,1,1,1
679,31,1034,228,10,18,1,1,1
680,31,1032,227,10,18,1,1,1
681,31,1031,227,10,18,1,1,1
682,31,1029,226,10,18,1,1,1
683,31,1028,226,10,18,1,1,1
684,31,1027,226,10,18,1,1,1
685,31,1025,225,10,18,1,1,1
686,31,1024,225,10,18,1,1,1
687,31,1023,224,10,18,1,1,1
688,31,1022,224,10,18,1,1,1
689,31,1021,223,10,18,1,1,1
690,31,1019,223,10,18,1,1,1
691,31,1018,222,10,18,1,1,1
692,31,1017,222,10,18,1,1,1
693,31,1016,221,10,18,1,1,1
694,31,1015,221,10,18,1,1,1
695,31,1014,220,10,18,1,1,1
696,31,1013,219,10,18,1,1,1
697,31,1012,218,10,18,1,1,1
698,31,1011,217,10,18,1,1,1
699,31,1011,217,10,18,1,1,1
105,32,1916,338,3,12,1,1,1
106,32,1914,337,4,13,1,1,1
107,32,1912,337,5,13,1,1,1
108,32,1910,336,6,14,1,1,1
109,32,1909,336,6,15,1,1,1
110,32,1907,335,8,16,1,1,1
111,32,1905,335,9,16,1,1,1
112,32,1904,334,9,18,1,1,1
113,32,1902,334,10,18,1,1,1
114,32,1900,333,11,19,1,1,1
235,32,1691,340,11,18,1,1,1
236,32,1689,340,11,18,1,1,1
237,32,1688,340,11,18,1,1,1
238,32,1687,340,11,18,1,1,1
239,32,1686,341,11,18,1,1,1
240,32,1685,341,11,18,1,1,1
241,32,1684,341,11,18,1,1,1
242,32,1683,342,11,18,1,1,1
243,32,1682,342,11,18,1,1,1
244,32,1681,342,11,18,1,1,1
310,33,1681,355,11,19,1,1,1
311,33,1680,355,11,19,1,1,1
312,33,1679,355,11,20,1,1,1
313,33,1678,355,11,20,1,1,1
314,33,1677,355,11,21,1,1,1
322,34,1668,378,12,19,1,1,1
323,34,1667,378,12,19,1,1,1
324,34,1666,379,12,19,1,1,1
325,34,1666,380,12,19,1,1,1
326,34,1664,380,12,19,1,1,1
327,34,1663,380,12,19,1,1,1
328,34,1662,380,12,19,1,1,1
329,34,1661,380,12,19,1,1,1
330,34,1659,380,12,19,1,1,1
331,34,1658,380,12,19,1,1,1
332,34,1657,380,12,19,1,1,1
333,34,1656,380,12,19,1,1,1
331,35,1675,366,10,17,1,1,1
332,35,1675,364,10,17,1,1,1
333,35,1675,362,10,17,1,1,1
374,36,1613,353,6,14,1,1,1
375,36,1611,352,7,14,1,1,1
376,36,1610,352,7,14,1,1,1
377,36,1609,352,7,14,1,1,1
378,36,1608,352,7,14,1,1,1
379,36,1607,352,8,14,1,1,1
380,36,1606,352,8,13,1,1,1
381,36,1605,352,8,13,1,1,1
382,36,1604,352,8,13,1,1,1
383,36,1603,352,8,13,1,1,1
170,37,179,446,11,23,1,1,1
171,37,177,448,11,23,1,1,1
172,37,176,450,11,23,1,1,1
173,37,175,452,11,23,1,1,1
174,37,173,454,11,23,1,1,1
175,37,172,456,11,23,1,1,1
176,37,171,458,11,23,1,1,1
177,37,169,460,11,23,1,1,1
178,37,168,462,11,23,1,1,1
179,37,167,464,11,23,1,1,1
180,37,166,466,11,23,1,1,1
181,37,163,467,11,23,1,1,1
182,37,160,469,12,23,1,1,1
183,37,158,471,12,22,1,1,1
184,37,155,472,13,23,1,1,1
185,37,153,474,13,23,1,1,1
186,37,150,476,14,22,1,1,1
187,37,147,477,15,23,1,1,1
188,37,145,479,15,22,1,1,1
189,37,142,481,16,22,1,1,1
190,37,140,483,16,22,1,1,1
191,37,139,483,16,22,1,1,1
192,37,139,484,16,21,1,1,1
193,37,139,484,16,22,1,1,1
194,37,139,485,16,21,1,1,1
195,37,139,485,16,22,1,1,1
196,37,138,486,16,21,1,1,1
197,37,138,486,16,21,1,1,1
198,37,138,487,16,21,1,1,1
199,37,138,487,16,21,1,1,1
200,37,138,488,16,21,1,1,1
201,37,138,488,16,21,1,1,1
202,37,138,488,16,21,1,1,1
203,37,138,488,16,21,1,1,1
204,37,138,489,16,21,1,1,1
205,37,138,489,16,21,1,1,1
206,37,138,489,16,21,1,1,1
207,37,138,490,16,21,1,1,1
208,37,138,490,16,21,1,1,1
209,37,138,490,16,21,1,1,1
210,37,138,491,16,21,1,1,1
211,37,135,490,16,21,1,1,1
212,37,133,490,16,21,1,1,1
213,37,130,490,17,21,1,1,1
214,37,128,490,16,20,1,1,1
215,37,125,490,17,20,1,1,1
216,37,123,490,17,20,1,1,1
217,37,120,490,17,19,1,1,1
218,37,118,490,17,19,1,1,1
219,37,115,490,18,19,1,1,1
220,37,113,490,18,19,1,1,1
221,37,111,490,18,20,1,1,1
222,37,110,491,18,20,1,1,1
223,37,109,491,17,21,1,1,1
224,37,107,492,18,21,1,1,1
225,37,106,493,18,21,1,1,1
226,37,105,493,17,22,1,1,1
227,37,103,494,18,22,1,1,1
228,37,102,494,17,23,1,1,1
229,37,101,495,17,23,1,1,1
170,38,191,443,11,18,1,1,1
171,38,189,445,11,18,1,1,1
172,38,188,448,11,18,1,1,1
173,38,187,451,11,18,1,1,1
174,38,186,453,11,18,1,1,1
175,38,185,456,11,18,1,1,1
176,38,183,459,11,18,1,1,1
177,38,182,461,11,18,1,1,1
178,38,181,464,11,18,1,1,1
179,38,180,467,11,18,1,1,1
180,38,179,470,11,18,1,1,1
181,38,176,472,11,18,1,1,1
182,38,174,474,11,18,1,1,1
183,38,172,476,11,18,1,1,1
184,38,170,478,11,18,1,1,1
185,38,168,481,11,18,1,1,1
186,38,165,483,11,18,1,1,1
187,38,163,485,11,18,1,1,1
188,38,161,487,11,18,1,1,1
189,38,159,489,11,18,1,1,1
190,38,157,492,11,18,1,1,1
191,38,156,492,11,18,1,1,1
192,38,156,493,11,18,1,1,1
193,38,156,494,11,18,1,1,1
194,38,156,495,11,18,1,1,1
195,38,156,496,11,18,1,1,1
196,38,155,496,11,18,1,1,1
197,38,155,497,11,18,1,1,1
198,38,155,498,11,18,1,1,1
199,38,155,499,11,18,1,1,1
200,38,155,500,11,18,1,1,1
201,38,155,500,11,18,1,1,1
202,38,155,500,11,18,1,1,1
203,38,155,500,11,18,1,1,1
204,38,155,501,11,18,1,1,1
205,38,155,501,11,18,1,1,1
206,38,155,501,11,18,1,1,1
207,38,155,502,11,18,1,1,1
208,38,155,502,11,18,1,1,1
209,38,155,502,11,18,1,1,1
210,38,155,503,11,18,1,1,1
211,38,152,502,11,18,1,1,1
212,38,150,501,11,18,1,1,1
213,38,148,500,11,18,1,1,1
214,38,145,499,11,18,1,1,1
215,38,143,498,11,18,1,1,1
216,38,141,497,11,18,1,1,1
217,38,138,496,11,18,1,1,1
218,38,136,495,11,18,1,1,1
219,38,134,494,11,18,1,1,1
220,38,132,494,11,18,1,1,1
221,38,130,494,12,19,1,1,1
222,38,129,495,12,20,1,1,1
223,38,127,495,13,21,1,1,1
224,38,126,496,13,22,1,1,1
225,38,125,497,13,22,1,1,1
226,38,123,497,14,24,1,1,1
227,38,122,498,14,24,1,1,1
228,38,120,498,15,26,1,1,1
229,38,119,499,15,26,1,1,1
310,38,0,572,11,20,1,1,1
311,38,0,572,10,20,1,1,1
312,38,0,572,9,20,1,1,1
313,38,0,572,8,20,1,1,1
314,38,0,572,8,20,1,1,1
315,38,0,572,7,20,1,1,1
316,38,0,572,6,20,1,1,1
317,38,0,572,6,20,1,1,1
318,38,0,572,5,20,1,1,1
319,38,0,572,4,20,1,1,1
340,39,174,436,13,22,1,1,1
341,39,172,437,13,22,1,1,1
342,39,170,438,13,22,1,1,1
343,39,168,439,13,22,1,1,1
344,39,166,440,13,22,1,1,1
345,39,165,441,13,22,1,1,1
346,39,163,442,13,22,1,1,1
347,39,161,443,13,22,1,1,1
348,39,159,444,13,22,1,1,1
349,39,157,445,13,22,1,1,1
350,39,156,446,13,22,1,1,1
351,39,155,447,13,22,1,1,1
352,39,155,448,13,22,1,1,1
353,39,154,449,13,22,1,1,1
354,39,154,451,13,21,1,1,1
355,39,154,452,13,21,1,1,1
356,39,153,453,13,21,1,1,1
357,39,153,455,13,20,1,1,1
358,39,152,456,13,20,1,1,1
359,39,152,457,13,20,1,1,1
360,39,152,459,13,20,1,1,1
361,39,151,460,13,20,1,1,1
362,39,151,461,13,20,1,1,1
363,39,150,462,13,20,1,1,1
364,39,150,463,13,20,1,1,1
365,39,149,465,13,20,1,1,1
366,39,149,466,13,20,1,1,1
367,39,148,467,13,20,1,1,1
368,39,148,468,13,20,1,1,1
369,39,147,469,13,20,1,1,1
370,39,147,471,13,20,1,1,1
371,39,146,472,13,20,1,1,1
372,39,146,473,13,20,1,1,1
373,39,145,474,13,20,1,1,1
374,39,145,476,13,20,1,1,1
375,39,144,477,13,20,1,1,1
376,39,144,478,13,20,1,1,1
377,39,143,479,13,20,1,1,1
378,39,143,481,13,20,1,1,1
379,39,142,482,13,20,1,1,1
380,39,142,483,13,20,1,1,1
381,39,142,484,12,20,1,1,1
382,39,141,486,13,20,1,1,1
383,39,141,487,12,20,1,1,1
384,39,140,488,13,20,1,1,1
385,39,140,489,12,20,1,1,1
386,39,139,491,13,20,1,1,1
387,39,139,492,12,20,1,1,1
388,39,138,493,13,20,1,1,1
389,39,138,494,12,20,1,1,1
390,39,138,496,12,20,1,1,1
391,39,136,496,12,20,1,1,1
392,39,134,497,12,20,1,1,1
393,39,132,498,12,20,1,1,1
394,39,130,499,12,20,1,1,1
395,39,128,500,12,20,1,1,1
396,39,126,501,12,20,1,1,1
397,39,124,502,12,20,1,1,1
398,39,122,503,12,20,1,1,1
399,39,120,504,12,20,1,1,1
400,39,118,505,12,20,1,1,1
401,39,116,506,13,20,1,1,1
402,39,115,507,13,20,1,1,1
403,39,114,508,13,20,1,1,1
404,39,113,509,13,20,1,1,1
405,39,112,511,14,19,1,1,1
406,39,110,512,15,19,1,1,1
407,39,109,513,15,19,1,1,1
408,39,108,514,15,19,1,1,1
409,39,107,515,15,19,1,1,1
410,39,106,517,16,19,1,1,1
411,39,104,518,16,19,1,1,1
412,39,102,520,16,19,1,1,1
413,39,100,521,16,19,1,1,1
414,39,98,523,16,19,1,1,1
415,39,96,525,16,19,1,1,1
416,39,94,526,16,19,1,1,1
417,39,92,528,16,19,1,1,1
418,39,90,529,16,19,1,1,1
419,39,88,531,16,19,1,1,1
420,39,87,533,16,19,1,1,1
421,39,85,533,16,19,1,1,1
422,39,83,534,16,19,1,1,1
423,39,81,535,16,19,1,1,1
424,39,79,536,16,19,1,1,1
425,39,78,537,16,19,1,1,1
426,39,76,538,16,19,1,1,1
427,39,74,539,16,19,1,1,1
428,39,72,540,16,19,1,1,1
429,39,70,541,16,19,1,1,1
430,39,69,542,16,19,1,1,1
431,39,67,542,16,19,1,1,1
432,39,65,543,16,19,1,1,1
433,39,63,543,16,19,1,1,1
434,39,61,544,16,19,1,1,1
435,39,59,545,16,19,1,1,1
436,39,57,545,16,19,1,1,1
437,39,55,546,16,19,1,1,1
438,39,53,546,16,19,1,1,1
439,39,51,547,16,19,1,1,1
440,39,49,548,16,19,1,1,1
441,39,46,549,16,19,1,1,1
442,39,44,550,16,19,1,1,1
443,39,41,551,16,19,1,1,1
444,39,39,552,16,19,1,1,1
445,39,37,554,16,19,1,1,1
446,39,34,555,16,19,1,1,1
447,39,32,556,16,19,1,1,1
448,39,29,557,16,19,1,1,1
449,39,27,558,16,19,1,1,1
450,39,25,560,16,19,1,1,1
451,39,22,560,16,19,1,1,1
452,39,20,561,16,19,1,1,1
453,39,17,561,16,19,1,1,1
454,39,15,562,16,19,1,1,1
455,39,13,563,16,19,1,1,1
456,39,10,563,16,19,1,1,1
457,39,8,564,16,19,1,1,1
458,39,5,564,16,19,1,1,1
459,39,3,565,16,19,1,1,1
460,39,1,566,16,19,1,1,1
461,39,0,566,15,19,1,1,1
462,39,0,567,14,19,1,1,1
463,39,0,567,13,19,1,1,1
464,39,0,568,11,19,1,1,1
465,39,0,569,10,19,1,1,1
466,39,0,569,9,19,1,1,1
467,39,0,570,7,19,1,1,1
468,39,0,570,6,19,1,1,1
469,39,0,571,5,19,1,1,1
340,40,185,435,12,19,1,1,1
341,40,183,436,12,19,1,1,1
342,40,182,437,12,19,1,1,1
343,40,181,439,12,19,1,1,1
344,40,180,440,12,19,1,1,1
345,40,179,442,12,19,1,1,1
346,40,178,443,12,19,1,1,1
347,40,177,444,12,19,1,1,1
348,40,176,446,12,19,1,1,1
349,40,175,447,12,19,1,1,1
350,40,174,449,12,19,1,1,1
351,40,173,450,12,19,1,1,1
352,40,172,451,12,19,1,1,1
353,40,171,452,12,19,1,1,1
354,40,170,453,12,19,1,1,1
355,40,170,455,12,19,1,1,1
356,40,169,456,12,19,1,1,1
357,40,168,457,12,19,1,1,1
358,40,167,458,12,19,1,1,1
359,40,166,459,12,19,1,1,1
360,40,166,461,12,19,1,1,1
361,40,165,461,12,19,1,1,1
362,40,164,462,13,19,1,1,1
363,40,164,463,13,19,1,1,1
364,40,163,464,13,19,1,1,1
365,40,163,465,13,19,1,1,1
366,40,162,465,14,19,1,1,1
367,40,161,466,14,19,1,1,1
368,40,161,467,14,19,1,1,1
369,40,160,468,15,19,1,1,1
370,40,160,469,15,19,1,1,1
371,40,159,470,15,19,1,1,1
372,40,158,471,15,19,1,1,1
373,40,158,473,15,19,1,1,1
374,40,157,474,15,19,1,1,1
375,40,157,476,15,19,1,1,1
376,40,156,477,15,19,1,1,1
377,40,156,478,15,19,1,1,1
378,40,155,480,15,19,1,1,1
379,40,155,481,15,19,1,1,1
380,40,154,483,15,19,1,1,1
381,40,153,484,15,19,1,1,1
382,40,153,485,15,19,1,1,1
383,40,152,487,15,19,1,1,1
384,40,152,488,15,19,1,1,1
385,40,151,490,15,19,1,1,1
386,40,151,491,15,19,1,1,1
387,40,150,492,15,19,1,1,1
388,40,150,494,15,19,1,1,1
389,40,149,495,15,19,1,1,1
390,40,149,497,15,19,1,1,1
391,40,146,498,15,19,1,1,1
392,40,144,499,15,19,1,1,1
393,40,141,500,16,19,1,1,1
394,40,139,501,15,19,1,1,1
395,40,137,502,15,19,1,1,1
396,40,134,503,16,19,1,1,1
397,40,132,504,15,19,1,1,1
398,40,129,505,16,19,1,1,1
399,40,127,506,16,19,1,1,1
360,41,182,426,13,22,1,1,1
361,41,180,427,13,22,1,1,1
362,41,179,428,13,22,1,1,1
363,41,178,429,12,22,1,1,1
364,41,176,430,13,22,1,1,1
365,41,175,431,12,22,1,1,1
366,41,174,432,12,22,1,1,1
367,41,172,433,12,22,1,1,1
368,41,171,434,12,22,1,1,1
369,41,170,435,11,22,1,1,1
370,41,169,437,11,22,1,1,1
371,41,168,438,11,22,1,1,1
372,41,167,439,11,22,1,1,1
373,41,166,441,11,21,1,1,1
374,41,165,442,11,22,1,1,1
375,41,164,444,11,21,1,1,1
376,41,163,445,11,21,1,1,1
377,41,162,447,11,21,1,1,1
378,41,161,448,11,21,1,1,1
379,41,160,450,11,20,1,1,1
380,41,160,451,11,21,1,1,1
381,41,159,452,11,21,1,1,1
382,41,158,454,11,20,1,1,1
383,41,157,455,11,20,1,1,1
384,41,156,457,11,20,1,1,1
385,41,155,458,11,20,1,1,1
386,41,154,460,11,19,1,1,1
387,41,153,461,11,20,1,1,1
388,41,152,463,11,19,1,1,1
389,41,151,464,11,19,1,1,1
390,41,151,466,11,19,1,1,1
391,41,150,467,10,19,1,1,1
392,41,149,468,10,19,1,1,1
393,41,148,469,10,19,1,1,1
394,41,147,470,10,19,1,1,1
395,41,146,471,10,19,1,1,1
396,41,145,472,10,19,1,1,1
397,41,144,473,10,19,1,1,1
398,41,143,474,10,19,1,1,1
399,41,142,475,10,19,1,1,1
400,41,141,476,10,19,1,1,1
401,41,140,475,11,19,1,1,1
402,41,140,474,11,19,1,1,1
403,41,140,474,11,19,1,1,1
404,41,140,473,12,19,1,1,1
405,41,140,473,12,19,1,1,1
406,41,139,472,13,19,1,1,1
407,41,139,471,14,19,1,1,1
408,41,139,471,14,19,1,1,1
409,41,139,470,14,19,1,1,1
410,41,139,470,15,19,1,1,1
411,41,139,471,15,19,1,1,1
412,41,139,472,15,19,1,1,1
413,41,139,473,15,20,1,1,1
414,41,139,475,15,19,1,1,1
415,41,139,476,15,20,1,1,1
416,41,139,477,15,20,1,1,1
417,41,139,479,15,19,1,1,1
418,41,139,480,15,20,1,1,1
419,41,139,481,15,20,1,1,1
420,41,139,483,15,20,1,1,1
421,41,137,484,15,20,1,1,1
422,41,135,486,16,19,1,1,1
423,41,133,487,16,20,1,1,1
424,41,132,489,16,19,1,1,1
425,41,130,490,16,20,1,1,1
426,41,128,492,17,19,1,1,1
427,41,127,493,16,19,1,1,1
428,41,125,495,17,19,1,1,1
429,41,123,496,17,19,1,1,1
370,42,0,555,10,21,1,1,1
371,42,0,554,11,21,1,1,1
372,42,1,553,12,22,1,1,1
373,42,2,552,12,22,1,1,1
374,42,3,551,13,23,1,1,1
375,42,4,550,14,23,1,1,1
376,42,4,549,15,24,1,1,1
377,42,5,548,16,24,1,1,1
378,42,6,547,16,25,1,1,1
379,42,7,546,17,25,1,1,1
510,42,121,463,19,20,1,1,1
511,42,122,461,19,20,1,1,1
512,42,124,460,19,20,1,1,1
513,42,125,459,19,20,1,1,1
514,42,127,458,19,20,1,1,1
515,42,129,457,19,20,1,1,1
516,42,130,456,19,20,1,1,1
517,42,132,455,19,20,1,1,1
518,42,133,454,19,20,1,1,1
519,42,135,453,19,20,1,1,1
520,42,137,452,19,20,1,1,1
521,42,137,451,19,20,1,1,1
522,42,137,451,19,20,1,1,1
523,42,137,451,19,20,1,1,1
524,42,137,451,19,20,1,1,1
525,42,137,450,19,20,1,1,1
526,42,137,450,19,20,1,1,1
527,42,138,450,19,20,1,1,1
528,42,138,450,19,20,1,1,1
529,42,138,449,19,20,1,1,1
530,42,138,449,19,20,1,1,1
531,42,138,449,19,20,1,1,1
532,42,138,449,19,20,1,1,1
533,42,138,448,19,20,1,1,1
534,42,139,448,19,20,1,1,1
535,42,139,448,19,20,1,1,1
536,42,139,448,19,20,1,1,1
537,42,139,447,19,20,1,1,1
538,42,139,447,19,20,1,1,1
539,42,139,447,19,20,1,1,1
540,42,140,447,19,20,1,1,1
541,42,140,446,19,20,1,1,1
542,42,141,446,19,20,1,1,1
543,42,142,445,19,20,1,1,1
544,42,143,445,19,20,1,1,1
545,42,144,444,19,20,1,1,1
546,42,145,444,19,20,1,1,1
547,42,146,443,19,20,1,1,1
548,42,147,443,19,20,1,1,1
549,42,148,442,19,20,1,1,1
550,42,149,442,19,20,1,1,1
551,42,151,441,19,20,1,1,1
552,42,154,440,19,20,1,1,1
553,42,156,439,19,20,1,1,1
554,42,159,438,19,20,1,1,1
555,42,162,438,19,20,1,1,1
556,42,164,437,19,20,1,1,1
557,42,167,436,19,20,1,1,1
558,42,169,435,19,20,1,1,1
559,42,172,434,19,20,1,1,1
560,42,175,434,19,20,1,1,1
561,42,176,433,19,20,1,1,1
562,42,178,432,19,20,1,1,1
563,42,180,431,19,20,1,1,1
564,42,182,430,19,20,1,1,1
565,42,184,429,19,20,1,1,1
566,42,185,428,19,20,1,1,1
567,42,187,427,19,20,1,1,1
568,42,189,426,19,20,1,1,1
569,42,191,425,19,20,1,1,1
400,43,149,504,12,20,1,1,1
401,43,147,505,12,20,1,1,1
402,43,146,506,12,20,1,1,1
403,43,145,507,12,20,1,1,1
404,43,144,508,12,20,1,1,1
405,43,143,510,12,20,1,1,1
406,43,141,511,12,20,1,1,1
407,43,140,512,12,20,1,1,1
408,43,139,513,12,20,1,1,1
409,43,138,514,12,20,1,1,1
440,44,164,439,21,19,1,1,1
441,44,162,442,20,19,1,1,1
442,44,160,445,20,19,1,1,1
443,44,158,448,20,19,1,1,1
444,44,156,451,20,19,1,1,1
445,44,154,454,20,19,1,1,1
446,44,152,457,19,19,1,1,1
447,44,150,460,19,19,1,1,1
448,44,148,463,19,19,1,1,1
449,44,146,466,19,19,1,1,1
450,44,144,469,19,19,1,1,1
451,44,143,469,19,19,1,1,1
452,44,143,470,19,19,1,1,1
453,44,143,471,19,19,1,1,1
454,44,142,472,19,19,1,1,1
455,44,142,473,19,19,1,1,1
456,44,142,473,19,19,1,1,1
457,44,141,474,19,19,1,1,1
458,44,141,475,19,19,1,1,1
459,44,141,476,19,19,1,1,1
460,44,141,477,19,19,1,1,1
461,44,140,478,19,19,1,1,1
462,44,139,479,19,19,1,1,1
463,44,138,481,19,19,1,1,1
464,44,137,482,19,19,1,1,1
465,44,136,484,19,19,1,1,1
466,44,135,485,19,19,1,1,1
467,44,134,486,19,19,1,1,1
468,44,133,488,19,19,1,1,1
469,44,132,489,19,19,1,1,1
470,44,131,491,19,19,1,1,1
471,44,128,492,19,19,1,1,1
472,44,125,493,19,19,1,1,1
473,44,122,494,19,19,1,1,1
474,44,119,495,19,20,1,1,1
475,44,117,496,19,20,1,1,1
476,44,114,497,19,20,1,1,1
477,44,111,498,19,21,1,1,1
478,44,108,499,19,21,1,1,1
479,44,105,500,19,21,1,1,1
620,45,0,653,13,25,1,1,1
621,45,1,652,13,25,1,1,1
622,45,2,652,13,25,1,1,1
623,45,3,652,13,25,1,1,1
624,45,4,652,13,25,1,1,1
625,45,5,652,14,25,1,1,1
626,45,6,652,14,25,1,1,1
627,45,7,652,14,25,1,1,1
628,45,8,652,14,25,1,1,1
629,45,9,652,14,25,1,1,1
699,45,15,723,17,27,1,1,1
