430,1,757,1065,17,14,1,1,1
431,1,757,1066,17,13,1,1,1
432,1,758,1067,17,12,1,1,1
433,1,759,1068,17,11,1,1,1
434,1,760,1069,17,10,1,1,1
435,1,761,1070,17,9,1,1,1
436,1,761,1071,17,8,1,1,1
437,1,762,1072,17,7,1,1,1
438,1,763,1073,17,6,1,1,1
439,1,764,1074,17,5,1,1,1
400,2,719,1070,16,8,1,1,1
401,2,718,1070,16,8,1,1,1
402,2,718,1071,15,7,1,1,1
403,2,717,1071,16,7,1,1,1
404,2,717,1072,15,6,1,1,1
405,2,717,1072,15,6,1,1,1
406,2,716,1073,15,5,1,1,1
407,2,716,1073,14,5,1,1,1
408,2,715,1074,15,4,1,1,1
409,2,715,1074,14,4,1,1,1
410,2,715,1075,14,4,1,1,1
411,2,715,1075,14,4,1,1,1
412,2,716,1075,14,4,1,1,1
413,2,716,1075,14,4,1,1,1
414,2,717,1075,14,4,1,1,1
415,2,718,1075,13,4,1,1,1
416,2,718,1075,14,4,1,1,1
417,2,719,1075,13,4,1,1,1
418,2,719,1075,14,4,1,1,1
419,2,720,1075,13,4,1,1,1
530,2,706,1073,14,6,1,1,1
531,2,706,1072,13,7,1,1,1
532,2,706,1072,13,7,1,1,1
533,2,706,1071,13,8,1,1,1
534,2,706,1071,13,8,1,1,1
535,2,706,1071,13,8,1,1,1
536,2,706,1070,13,9,1,1,1
537,2,706,1070,13,9,1,1,1
538,2,706,1069,13,10,1,1,1
539,2,706,1069,13,10,1,1,1
540,2,706,1069,13,10,1,1,1
541,2,705,1068,14,10,1,1,1
542,2,705,1068,14,10,1,1,1
543,2,705,1068,14,10,1,1,1
544,2,705,1067,14,11,1,1,1
545,2,705,1067,15,11,1,1,1
546,2,705,1067,15,11,1,1,1
547,2,705,1066,15,12,1,1,1
548,2,705,1066,15,12,1,1,1
549,2,705,1066,15,12,1,1,1
550,2,705,1066,16,12,1,1,1
551,2,704,1065,17,12,1,1,1
552,2,704,1065,17,12,1,1,1
553,2,704,1065,17,12,1,1,1
554,2,704,1064,17,13,1,1,1
555,2,704,1064,18,13,1,1,1
556,2,704,1064,18,13,1,1,1
557,2,704,1063,18,14,1,1,1
558,2,704,1063,18,14,1,1,1
559,2,704,1063,18,14,1,1,1
560,2,704,1063,19,14,1,1,1
561,2,703,1062,19,14,1,1,1
562,2,703,1062,19,14,1,1,1
563,2,703,1062,19,14,1,1,1
564,2,703,1062,19,14,1,1,1
565,2,703,1062,19,14,1,1,1
566,2,703,1062,19,14,1,1,1
567,2,703,1062,19,14,1,1,1
568,2,703,1062,19,14,1,1,1
569,2,703,1062,19,14,1,1,1
570,2,703,1062,19,14,1,1,1
571,2,702,1062,19,14,1,1,1
572,2,702,1062,19,14,1,1,1
573,2,702,1062,19,14,1,1,1
574,2,702,1062,19,14,1,1,1
575,2,702,1062,19,14,1,1,1
576,2,702,1062,19,14,1,1,1
577,2,702,1062,19,14,1,1,1
578,2,702,1062,19,14,1,1,1
579,2,702,1062,19,14,1,1,1
580,2,702,1062,19,14,1,1,1
581,2,701,1062,19,14,1,1,1
582,2,701,1062,19,14,1,1,1
583,2,701,1062,19,14,1,1,1
584,2,701,1062,19,14,1,1,1
585,2,701,1062,19,14,1,1,1
586,2,701,1062,19,14,1,1,1
587,2,701,1062,19,14,1,1,1
588,2,701,1062,19,14,1,1,1
589,2,701,1062,19,14,1,1,1
590,2,701,1062,19,14,1,1,1
591,2,701,1061,18,15,1,1,1
592,2,701,1061,18,15,1,1,1
593,2,701,1061,18,15,1,1,1
594,2,701,1060,18,16,1,1,1
595,2,701,1060,18,16,1,1,1
596,2,701,1060,18,16,1,1,1
597,2,701,1059,18,17,1,1,1
598,2,701,1059,18,17,1,1,1
599,2,701,1059,18,17,1,1,1
600,2,701,1059,18,17,1,1,1
601,2,701,1058,18,18,1,1,1
602,2,701,1058,18,18,1,1,1
603,2,701,1058,18,18,1,1,1
604,2,701,1057,18,19,1,1,1
605,2,701,1057,18,19,1,1,1
606,2,701,1057,18,19,1,1,1
607,2,701,1056,18,20,1,1,1
608,2,701,1056,18,20,1,1,1
609,2,701,1056,18,20,1,1,1
610,2,701,1056,18,20,1,1,1
611,2,700,1056,18,20,1,1,1
612,2,700,1056,18,20,1,1,1
613,2,700,1056,18,20,1,1,1
614,2,700,1056,18,20,1,1,1
615,2,700,1056,18,20,1,1,1
616,2,700,1056,18,20,1,1,1
617,2,700,1056,18,20,1,1,1
618,2,700,1056,18,20,1,1,1
619,2,700,1056,18,20,1,1,1
620,2,700,1056,18,20,1,1,1
621,2,699,1056,18,20,1,1,1
622,2,699,1056,18,20,1,1,1
623,2,699,1056,18,20,1,1,1
624,2,699,1056,18,20,1,1,1
625,2,699,1056,18,20,1,1,1
626,2,699,1056,18,20,1,1,1
627,2,699,1056,18,20,1,1,1
628,2,699,1056,18,20,1,1,1
629,2,699,1056,18,20,1,1,1
630,2,699,1056,18,20,1,1,1
631,2,698,1056,18,20,1,1,1
632,2,698,1056,18,20,1,1,1
633,2,698,1056,18,20,1,1,1
634,2,698,1056,18,20,1,1,1
635,2,698,1056,18,20,1,1,1
636,2,698,1056,18,20,1,1,1
637,2,698,1056,18,20,1,1,1
638,2,698,1056,18,20,1,1,1
639,2,698,1056,18,20,1,1,1
440,3,704,1062,20,16,1,1,1
441,3,704,1062,20,16,1,1,1
442,3,705,1062,20,16,1,1,1
443,3,705,1063,20,15,1,1,1
444,3,706,1063,20,15,1,1,1
445,3,706,1064,20,14,1,1,1
446,3,707,1064,20,14,1,1,1
447,3,707,1064,20,14,1,1,1
448,3,708,1065,20,13,1,1,1
449,3,708,1065,20,13,1,1,1
450,3,709,1066,20,12,1,1,1
451,3,709,1065,19,13,1,1,1
452,3,709,1065,19,13,1,1,1
453,3,709,1065,19,13,1,1,1
454,3,709,1065,19,13,1,1,1
455,3,709,1065,19,13,1,1,1
456,3,709,1064,19,14,1,1,1
457,3,709,1064,19,14,1,1,1
458,3,709,1064,19,14,1,1,1
459,3,709,1064,19,14,1,1,1
460,3,709,1064,19,14,1,1,1
461,3,709,1064,19,14,1,1,1
462,3,709,1064,19,14,1,1,1
463,3,710,1064,19,14,1,1,1
464,3,710,1064,19,14,1,1,1
465,3,711,1064,19,14,1,1,1
466,3,711,1064,19,14,1,1,1
467,3,711,1064,19,14,1,1,1
468,3,712,1064,19,14,1,1,1
469,3,712,1064,19,14,1,1,1
470,3,713,1065,19,14,1,1,1
471,3,712,1065,19,14,1,1,1
472,3,712,1065,19,14,1,1,1
473,3,712,1065,19,14,1,1,1
474,3,712,1065,19,14,1,1,1
475,3,712,1065,19,14,1,1,1
476,3,711,1065,19,14,1,1,1
477,3,711,1065,19,14,1,1,1
478,3,711,1065,19,14,1,1,1
479,3,711,1065,19,14,1,1,1
480,3,711,1065,19,14,1,1,1
481,3,710,1064,19,14,1,1,1
482,3,710,1064,19,14,1,1,1
483,3,710,1064,19,14,1,1,1
484,3,709,1064,19,14,1,1,1
485,3,709,1064,19,14,1,1,1
486,3,709,1064,19,14,1,1,1
487,3,708,1064,19,14,1,1,1
488,3,708,1064,19,14,1,1,1
489,3,708,1064,19,14,1,1,1
490,3,708,1064,19,14,1,1,1
491,3,707,1063,19,14,1,1,1
492,3,707,1063,19,14,1,1,1
493,3,707,1063,19,14,1,1,1
494,3,707,1063,19,14,1,1,1
495,3,707,1063,19,14,1,1,1
496,3,707,1063,19,14,1,1,1
497,3,707,1063,19,14,1,1,1
498,3,707,1063,19,14,1,1,1
499,3,707,1063,19,14,1,1,1
500,3,707,1063,19,14,1,1,1
501,3,706,1062,19,14,1,1,1
502,3,706,1062,19,14,1,1,1
503,3,706,1061,19,14,1,1,1
504,3,705,1061,20,14,1,1,1
505,3,705,1061,20,14,1,1,1
506,3,705,1060,19,14,1,1,1
507,3,704,1060,20,14,1,1,1
508,3,704,1059,20,14,1,1,1
509,3,704,1059,20,14,1,1,1
510,3,704,1059,20,14,1,1,1
511,3,704,1058,19,14,1,1,1
512,3,704,1058,19,14,1,1,1
513,3,704,1057,19,14,1,1,1
514,3,704,1057,19,14,1,1,1
515,3,704,1057,19,14,1,1,1
516,3,704,1056,19,14,1,1,1
517,3,704,1056,19,14,1,1,1
518,3,704,1055,19,14,1,1,1
519,3,704,1055,19,14,1,1,1
520,3,704,1055,19,14,1,1,1
521,3,704,1055,19,13,1,1,1
522,3,704,1055,19,13,1,1,1
523,3,704,1055,20,13,1,1,1
524,3,704,1055,20,13,1,1,1
525,3,704,1055,21,13,1,1,1
526,3,704,1055,21,13,1,1,1
527,3,704,1055,21,13,1,1,1
528,3,704,1055,22,13,1,1,1
529,3,704,1055,22,13,1,1,1
530,3,704,1055,23,13,1,1,1
531,3,704,1054,22,14,1,1,1
532,3,704,1053,22,15,1,1,1
533,3,704,1052,22,16,1,1,1
534,3,704,1052,22,16,1,1,1
535,3,704,1051,22,17,1,1,1
536,3,704,1050,22,18,1,1,1
537,3,704,1050,22,18,1,1,1
538,3,704,1049,22,19,1,1,1
539,3,704,1048,22,20,1,1,1
540,3,704,1048,22,20,1,1,1
541,3,704,1047,21,20,1,1,1
542,3,704,1046,21,20,1,1,1
543,3,704,1046,20,19,1,1,1
544,3,704,1045,20,20,1,1,1
545,3,704,1045,20,19,1,1,1
546,3,704,1044,19,19,1,1,1
547,3,704,1043,19,20,1,1,1
548,3,704,1043,18,19,1,1,1
549,3,704,1042,18,19,1,1,1
620,3,706,1039,19,18,1,1,1
621,3,706,1039,19,18,1,1,1
622,3,706,1039,19,18,1,1,1
623,3,706,1039,19,18,1,1,1
624,3,706,1039,19,18,1,1,1
625,3,706,1039,19,18,1,1,1
626,3,706,1039,19,18,1,1,1
627,3,706,1039,19,18,1,1,1
628,3,706,1039,19,18,1,1,1
629,3,706,1039,19,18,1,1,1
460,4,791,1073,11,6,1,1,1
461,4,791,1072,10,6,1,1,1
462,4,791,1072,10,6,1,1,1
463,4,791,1071,10,7,1,1,1
464,4,791,1071,10,7,1,1,1
465,4,791,1071,10,7,1,1,1
466,4,791,1070,10,8,1,1,1
467,4,791,1070,10,8,1,1,1
468,4,791,1069,10,9,1,1,1
469,4,791,1069,10,9,1,1,1
520,4,826,1072,9,6,1,1,1
521,4,825,1071,10,7,1,1,1
522,4,825,1071,10,7,1,1,1
523,4,824,1071,11,7,1,1,1
524,4,824,1071,11,7,1,1,1
525,4,823,1071,12,7,1,1,1
526,4,823,1070,12,8,1,1,1
527,4,822,1070,13,8,1,1,1
528,4,822,1070,13,8,1,1,1
529,4,821,1070,14,8,1,1,1
530,4,821,1070,14,8,1,1,1
531,4,821,1069,13,9,1,1,1
532,4,821,1069,13,9,1,1,1
533,4,821,1069,13,9,1,1,1
534,4,821,1069,13,9,1,1,1
535,4,821,1069,13,9,1,1,1
536,4,821,1068,13,10,1,1,1
537,4,821,1068,13,10,1,1,1
538,4,821,1068,13,10,1,1,1
539,4,821,1068,13,10,1,1,1
540,4,821,1068,13,10,1,1,1
541,4,821,1067,13,10,1,1,1
542,4,821,1067,13,10,1,1,1
543,4,821,1067,13,10,1,1,1
544,4,821,1067,13,10,1,1,1
545,4,821,1067,13,10,1,1,1
546,4,821,1067,13,10,1,1,1
547,4,821,1067,13,10,1,1,1
548,4,822,1067,13,10,1,1,1
549,4,822,1067,13,10,1,1,1
550,4,822,1067,13,10,1,1,1
551,4,822,1066,13,10,1,1,1
552,4,822,1066,13,10,1,1,1
553,4,822,1066,13,10,1,1,1
554,4,822,1066,13,10,1,1,1
555,4,823,1066,13,10,1,1,1
556,4,823,1066,13,10,1,1,1
557,4,823,1066,13,10,1,1,1
558,4,823,1066,13,10,1,1,1
559,4,823,1066,13,10,1,1,1
560,4,823,1066,13,10,1,1,1
561,4,823,1065,13,10,1,1,1
562,4,823,1065,13,10,1,1,1
563,4,824,1065,13,10,1,1,1
564,4,824,1065,13,10,1,1,1
565,4,824,1065,13,10,1,1,1
566,4,824,1065,13,10,1,1,1
567,4,824,1065,13,10,1,1,1
568,4,824,1065,13,10,1,1,1
569,4,824,1065,13,10,1,1,1
570,4,825,1065,13,10,1,1,1
571,4,825,1065,13,10,1,1,1
572,4,825,1065,13,10,1,1,1
573,4,826,1065,13,10,1,1,1
574,4,826,1065,13,10,1,1,1
575,4,827,1065,13,10,1,1,1
576,4,827,1065,13,10,1,1,1
577,4,827,1065,13,10,1,1,1
578,4,828,1065,13,10,1,1,1
579,4,828,1065,13,10,1,1,1
580,4,829,1066,13,10,1,1,1
581,4,830,1066,13,10,1,1,1
582,4,831,1066,13,10,1,1,1
583,4,832,1066,13,10,1,1,1
584,4,833,1066,13,10,1,1,1
585,4,834,1067,13,10,1,1,1
586,4,835,1067,13,10,1,1,1
587,4,836,1067,13,10,1,1,1
588,4,837,1067,13,10,1,1,1
589,4,838,1067,13,10,1,1,1
590,4,840,1068,12,10,1,1,1
591,4,841,1068,12,10,1,1,1
592,4,842,1068,12,10,1,1,1
593,4,843,1068,12,10,1,1,1
594,4,844,1068,12,10,1,1,1
595,4,845,1069,12,9,1,1,1
596,4,846,1069,12,9,1,1,1
597,4,847,1069,12,9,1,1,1
598,4,848,1069,12,9,1,1,1
599,4,849,1069,12,9,1,1,1
600,4,851,1070,12,8,1,1,1
601,4,852,1070,11,8,1,1,1
602,4,853,1070,11,8,1,1,1
603,4,854,1070,11,8,1,1,1
604,4,855,1070,11,8,1,1,1
605,4,856,1070,11,8,1,1,1
606,4,857,1070,11,8,1,1,1
607,4,858,1070,11,8,1,1,1
608,4,859,1070,11,8,1,1,1
609,4,860,1070,11,8,1,1,1
610,4,861,1071,11,8,1,1,1
611,4,861,1071,11,8,1,1,1
612,4,862,1071,11,8,1,1,1
613,4,863,1071,11,8,1,1,1
614,4,864,1071,11,8,1,1,1
615,4,865,1072,11,7,1,1,1
616,4,866,1072,10,7,1,1,1
617,4,867,1072,10,7,1,1,1
618,4,868,1072,10,7,1,1,1
619,4,869,1072,10,7,1,1,1
620,4,870,1073,10,6,1,1,1
621,4,871,1073,10,6,1,1,1
622,4,872,1073,10,6,1,1,1
623,4,873,1074,10,5,1,1,1
624,4,874,1074,10,5,1,1,1
625,4,875,1075,10,5,1,1,1
626,4,876,1075,10,5,1,1,1
627,4,877,1075,10,5,1,1,1
628,4,878,1076,10,4,1,1,1
629,4,879,1076,10,4,1,1,1
40,6,1727,854,14,11,1,1,1
41,6,1727,851,14,11,1,1,1
42,6,1727,849,14,11,1,1,1
43,6,1727,847,14,11,1,1,1
44,6,1727,845,14,11,1,1,1
45,6,1727,843,14,11,1,1,1
46,6,1727,841,14,11,1,1,1
47,6,1727,839,14,11,1,1,1
48,6,1727,837,14,11,1,1,1
49,6,1727,835,14,11,1,1,1
50,6,1727,833,14,11,1,1,1
51,6,1727,830,14,11,1,1,1
52,6,1728,828,14,11,1,1,1
53,6,1729,826,14,11,1,1,1
54,6,1730,824,14,11,1,1,1
55,6,1731,822,14,11,1,1,1
56,6,1731,819,14,11,1,1,1
57,6,1732,817,14,11,1,1,1
58,6,1733,815,14,11,1,1,1
59,6,1734,813,14,11,1,1,1
60,6,1735,811,14,11,1,1,1
61,6,1735,809,14,11,1,1,1
62,6,1735,807,14,11,1,1,1
63,6,1735,805,15,11,1,1,1
64,6,1735,803,15,11,1,1,1
65,6,1736,801,15,11,1,1,1
66,6,1736,799,15,11,1,1,1
67,6,1736,797,15,11,1,1,1
68,6,1736,795,16,11,1,1,1
69,6,1736,793,16,11,1,1,1
70,6,1737,791,16,11,1,1,1
71,6,1737,789,16,11,1,1,1
72,6,1738,787,15,11,1,1,1
73,6,1738,785,16,11,1,1,1
74,6,1739,783,15,11,1,1,1
75,6,1740,781,15,11,1,1,1
76,6,1740,779,15,11,1,1,1
77,6,1741,777,14,11,1,1,1
78,6,1741,775,15,11,1,1,1
79,6,1742,773,14,11,1,1,1
80,6,1743,771,14,11,1,1,1
81,6,1743,769,14,11,1,1,1
82,6,1744,768,14,11,1,1,1
83,6,1744,766,14,12,1,1,1
84,6,1745,765,14,11,1,1,1
85,6,1746,763,14,12,1,1,1
86,6,1746,762,14,12,1,1,1
87,6,1747,760,14,12,1,1,1
88,6,1747,759,14,12,1,1,1
89,6,1748,757,14,13,1,1,1
90,6,1749,756,14,13,1,1,1
91,6,1749,754,14,13,1,1,1
92,6,1750,752,14,13,1,1,1
93,6,1750,751,14,12,1,1,1
94,6,1751,749,14,13,1,1,1
95,6,1751,748,14,12,1,1,1
96,6,1752,746,14,12,1,1,1
97,6,1752,744,14,13,1,1,1
98,6,1753,743,14,12,1,1,1
99,6,1753,741,14,12,1,1,1
100,6,1754,740,14,12,1,1,1
101,6,1755,738,14,12,1,1,1
102,6,1756,737,14,12,1,1,1
103,6,1757,736,14,12,1,1,1
104,6,1758,735,14,12,1,1,1
105,6,1759,734,14,12,1,1,1
106,6,1760,732,14,12,1,1,1
107,6,1761,731,14,12,1,1,1
108,6,1762,730,14,12,1,1,1
109,6,1763,729,14,12,1,1,1
110,6,1765,728,14,12,1,1,1
111,6,1765,726,14,13,1,1,1
112,6,1766,725,14,13,1,1,1
113,6,1767,724,14,13,1,1,1
114,6,1768,723,14,13,1,1,1
115,6,1769,722,14,13,1,1,1
116,6,1770,720,14,14,1,1,1
117,6,1771,719,14,14,1,1,1
118,6,1772,718,14,14,1,1,1
119,6,1773,717,14,14,1,1,1
120,6,1774,716,14,14,1,1,1
121,6,1774,714,14,14,1,1,1
122,6,1775,713,14,14,1,1,1
123,6,1775,711,14,14,1,1,1
124,6,1776,710,14,14,1,1,1
125,6,1776,708,14,14,1,1,1
126,6,1777,707,14,14,1,1,1
127,6,1777,705,14,14,1,1,1
128,6,1778,704,14,14,1,1,1
129,6,1778,702,14,14,1,1,1
130,6,1779,701,14,14,1,1,1
131,6,1779,699,14,14,1,1,1
132,6,1780,698,14,14,1,1,1
133,6,1780,697,14,14,1,1,1
134,6,1781,696,14,14,1,1,1
135,6,1781,695,14,14,1,1,1
136,6,1782,694,14,14,1,1,1
137,6,1782,693,14,14,1,1,1
138,6,1783,692,14,14,1,1,1
139,6,1783,691,14,14,1,1,1
140,6,1784,690,14,14,1,1,1
141,6,1785,688,14,14,1,1,1
142,6,1786,687,14,14,1,1,1
143,6,1787,686,14,14,1,1,1
144,6,1789,684,14,14,1,1,1
145,6,1790,683,14,14,1,1,1
146,6,1791,682,14,14,1,1,1
147,6,1793,680,14,14,1,1,1
148,6,1794,679,14,14,1,1,1
149,6,1795,678,14,14,1,1,1
150,6,1797,677,14,14,1,1,1
151,6,1797,675,14,14,1,1,1
152,6,1797,673,14,14,1,1,1
153,6,1798,671,14,14,1,1,1
154,6,1798,669,14,14,1,1,1
155,6,1799,668,14,14,1,1,1
156,6,1799,666,14,14,1,1,1
157,6,1799,664,14,14,1,1,1
158,6,1800,662,14,14,1,1,1
159,6,1800,660,14,14,1,1,1
160,6,1801,659,14,14,1,1,1
161,6,1801,657,14,14,1,1,1
162,6,1802,656,14,14,1,1,1
163,6,1803,654,14,14,1,1,1
164,6,1804,653,14,14,1,1,1
165,6,1805,651,14,14,1,1,1
166,6,1806,650,14,14,1,1,1
167,6,1807,648,14,14,1,1,1
168,6,1808,647,14,14,1,1,1
169,6,1809,645,14,14,1,1,1
170,6,1810,644,14,14,1,1,1
171,6,1810,642,14,14,1,1,1
172,6,1811,641,14,14,1,1,1
173,6,1812,639,14,14,1,1,1
174,6,1813,638,14,14,1,1,1
175,6,1814,636,14,14,1,1,1
176,6,1815,635,14,14,1,1,1
177,6,1816,633,14,14,1,1,1
178,6,1817,632,14,14,1,1,1
179,6,1818,630,14,14,1,1,1
180,6,1819,629,14,14,1,1,1
181,6,1819,627,14,14,1,1,1
182,6,1820,626,14,14,1,1,1
183,6,1820,624,14,14,1,1,1
184,6,1821,623,14,14,1,1,1
185,6,1821,622,14,14,1,1,1
186,6,1822,620,14,14,1,1,1
187,6,1822,619,14,14,1,1,1
188,6,1823,617,14,14,1,1,1
189,6,1823,616,14,14,1,1,1
190,6,1824,615,14,14,1,1,1
191,6,1824,613,14,14,1,1,1
192,6,1825,611,14,14,1,1,1
193,6,1826,609,14,14,1,1,1
194,6,1827,608,14,14,1,1,1
195,6,1828,606,14,14,1,1,1
196,6,1829,604,14,14,1,1,1
197,6,1830,603,14,14,1,1,1
198,6,1831,601,14,14,1,1,1
199,6,1832,599,14,14,1,1,1
260,6,1906,535,12,14,1,1,1
261,6,1906,535,11,14,1,1,1
262,6,1907,535,10,14,1,1,1
263,6,1908,535,9,14,1,1,1
264,6,1908,535,9,14,1,1,1
265,6,1909,535,8,14,1,1,1
266,6,1910,535,7,14,1,1,1
267,6,1910,535,7,14,1,1,1
268,6,1911,535,6,14,1,1,1
269,6,1912,535,5,14,1,1,1
430,9,1243,651,14,14,1,1,1
431,9,1242,649,14,14,1,1,1
432,9,1241,648,14,14,1,1,1
433,9,1240,646,14,14,1,1,1
434,9,1239,645,14,14,1,1,1
435,9,1239,644,14,14,1,1,1
436,9,1238,642,14,14,1,1,1
437,9,1237,641,14,14,1,1,1
438,9,1236,639,14,14,1,1,1
439,9,1235,638,14,14,1,1,1
440,9,1235,637,14,14,1,1,1
441,9,1234,635,14,14,1,1,1
442,9,1234,633,14,14,1,1,1
443,9,1233,631,14,14,1,1,1
444,9,1233,629,14,14,1,1,1
445,9,1233,627,14,14,1,1,1
446,9,1232,625,14,14,1,1,1
447,9,1232,623,14,14,1,1,1
448,9,1231,621,14,14,1,1,1
449,9,1231,619,14,14,1,1,1
450,9,1231,618,14,14,1,1,1
451,9,1229,616,14,14,1,1,1
452,9,1228,614,14,14,1,1,1
453,9,1227,612,14,14,1,1,1
454,9,1226,610,14,14,1,1,1
455,9,1225,608,14,14,1,1,1
456,9,1224,606,14,14,1,1,1
457,9,1223,604,14,14,1,1,1
458,9,1222,602,14,14,1,1,1
459,9,1221,600,14,14,1,1,1
460,9,1220,598,14,14,1,1,1
461,9,1219,596,14,14,1,1,1
462,9,1219,594,14,14,1,1,1
463,9,1218,592,14,14,1,1,1
464,9,1218,590,14,14,1,1,1
465,9,1217,588,14,14,1,1,1
466,9,1217,586,14,14,1,1,1
467,9,1216,584,14,14,1,1,1
468,9,1216,582,14,14,1,1,1
469,9,1215,580,14,14,1,1,1
500,11,1097,1067,19,11,1,1,1
501,11,1097,1067,19,11,1,1,1
502,11,1097,1067,19,11,1,1,1
503,11,1097,1067,19,11,1,1,1
504,11,1097,1067,19,11,1,1,1
505,11,1097,1067,19,11,1,1,1
506,11,1097,1067,19,11,1,1,1
507,11,1097,1067,19,11,1,1,1
508,11,1097,1067,19,11,1,1,1
509,11,1097,1067,19,11,1,1,1
580,11,1039,1071,17,8,1,1,1
581,11,1039,1070,16,9,1,1,1
582,11,1039,1070,16,9,1,1,1
583,11,1039,1070,15,9,1,1,1
584,11,1039,1070,15,9,1,1,1
585,11,1039,1070,14,9,1,1,1
586,11,1039,1070,14,9,1,1,1
587,11,1039,1070,13,9,1,1,1
588,11,1039,1070,13,9,1,1,1
589,11,1039,1070,12,9,1,1,1
590,11,1040,1070,11,9,1,1,1
591,11,1038,1069,11,10,1,1,1
592,11,1036,1069,11,10,1,1,1
593,11,1034,1069,12,10,1,1,1
594,11,1033,1069,11,10,1,1,1
595,11,1031,1069,12,10,1,1,1
596,11,1029,1069,12,10,1,1,1
597,11,1027,1069,13,10,1,1,1
598,11,1026,1069,12,10,1,1,1
599,11,1024,1069,13,10,1,1,1
600,11,1022,1069,13,10,1,1,1
601,11,1021,1069,12,10,1,1,1
602,11,1019,1069,13,10,1,1,1
603,11,1017,1069,13,10,1,1,1
604,11,1015,1069,14,10,1,1,1
605,11,1014,1069,13,10,1,1,1
606,11,1012,1069,14,10,1,1,1
607,11,1010,1069,14,10,1,1,1
608,11,1008,1069,15,10,1,1,1
609,11,1007,1069,14,10,1,1,1
610,11,1005,1069,15,10,1,1,1
611,11,1003,1069,15,10,1,1,1
612,11,1002,1069,14,10,1,1,1
613,11,1000,1069,15,10,1,1,1
614,11,998,1069,15,10,1,1,1
615,11,996,1069,16,10,1,1,1
616,11,995,1069,15,10,1,1,1
617,11,993,1069,16,10,1,1,1
618,11,991,1069,16,10,1,1,1
619,11,989,1069,17,10,1,1,1
620,11,988,1069,16,10,1,1,1
621,11,986,1069,16,10,1,1,1
622,11,984,1069,17,10,1,1,1
623,11,983,1069,16,10,1,1,1
624,11,981,1069,17,10,1,1,1
625,11,979,1069,17,10,1,1,1
626,11,977,1069,18,10,1,1,1
627,11,976,1069,17,10,1,1,1
628,11,974,1069,18,10,1,1,1
629,11,972,1069,18,10,1,1,1
630,11,971,1069,18,10,1,1,1
631,11,969,1069,18,10,1,1,1
632,11,968,1069,18,10,1,1,1
633,11,967,1069,18,10,1,1,1
634,11,966,1069,18,10,1,1,1
635,11,965,1069,18,10,1,1,1
636,11,963,1069,18,10,1,1,1
637,11,962,1069,18,10,1,1,1
638,11,961,1069,18,10,1,1,1
639,11,960,1069,18,10,1,1,1
640,11,959,1070,18,9,1,1,1
641,11,957,1069,18,10,1,1,1
642,11,956,1068,18,11,1,1,1
643,11,955,1067,18,12,1,1,1
644,11,954,1067,18,12,1,1,1
645,11,953,1066,18,13,1,1,1
646,11,952,1065,17,14,1,1,1
647,11,951,1065,17,14,1,1,1
648,11,950,1064,17,15,1,1,1
649,11,949,1063,17,16,1,1,1
650,11,948,1063,17,16,1,1,1
651,11,946,1062,17,16,1,1,1
652,11,945,1061,17,17,1,1,1
653,11,943,1061,17,16,1,1,1
654,11,942,1060,17,17,1,1,1
655,11,941,1060,17,17,1,1,1
656,11,939,1059,17,17,1,1,1
657,11,938,1058,17,18,1,1,1
658,11,936,1058,17,17,1,1,1
659,11,935,1057,17,18,1,1,1
180,12,1079,759,19,18,1,1,1
181,12,1078,758,19,18,1,1,1
182,12,1078,758,19,18,1,1,1
183,12,1078,758,19,18,1,1,1
184,12,1077,758,19,18,1,1,1
185,12,1077,758,19,18,1,1,1
186,12,1077,757,19,18,1,1,1
187,12,1076,757,19,18,1,1,1
188,12,1076,757,19,18,1,1,1
189,12,1076,757,19,18,1,1,1
190,12,1076,757,19,18,1,1,1
191,12,1076,757,19,18,1,1,1
192,12,1077,757,19,18,1,1,1
193,12,1077,757,19,18,1,1,1
194,12,1078,757,19,18,1,1,1
195,12,1078,757,19,18,1,1,1
196,12,1079,757,19,18,1,1,1
197,12,1079,757,19,18,1,1,1
198,12,1080,757,19,18,1,1,1
199,12,1080,757,19,18,1,1,1
200,12,1081,758,19,18,1,1,1
201,12,1081,757,19,18,1,1,1
202,12,1081,757,19,18,1,1,1
203,12,1081,756,19,18,1,1,1
204,12,1081,756,19,18,1,1,1
205,12,1081,756,19,18,1,1,1
206,12,1081,755,19,18,1,1,1
207,12,1081,755,19,18,1,1,1
208,12,1081,754,19,18,1,1,1
209,12,1081,754,19,18,1,1,1
210,12,1081,754,19,18,1,1,1
211,12,1080,753,19,18,1,1,1
212,12,1080,753,19,18,1,1,1
213,12,1080,752,19,18,1,1,1
214,12,1079,752,19,18,1,1,1
215,12,1079,751,19,18,1,1,1
216,12,1079,751,19,18,1,1,1
217,12,1078,750,19,18,1,1,1
218,12,1078,750,19,18,1,1,1
219,12,1078,749,19,18,1,1,1
410,13,89,0,27,16,1,1,1
411,13,89,0,27,15,1,1,1
412,13,89,0,27,14,1,1,1
413,13,89,0,27,13,1,1,1
414,13,89,0,27,12,1,1,1
415,13,89,0,27,11,1,1,1
416,13,89,0,27,10,1,1,1
417,13,89,0,27,9,1,1,1
418,13,89,0,27,8,1,1,1
419,13,89,0,27,7,1,1,1
500,15,110,0,18,14,1,1,1
501,15,110,0,18,13,1,1,1
502,15,110,0,18,12,1,1,1
503,15,110,0,18,11,1,1,1
504,15,110,0,18,11,1,1,1
505,15,110,0,18,10,1,1,1
506,15,110,0,18,9,1,1,1
507,15,110,0,18,9,1,1,1
508,15,110,0,18,8,1,1,1
509,15,110,0,18,7,1,1,1
470,19,1,922,15,13,1,1,1
471,19,2,921,17,13,1,1,1
472,19,3,920,19,14,1,1,1
473,19,4,920,21,14,1,1,1
474,19,6,919,22,15,1,1,1
475,19,7,919,24,15,1,1,1
476,19,8,918,26,15,1,1,1
477,19,10,917,27,16,1,1,1
478,19,11,917,29,16,1,1,1
479,19,12,916,31,17,1,1,1
0,22,0,909,34,20,1,1,1
1,22,0,908,34,20,1,1,1
2,22,0,908,34,20,1,1,1
3,22,0,907,34,20,1,1,1
4,22,0,907,34,20,1,1,1
5,22,0,907,35,20,1,1,1
6,22,0,906,35,20,1,1,1
7,22,0,906,35,20,1,1,1
8,22,0,905,35,20,1,1,1
9,22,0,905,35,20,1,1,1
10,22,1,905,35,20,1,1,1
11,22,1,904,36,20,1,1,1
12,22,2,904,37,20,1,1,1
13,22,2,903,38,21,1,1,1
14,22,3,903,39,21,1,1,1
15,22,3,902,40,22,1,1,1
16,22,4,902,41,21,1,1,1
17,22,4,901,42,22,1,1,1
18,22,5,901,43,22,1,1,1
19,22,5,900,44,23,1,1,1
90,24,471,64,15,23,1,1,1
91,24,470,65,15,23,1,1,1
92,24,469,67,15,23,1,1,1
93,24,468,68,15,23,1,1,1
94,24,467,70,15,23,1,1,1
95,24,466,71,15,23,1,1,1
96,24,465,73,15,23,1,1,1
97,24,464,74,15,23,1,1,1
98,24,463,76,15,23,1,1,1
99,24,462,77,15,23,1,1,1
100,24,461,79,15,23,1,1,1
101,24,459,80,15,23,1,1,1
102,24,458,82,15,23,1,1,1
103,24,457,84,15,23,1,1,1
104,24,456,85,15,23,1,1,1
105,24,455,87,15,23,1,1,1
106,24,454,89,15,23,1,1,1
107,24,453,90,15,23,1,1,1
108,24,452,92,15,23,1,1,1
109,24,451,94,15,23,1,1,1
110,24,450,96,15,23,1,1,1
111,24,448,97,15,23,1,1,1
112,24,447,98,15,23,1,1,1
113,24,446,99,15,23,1,1,1
114,24,445,101,15,23,1,1,1
115,24,444,102,15,23,1,1,1
116,24,442,103,15,23,1,1,1
117,24,441,105,15,23,1,1,1
118,24,440,106,15,23,1,1,1
119,24,439,107,15,23,1,1,1
120,24,438,109,15,23,1,1,1
121,24,438,109,15,23,1,1,1
122,24,438,109,15,23,1,1,1
123,24,438,109,15,23,1,1,1
124,24,438,109,15,23,1,1,1
125,24,438,110,15,23,1,1,1
126,24,438,110,15,23,1,1,1
127,24,438,110,15,23,1,1,1
128,24,438,110,15,23,1,1,1
129,24,438,111,15,23,1,1,1
130,24,439,111,15,23,1,1,1
131,24,439,111,15,23,1,1,1
132,24,439,111,15,23,1,1,1
133,24,439,112,15,23,1,1,1
134,24,439,112,15,23,1,1,1
135,24,439,112,15,23,1,1,1
136,24,439,112,15,23,1,1,1
137,24,439,112,15,23,1,1,1
138,24,439,113,15,23,1,1,1
139,24,439,113,15,23,1,1,1
140,24,440,113,15,23,1,1,1
141,24,440,113,15,23,1,1,1
142,24,440,114,15,23,1,1,1
143,24,440,114,15,23,1,1,1
144,24,440,114,15,23,1,1,1
145,24,440,114,15,23,1,1,1
146,24,440,115,15,23,1,1,1
147,24,440,115,15,23,1,1,1
148,24,440,115,15,23,1,1,1
149,24,440,115,15,23,1,1,1
150,24,441,116,15,23,1,1,1
151,24,440,117,15,23,1,1,1
152,24,440,119,14,22,1,1,1
153,24,439,120,15,22,1,1,1
154,24,439,122,14,21,1,1,1
155,24,438,124,15,20,1,1,1
156,24,438,125,14,20,1,1,1
157,24,437,127,14,19,1,1,1
158,24,437,128,14,19,1,1,1
159,24,436,130,14,18,1,1,1
160,24,436,132,14,18,1,1,1
161,24,436,132,14,18,1,1,1
162,24,436,133,14,18,1,1,1
163,24,436,134,14,18,1,1,1
164,24,436,135,14,18,1,1,1
165,24,436,136,14,18,1,1,1
166,24,436,136,14,18,1,1,1
167,24,436,137,14,18,1,1,1
168,24,436,138,14,18,1,1,1
169,24,436,139,14,18,1,1,1
170,24,436,140,14,18,1,1,1
171,24,435,141,14,18,1,1,1
172,24,435,142,14,18,1,1,1
173,24,434,143,14,18,1,1,1
174,24,434,144,14,18,1,1,1
175,24,433,145,14,18,1,1,1
176,24,433,146,14,18,1,1,1
177,24,432,147,14,18,1,1,1
178,24,432,148,14,18,1,1,1
179,24,431,149,14,18,1,1,1
180,24,431,150,14,18,1,1,1
181,24,430,150,14,18,1,1,1
182,24,430,151,14,18,1,1,1
183,24,429,152,14,18,1,1,1
184,24,429,153,14,18,1,1,1
185,24,428,154,14,18,1,1,1
186,24,428,154,14,18,1,1,1
187,24,427,155,14,18,1,1,1
188,24,427,156,14,18,1,1,1
189,24,426,157,14,18,1,1,1
190,24,426,158,14,18,1,1,1
191,24,425,159,14,18,1,1,1
192,24,424,160,14,18,1,1,1
193,24,423,161,14,18,1,1,1
194,24,422,162,14,18,1,1,1
195,24,421,163,14,18,1,1,1
196,24,420,164,14,18,1,1,1
197,24,419,165,14,18,1,1,1
198,24,418,166,14,18,1,1,1
199,24,417,167,14,18,1,1,1
200,24,416,168,14,18,1,1,1
201,24,414,168,14,18,1,1,1
202,24,413,169,14,18,1,1,1
203,24,412,170,14,18,1,1,1
204,24,411,171,14,18,1,1,1
205,24,410,172,14,18,1,1,1
206,24,409,172,14,18,1,1,1
207,24,408,173,14,18,1,1,1
208,24,407,174,14,18,1,1,1
209,24,406,175,14,18,1,1,1
210,24,405,176,14,18,1,1,1
211,24,403,179,14,18,1,1,1
212,24,402,182,14,18,1,1,1
213,24,401,185,14,18,1,1,1
214,24,399,188,14,18,1,1,1
215,24,398,191,14,18,1,1,1
216,24,397,194,14,18,1,1,1
217,24,395,197,14,18,1,1,1
218,24,394,200,14,18,1,1,1
219,24,393,203,14,18,1,1,1
220,24,392,206,14,18,1,1,1
221,24,390,207,14,18,1,1,1
222,24,389,208,14,18,1,1,1
223,24,388,209,14,18,1,1,1
224,24,387,210,14,18,1,1,1
225,24,386,212,14,18,1,1,1
226,24,385,213,14,18,1,1,1
227,24,384,214,14,18,1,1,1
228,24,383,215,14,18,1,1,1
229,24,382,216,14,18,1,1,1
230,24,381,218,14,18,1,1,1
231,24,380,218,14,18,1,1,1
232,24,379,219,14,18,1,1,1
233,24,378,219,14,18,1,1,1
234,24,377,220,14,18,1,1,1
235,24,376,220,14,18,1,1,1
236,24,375,221,14,18,1,1,1
237,24,374,221,14,18,1,1,1
238,24,373,222,14,18,1,1,1
239,24,372,222,14,18,1,1,1
240,24,371,223,14,18,1,1,1
241,24,370,224,14,18,1,1,1
242,24,369,226,14,18,1,1,1
243,24,368,228,14,18,1,1,1
244,24,368,229,14,18,1,1,1
245,24,367,231,14,18,1,1,1
246,24,366,233,14,18,1,1,1
247,24,366,234,14,18,1,1,1
248,24,365,236,14,18,1,1,1
249,24,364,238,14,18,1,1,1
250,24,364,240,14,18,1,1,1
251,24,363,241,14,18,1,1,1
252,24,362,242,14,18,1,1,1
253,24,361,244,14,18,1,1,1
254,24,361,245,14,18,1,1,1
255,24,360,247,14,18,1,1,1
256,24,359,248,14,18,1,1,1
257,24,359,249,14,18,1,1,1
258,24,358,251,14,18,1,1,1
259,24,357,252,14,18,1,1,1
260,24,357,254,14,18,1,1,1
261,24,356,256,14,18,1,1,1
262,24,355,258,14,18,1,1,1
263,24,354,260,14,18,1,1,1
264,24,353,262,14,18,1,1,1
265,24,352,264,14,18,1,1,1
266,24,351,266,14,18,1,1,1
267,24,350,268,14,18,1,1,1
268,24,349,270,14,18,1,1,1
269,24,348,272,14,18,1,1,1
270,24,347,274,14,18,1,1,1
271,24,346,275,14,18,1,1,1
272,24,346,276,14,18,1,1,1
273,24,345,277,14,18,1,1,1
274,24,345,279,14,18,1,1,1
275,24,345,280,14,18,1,1,1
276,24,344,281,14,18,1,1,1
277,24,344,283,14,18,1,1,1
278,24,343,284,14,18,1,1,1
279,24,343,285,14,18,1,1,1
280,24,343,287,14,18,1,1,1
281,24,342,288,14,18,1,1,1
282,24,341,290,14,18,1,1,1
283,24,340,292,14,18,1,1,1
284,24,339,293,14,18,1,1,1
285,24,338,295,14,18,1,1,1
286,24,337,297,14,18,1,1,1
287,24,336,298,14,18,1,1,1
288,24,335,300,14,18,1,1,1
289,24,334,302,14,18,1,1,1
290,24,334,304,14,18,1,1,1
291,24,333,305,14,18,1,1,1
292,24,333,307,14,18,1,1,1
293,24,332,309,14,18,1,1,1
294,24,332,310,14,18,1,1,1
295,24,331,312,14,18,1,1,1
296,24,331,314,14,18,1,1,1
297,24,330,315,14,18,1,1,1
298,24,330,317,14,18,1,1,1
299,24,329,319,14,18,1,1,1
300,24,329,321,14,18,1,1,1
301,24,328,322,14,18,1,1,1
302,24,328,324,14,18,1,1,1
303,24,327,326,14,18,1,1,1
304,24,327,327,14,18,1,1,1
305,24,327,329,14,18,1,1,1
306,24,326,331,14,18,1,1,1
307,24,326,332,14,18,1,1,1
308,24,325,334,14,18,1,1,1
309,24,325,336,14,18,1,1,1
310,24,325,338,14,18,1,1,1
311,24,324,340,14,18,1,1,1
312,24,324,342,14,18,1,1,1
313,24,323,344,14,18,1,1,1
314,24,323,346,14,18,1,1,1
315,24,322,348,14,18,1,1,1
316,24,322,350,14,18,1,1,1
317,24,321,352,14,18,1,1,1
318,24,321,354,14,18,1,1,1
319,24,320,356,14,18,1,1,1
320,24,320,358,14,18,1,1,1
321,24,318,359,14,18,1,1,1
322,24,317,361,14,18,1,1,1
323,24,316,363,14,18,1,1,1
324,24,315,364,14,18,1,1,1
325,24,314,366,14,18,1,1,1
326,24,312,368,14,18,1,1,1
327,24,311,369,14,18,1,1,1
328,24,310,371,14,18,1,1,1
329,24,309,373,14,18,1,1,1
330,24,308,375,14,18,1,1,1
331,24,306,376,14,18,1,1,1
332,24,305,377,14,18,1,1,1
333,24,304,379,14,18,1,1,1
334,24,302,380,14,18,1,1,1
335,24,301,382,14,18,1,1,1
336,24,300,383,14,18,1,1,1
337,24,298,384,14,18,1,1,1
338,24,297,386,14,18,1,1,1
339,24,296,387,14,18,1,1,1
340,24,295,389,14,18,1,1,1
341,24,294,390,14,18,1,1,1
342,24,293,391,14,18,1,1,1
343,24,292,392,14,18,1,1,1
344,24,291,393,14,18,1,1,1
345,24,290,395,14,18,1,1,1
346,24,289,396,14,18,1,1,1
347,24,288,397,14,18,1,1,1
348,24,287,398,14,18,1,1,1
349,24,286,399,14,18,1,1,1
350,24,286,401,14,18,1,1,1
351,24,284,402,14,18,1,1,1
352,24,283,403,14,18,1,1,1
353,24,281,404,14,18,1,1,1
354,24,280,405,14,18,1,1,1
355,24,278,406,14,18,1,1,1
356,24,277,407,14,18,1,1,1
357,24,275,408,14,18,1,1,1
358,24,274,409,14,18,1,1,1
359,24,272,410,14,18,1,1,1
360,24,271,411,14,18,1,1,1
361,24,269,412,14,18,1,1,1
362,24,267,413,14,18,1,1,1
363,24,265,414,14,18,1,1,1
364,24,264,416,14,18,1,1,1
365,24,262,417,14,18,1,1,1
366,24,260,418,14,18,1,1,1
367,24,259,420,14,18,1,1,1
368,24,257,421,14,18,1,1,1
369,24,255,422,14,18,1,1,1
370,24,254,424,14,18,1,1,1
371,24,252,425,14,18,1,1,1
372,24,251,426,14,18,1,1,1
373,24,250,427,14,18,1,1,1
374,24,249,428,14,18,1,1,1
375,24,248,430,14,18,1,1,1
376,24,247,431,14,18,1,1,1
377,24,246,432,14,18,1,1,1
378,24,245,433,14,18,1,1,1
379,24,244,434,14,18,1,1,1
380,24,243,436,14,18,1,1,1
381,24,242,438,14,18,1,1,1
382,24,241,440,14,18,1,1,1
383,24,240,442,14,18,1,1,1
384,24,239,444,14,18,1,1,1
385,24,238,447,14,18,1,1,1
386,24,237,449,14,18,1,1,1
387,24,236,451,14,18,1,1,1
388,24,235,453,14,18,1,1,1
389,24,234,455,14,18,1,1,1
390,24,234,458,14,18,1,1,1
391,24,233,459,14,18,1,1,1
392,24,232,461,14,18,1,1,1
393,24,231,463,14,18,1,1,1
394,24,230,465,14,18,1,1,1
395,24,229,467,14,18,1,1,1
396,24,228,468,14,18,1,1,1
397,24,227,470,14,18,1,1,1
398,24,226,472,14,18,1,1,1
399,24,225,474,14,18,1,1,1
400,24,224,476,14,18,1,1,1
401,24,223,477,14,18,1,1,1
402,24,222,479,14,18,1,1,1
403,24,221,481,14,18,1,1,1
404,24,220,482,14,18,1,1,1
405,24,220,484,14,18,1,1,1
406,24,219,486,14,18,1,1,1
407,24,218,487,14,18,1,1,1
408,24,217,489,14,18,1,1,1
409,24,216,491,14,18,1,1,1
410,24,216,493,14,18,1,1,1
411,24,214,494,14,18,1,1,1
412,24,213,496,14,18,1,1,1
413,24,212,497,14,18,1,1,1
414,24,211,499,14,18,1,1,1
415,24,210,500,14,18,1,1,1
416,24,209,502,14,18,1,1,1
417,24,208,503,14,18,1,1,1
418,24,207,505,14,18,1,1,1
419,24,206,506,14,18,1,1,1
420,24,205,508,14,18,1,1,1
421,24,204,509,14,18,1,1,1
422,24,203,511,14,18,1,1,1
423,24,202,512,14,18,1,1,1
424,24,201,514,14,18,1,1,1
425,24,200,515,14,18,1,1,1
426,24,199,517,14,18,1,1,1
427,24,198,518,14,18,1,1,1
428,24,197,520,14,18,1,1,1
429,24,196,521,14,18,1,1,1
430,24,196,523,14,18,1,1,1
431,24,194,525,14,18,1,1,1
432,24,193,527,14,18,1,1,1
433,24,191,529,14,18,1,1,1
434,24,190,531,14,18,1,1,1
435,24,189,533,14,18,1,1,1
436,24,187,535,14,18,1,1,1
437,24,186,537,14,18,1,1,1
438,24,184,539,14,18,1,1,1
439,24,183,541,14,18,1,1,1
440,24,182,543,14,18,1,1,1
441,24,181,544,14,18,1,1,1
442,24,180,546,14,18,1,1,1
443,24,179,548,14,18,1,1,1
444,24,178,550,14,18,1,1,1
445,24,177,552,14,18,1,1,1
446,24,176,553,14,18,1,1,1
447,24,175,555,14,18,1,1,1
448,24,174,557,14,18,1,1,1
449,24,173,559,14,18,1,1,1
450,24,172,561,14,18,1,1,1
451,24,170,562,14,18,1,1,1
452,24,169,564,14,18,1,1,1
453,24,167,565,14,18,1,1,1
454,24,166,567,14,18,1,1,1
455,24,165,569,14,18,1,1,1
456,24,163,570,14,18,1,1,1
457,24,162,572,14,18,1,1,1
458,24,160,573,14,18,1,1,1
459,24,159,575,14,18,1,1,1
460,24,158,577,14,18,1,1,1
461,24,156,578,14,18,1,1,1
462,24,155,580,14,18,1,1,1
463,24,154,581,14,18,1,1,1
464,24,153,583,14,18,1,1,1
465,24,152,585,14,18,1,1,1
466,24,150,586,14,18,1,1,1
467,24,149,588,14,18,1,1,1
468,24,148,589,14,18,1,1,1
469,24,147,591,14,18,1,1,1
470,24,146,593,14,18,1,1,1
471,24,145,594,14,18,1,1,1
472,24,144,596,14,18,1,1,1
473,24,143,597,14,18,1,1,1
474,24,142,599,14,18,1,1,1
475,24,141,601,14,18,1,1,1
476,24,140,602,14,18,1,1,1
477,24,139,604,14,18,1,1,1
478,24,138,605,14,18,1,1,1
479,24,137,607,14,18,1,1,1
480,24,137,609,14,18,1,1,1
481,24,135,610,14,18,1,1,1
482,24,134,611,14,18,1,1,1
483,24,133,612,14,18,1,1,1
484,24,132,613,14,18,1,1,1
485,24,131,615,14,18,1,1,1
486,24,130,616,14,18,1,1,1
487,24,129,617,14,18,1,1,1
488,24,128,618,14,18,1,1,1
489,24,127,619,14,18,1,1,1
490,24,126,621,14,18,1,1,1
491,24,124,620,14,18,1,1,1
492,24,122,620,15,17,1,1,1
493,24,120,620,16,17,1,1,1
494,24,118,620,17,16,1,1,1
495,24,116,620,18,16,1,1,1
496,24,114,620,18,15,1,1,1
497,24,112,620,19,14,1,1,1
498,24,110,620,20,14,1,1,1
499,24,108,620,21,13,1,1,1
500,24,106,620,22,13,1,1,1
501,24,104,620,22,13,1,1,1
502,24,102,620,22,13,1,1,1
503,24,100,620,22,13,1,1,1
504,24,99,620,22,13,1,1,1
505,24,97,620,22,13,1,1,1
506,24,95,620,22,13,1,1,1
507,24,94,620,22,13,1,1,1
508,24,92,620,22,13,1,1,1
509,24,90,620,22,13,1,1,1
510,24,89,621,22,13,1,1,1
511,24,87,621,22,13,1,1,1
512,24,86,621,22,13,1,1,1
513,24,85,622,22,13,1,1,1
514,24,84,622,22,13,1,1,1
515,24,83,623,22,13,1,1,1
516,24,81,623,22,13,1,1,1
517,24,80,623,22,13,1,1,1
518,24,79,624,22,13,1,1,1
519,24,78,624,22,13,1,1,1
520,24,77,625,22,13,1,1,1
521,24,75,625,22,13,1,1,1
522,24,73,625,22,13,1,1,1
523,24,71,625,22,13,1,1,1
524,24,70,625,22,13,1,1,1
525,24,68,625,22,13,1,1,1
526,24,66,625,22,13,1,1,1
527,24,65,625,22,13,1,1,1
528,24,63,625,22,13,1,1,1
529,24,61,625,22,13,1,1,1
699,24,471,64,15,23,1,1,1
100,25,485,81,14,16,1,1,1
101,25,483,83,14,16,1,1,1
102,25,482,85,14,16,1,1,1
103,25,480,88,14,16,1,1,1
104,25,479,90,14,16,1,1,1
105,25,477,93,14,16,1,1,1
106,25,476,95,14,16,1,1,1
107,25,474,97,14,16,1,1,1
108,25,473,100,14,16,1,1,1
109,25,471,102,14,16,1,1,1
110,25,470,105,14,16,1,1,1
111,25,468,107,14,16,1,1,1
112,25,467,109,14,16,1,1,1
113,25,465,111,14,16,1,1,1
114,25,464,113,14,16,1,1,1
115,25,462,115,14,16,1,1,1
116,25,461,117,14,16,1,1,1
117,25,459,119,14,16,1,1,1
118,25,458,121,14,16,1,1,1
119,25,456,123,14,16,1,1,1
120,25,455,126,14,16,1,1,1
121,25,454,126,14,16,1,1,1
122,25,454,127,14,16,1,1,1
123,25,454,127,14,16,1,1,1
124,25,454,128,14,16,1,1,1
125,25,453,129,14,16,1,1,1
126,25,453,129,14,16,1,1,1
127,25,453,130,14,16,1,1,1
128,25,453,130,14,16,1,1,1
129,25,452,131,14,16,1,1,1
130,25,452,132,14,16,1,1,1
131,25,452,132,14,16,1,1,1
132,25,452,133,14,16,1,1,1
133,25,451,133,14,16,1,1,1
134,25,451,134,14,16,1,1,1
135,25,451,135,14,16,1,1,1
136,25,451,135,14,16,1,1,1
137,25,451,136,14,16,1,1,1
138,25,450,136,14,16,1,1,1
139,25,450,137,14,16,1,1,1
140,25,450,138,14,16,1,1,1
141,25,450,138,14,16,1,1,1
142,25,449,139,14,16,1,1,1
143,25,449,139,14,16,1,1,1
144,25,449,140,14,16,1,1,1
145,25,449,141,14,16,1,1,1
146,25,448,141,14,16,1,1,1
147,25,448,142,14,16,1,1,1
148,25,448,142,14,16,1,1,1
149,25,448,143,14,16,1,1,1
150,25,448,144,14,16,1,1,1
151,25,447,144,14,16,1,1,1
152,25,446,144,14,16,1,1,1
153,25,445,144,14,16,1,1,1
154,25,445,144,14,16,1,1,1
155,25,444,145,14,16,1,1,1
156,25,443,145,14,16,1,1,1
157,25,443,145,14,16,1,1,1
158,25,442,145,14,16,1,1,1
159,25,441,145,14,16,1,1,1
160,25,441,146,14,16,1,1,1
161,25,440,146,14,16,1,1,1
162,25,440,146,14,16,1,1,1
163,25,439,146,14,16,1,1,1
164,25,439,146,14,16,1,1,1
165,25,438,147,14,16,1,1,1
166,25,438,147,14,16,1,1,1
167,25,437,147,14,16,1,1,1
168,25,437,147,14,16,1,1,1
169,25,436,147,14,16,1,1,1
170,25,436,148,14,16,1,1,1
171,25,435,147,14,16,1,1,1
172,25,435,147,14,16,1,1,1
173,25,435,146,14,16,1,1,1
174,25,435,146,14,16,1,1,1
175,25,435,145,14,16,1,1,1
176,25,434,145,14,16,1,1,1
177,25,434,144,14,16,1,1,1
178,25,434,144,14,16,1,1,1
179,25,434,143,14,16,1,1,1
180,25,434,143,14,16,1,1,1
181,25,433,143,14,16,1,1,1
182,25,432,143,14,16,1,1,1
183,25,431,143,14,16,1,1,1
184,25,430,143,14,16,1,1,1
185,25,429,143,14,16,1,1,1
186,25,428,143,14,16,1,1,1
187,25,427,143,14,16,1,1,1
188,25,426,143,14,16,1,1,1
189,25,425,143,14,16,1,1,1
190,25,425,143,14,16,1,1,1
191,25,423,143,14,16,1,1,1
192,25,422,144,14,16,1,1,1
193,25,420,145,14,16,1,1,1
194,25,419,146,14,16,1,1,1
195,25,418,147,14,16,1,1,1
196,25,416,147,14,16,1,1,1
197,25,415,148,14,16,1,1,1
198,25,413,149,14,16,1,1,1
199,25,412,150,14,16,1,1,1
200,25,411,151,14,16,1,1,1
201,25,409,152,14,16,1,1,1
202,25,407,153,14,16,1,1,1
203,25,405,154,14,16,1,1,1
204,25,404,156,14,16,1,1,1
205,25,402,157,14,16,1,1,1
206,25,400,158,14,16,1,1,1
207,25,399,160,14,16,1,1,1
208,25,397,161,14,16,1,1,1
209,25,395,162,14,16,1,1,1
210,25,394,164,14,16,1,1,1
211,25,393,164,14,16,1,1,1
212,25,392,165,14,16,1,1,1
213,25,392,165,14,16,1,1,1
214,25,391,166,14,16,1,1,1
215,25,391,167,14,16,1,1,1
216,25,390,167,14,16,1,1,1
217,25,389,168,14,16,1,1,1
218,25,389,168,14,16,1,1,1
219,25,388,169,14,16,1,1,1
220,25,388,170,14,16,1,1,1
221,25,389,172,14,16,1,1,1
222,25,390,175,14,16,1,1,1
223,25,391,177,14,16,1,1,1
224,25,392,180,14,16,1,1,1
225,25,393,183,14,16,1,1,1
226,25,394,185,14,16,1,1,1
227,25,395,188,14,16,1,1,1
228,25,396,190,14,16,1,1,1
229,25,397,193,14,16,1,1,1
230,25,398,196,14,16,1,1,1
231,25,397,196,14,16,1,1,1
232,25,396,196,14,16,1,1,1
233,25,396,196,14,16,1,1,1
234,25,395,196,14,16,1,1,1
235,25,395,196,14,16,1,1,1
236,25,394,196,14,16,1,1,1
237,25,393,196,14,16,1,1,1
238,25,393,196,14,16,1,1,1
239,25,392,196,14,16,1,1,1
600,25,0,607,25,19,1,1,1
601,25,0,606,23,19,1,1,1
602,25,0,606,21,19,1,1,1
603,25,0,605,19,19,1,1,1
604,25,0,605,17,19,1,1,1
605,25,0,604,16,19,1,1,1
606,25,0,604,14,19,1,1,1
607,25,0,603,12,19,1,1,1
608,25,0,603,10,19,1,1,1
609,25,0,602,8,19,1,1,1
140,26,462,105,15,22,1,1,1
141,26,461,106,15,22,1,1,1
142,26,461,107,15,22,1,1,1
143,26,460,108,15,22,1,1,1
144,26,460,109,15,22,1,1,1
145,26,460,110,15,22,1,1,1
146,26,459,111,15,22,1,1,1
147,26,459,112,15,22,1,1,1
148,26,458,113,15,22,1,1,1
149,26,458,114,15,22,1,1,1
150,26,458,115,15,22,1,1,1
151,26,457,115,15,22,1,1,1
152,26,457,116,15,22,1,1,1
153,26,456,117,15,22,1,1,1
154,26,456,118,15,22,1,1,1
155,26,455,119,15,22,1,1,1
156,26,455,119,15,22,1,1,1
157,26,454,120,15,22,1,1,1
158,26,454,121,15,22,1,1,1
159,26,453,122,15,22,1,1,1
160,26,453,123,15,22,1,1,1
161,26,452,125,15,22,1,1,1
162,26,451,128,15,22,1,1,1
163,26,450,131,15,22,1,1,1
164,26,449,134,15,22,1,1,1
165,26,449,137,15,22,1,1,1
166,26,448,140,15,22,1,1,1
167,26,447,143,15,22,1,1,1
168,26,446,146,15,22,1,1,1
169,26,445,149,15,22,1,1,1
170,26,445,152,15,22,1,1,1
171,26,444,153,15,22,1,1,1
172,26,443,155,15,21,1,1,1
173,26,442,156,15,22,1,1,1
174,26,442,158,14,21,1,1,1
175,26,441,160,15,21,1,1,1
176,26,440,161,15,21,1,1,1
177,26,440,163,14,20,1,1,1
178,26,439,164,14,21,1,1,1
179,26,438,166,14,20,1,1,1
180,26,438,168,14,20,1,1,1
181,26,437,169,14,20,1,1,1
182,26,436,171,14,20,1,1,1
183,26,435,173,14,20,1,1,1
184,26,435,174,14,20,1,1,1
185,26,434,176,14,20,1,1,1
186,26,433,178,14,20,1,1,1
187,26,433,179,14,20,1,1,1
188,26,432,181,14,20,1,1,1
189,26,431,183,14,20,1,1,1
190,26,431,185,14,20,1,1,1
191,26,430,185,14,20,1,1,1
192,26,430,185,14,20,1,1,1
193,26,430,185,14,20,1,1,1
194,26,429,186,14,20,1,1,1
195,26,429,186,14,20,1,1,1
196,26,429,186,14,20,1,1,1
197,26,428,187,14,20,1,1,1
198,26,428,187,14,20,1,1,1
199,26,428,187,14,20,1,1,1
200,26,428,188,14,20,1,1,1
201,26,425,189,14,20,1,1,1
202,26,423,190,14,20,1,1,1
203,26,421,191,14,20,1,1,1
204,26,419,192,14,20,1,1,1
205,26,417,194,14,20,1,1,1
206,26,414,195,14,20,1,1,1
207,26,412,196,14,20,1,1,1
208,26,410,197,14,20,1,1,1
209,26,408,198,14,20,1,1,1
210,26,406,200,14,20,1,1,1
211,26,405,200,14,20,1,1,1
212,26,404,201,14,20,1,1,1
213,26,403,202,14,20,1,1,1
214,26,403,203,14,20,1,1,1
215,26,402,204,14,20,1,1,1
216,26,401,205,14,20,1,1,1
217,26,401,206,14,20,1,1,1
218,26,400,207,14,20,1,1,1
219,26,399,208,14,20,1,1,1
240,26,385,237,14,20,1,1,1
241,26,383,237,14,20,1,1,1
242,26,382,238,14,20,1,1,1
243,26,381,239,14,20,1,1,1
244,26,380,240,14,20,1,1,1
245,26,379,241,14,20,1,1,1
246,26,378,241,14,20,1,1,1
247,26,377,242,14,20,1,1,1
248,26,376,243,14,20,1,1,1
249,26,375,244,14,20,1,1,1
570,26,0,631,21,17,1,1,1
571,26,0,631,20,17,1,1,1
572,26,0,631,19,17,1,1,1
573,26,0,631,18,17,1,1,1
574,26,0,631,17,17,1,1,1
575,26,0,631,17,17,1,1,1
576,26,0,631,16,17,1,1,1
577,26,0,631,15,17,1,1,1
578,26,0,631,14,17,1,1,1
579,26,0,631,13,17,1,1,1
610,27,0,626,14,11,1,1,1
611,27,0,625,13,11,1,1,1
612,27,0,625,12,11,1,1,1
613,27,0,625,12,11,1,1,1
614,27,0,625,11,11,1,1,1
615,27,0,625,11,11,1,1,1
616,27,0,625,10,11,1,1,1
617,27,0,625,9,11,1,1,1
618,27,0,625,9,11,1,1,1
619,27,0,625,8,11,1,1,1
