10,1,0,802,82,48,1,1,1
11,1,0,803,74,47,1,1,1
12,1,0,804,67,47,1,1,1
13,1,0,805,60,46,1,1,1
14,1,0,807,53,45,1,1,1
15,1,0,808,46,44,1,1,1
16,1,0,809,38,44,1,1,1
17,1,0,811,31,42,1,1,1
18,1,0,812,24,42,1,1,1
19,1,0,813,17,41,1,1,1
210,4,0,662,209,64,1,1,1
211,4,0,659,198,64,1,1,1
212,4,0,657,188,64,1,1,1
213,4,0,654,178,64,1,1,1
214,4,0,652,168,64,1,1,1
215,4,0,649,158,64,1,1,1
216,4,0,647,147,64,1,1,1
217,4,0,644,137,64,1,1,1
218,4,0,642,127,64,1,1,1
219,4,0,639,117,64,1,1,1
100,7,1827,922,92,48,1,1,1
101,7,1835,921,83,48,1,1,1
102,7,1843,921,75,48,1,1,1
103,7,1851,921,67,48,1,1,1
104,7,1859,921,59,48,1,1,1
105,7,1868,921,50,48,1,1,1
106,7,1876,921,42,48,1,1,1
107,7,1884,921,34,48,1,1,1
108,7,1892,921,26,48,1,1,1
109,7,1900,921,18,48,1,1,1
70,9,1834,915,84,47,1,1,1
71,9,1837,915,81,47,1,1,1
72,9,1841,916,77,47,1,1,1
73,9,1845,917,73,47,1,1,1
74,9,1849,917,69,47,1,1,1
75,9,1853,918,65,47,1,1,1
76,9,1857,919,61,47,1,1,1
77,9,1861,919,57,47,1,1,1
78,9,1865,920,53,47,1,1,1
79,9,1869,921,49,47,1,1,1
269,10,0,634,22,49,1,1,1
80,13,1897,839,22,44,1,1,1
81,13,1893,839,26,45,1,1,1
82,13,1890,839,29,46,1,1,1
83,13,1887,840,32,46,1,1,1
84,13,1883,840,36,47,1,1,1
85,13,1880,841,39,47,1,1,1
86,13,1877,841,42,48,1,1,1
87,13,1873,841,46,49,1,1,1
88,13,1870,842,49,49,1,1,1
89,13,1867,842,52,50,1,1,1
90,13,1864,843,55,50,1,1,1
91,13,1862,843,57,50,1,1,1
92,13,1860,843,59,50,1,1,1
93,13,1858,843,61,50,1,1,1
94,13,1856,844,63,50,1,1,1
95,13,1854,844,65,50,1,1,1
96,13,1852,844,67,50,1,1,1
97,13,1850,845,69,50,1,1,1
98,13,1848,845,71,50,1,1,1
99,13,1846,845,73,50,1,1,1
100,13,1845,846,74,50,1,1,1
101,13,1844,846,74,50,1,1,1
102,13,1844,846,74,50,1,1,1
103,13,1844,846,74,50,1,1,1
104,13,1844,846,74,50,1,1,1
105,13,1844,846,74,50,1,1,1
106,13,1843,846,75,50,1,1,1
107,13,1843,846,75,50,1,1,1
108,13,1843,846,75,50,1,1,1
109,13,1843,846,75,50,1,1,1
110,13,1843,846,75,50,1,1,1
111,13,1844,845,74,50,1,1,1
112,13,1845,845,73,50,1,1,1
113,13,1846,845,72,50,1,1,1
114,13,1847,845,71,50,1,1,1
115,13,1848,845,70,50,1,1,1
116,13,1849,844,69,51,1,1,1
117,13,1850,844,68,51,1,1,1
118,13,1851,844,67,51,1,1,1
119,13,1852,844,66,51,1,1,1
120,13,1854,844,64,51,1,1,1
121,13,1854,844,64,51,1,1,1
122,13,1855,844,63,51,1,1,1
123,13,1855,844,63,51,1,1,1
124,13,1856,844,62,51,1,1,1
125,13,1856,844,62,51,1,1,1
126,13,1857,844,61,51,1,1,1
127,13,1857,844,61,51,1,1,1
128,13,1858,844,60,51,1,1,1
129,13,1858,844,60,51,1,1,1
130,13,1859,844,59,51,1,1,1
131,13,1857,844,61,51,1,1,1
132,13,1855,844,63,51,1,1,1
133,13,1853,845,65,51,1,1,1
134,13,1852,845,66,51,1,1,1
135,13,1850,846,68,51,1,1,1
136,13,1848,846,70,51,1,1,1
137,13,1847,846,71,51,1,1,1
138,13,1845,847,73,51,1,1,1
139,13,1843,847,75,51,1,1,1
140,13,1842,848,76,51,1,1,1
141,13,1838,847,80,51,1,1,1
142,13,1834,847,84,51,1,1,1
143,13,1830,847,88,50,1,1,1
144,13,1827,846,91,51,1,1,1
145,13,1823,846,95,51,1,1,1
146,13,1819,846,99,50,1,1,1
147,13,1816,845,102,51,1,1,1
148,13,1812,845,106,50,1,1,1
149,13,1808,845,110,50,1,1,1
150,13,1805,845,114,50,1,1,1
151,13,1799,846,115,50,1,1,1
152,13,1793,847,116,50,1,1,1
153,13,1787,848,117,50,1,1,1
154,13,1781,850,118,50,1,1,1
155,13,1776,851,118,50,1,1,1
156,13,1770,852,119,50,1,1,1
157,13,1764,854,120,50,1,1,1
158,13,1758,855,121,50,1,1,1
159,13,1752,856,122,50,1,1,1
190,14,1891,833,28,44,1,1,1
191,14,1880,830,37,44,1,1,1
192,14,1869,828,47,44,1,1,1
193,14,1858,825,57,45,1,1,1
194,14,1847,823,67,45,1,1,1
195,14,1836,820,77,46,1,1,1
196,14,1825,818,87,46,1,1,1
197,14,1814,815,97,47,1,1,1
198,14,1803,813,107,47,1,1,1
199,14,1792,810,117,48,1,1,1
210,15,1803,716,116,48,1,1,1
211,15,1791,713,117,48,1,1,1
212,15,1779,710,118,48,1,1,1
213,15,1767,707,119,48,1,1,1
214,15,1755,705,121,47,1,1,1
215,15,1744,702,121,48,1,1,1
216,15,1732,699,122,48,1,1,1
217,15,1720,697,124,47,1,1,1
218,15,1708,694,125,47,1,1,1
219,15,1696,691,126,47,1,1,1
0,17,357,1029,135,49,1,1,1
1,17,371,1029,135,49,1,1,1
2,17,385,1030,135,48,1,1,1
3,17,399,1030,135,48,1,1,1
4,17,414,1031,134,47,1,1,1
5,17,428,1032,135,46,1,1,1
6,17,442,1032,135,46,1,1,1
7,17,457,1033,134,45,1,1,1
8,17,471,1033,134,45,1,1,1
9,17,485,1034,134,44,1,1,1
10,17,500,1035,134,44,1,1,1
11,17,517,1035,134,44,1,1,1
12,17,535,1036,133,43,1,1,1
13,17,552,1036,133,43,1,1,1
14,17,570,1037,132,42,1,1,1
15,17,587,1038,132,41,1,1,1
16,17,605,1038,131,41,1,1,1
17,17,622,1039,131,40,1,1,1
18,17,640,1039,130,40,1,1,1
19,17,657,1040,130,39,1,1,1
20,17,675,1041,129,38,1,1,1
21,17,694,1041,128,37,1,1,1
22,17,713,1042,128,36,1,1,1
23,17,732,1043,128,35,1,1,1
24,17,751,1043,128,35,1,1,1
25,17,770,1044,128,34,1,1,1
26,17,789,1045,127,33,1,1,1
27,17,808,1045,127,33,1,1,1
28,17,827,1046,127,32,1,1,1
29,17,846,1047,127,31,1,1,1
30,17,865,1048,127,30,1,1,1
31,17,884,1048,127,30,1,1,1
32,17,904,1049,126,29,1,1,1
33,17,923,1050,127,28,1,1,1
34,17,943,1051,126,27,1,1,1
35,17,962,1052,127,26,1,1,1
36,17,982,1053,126,25,1,1,1
37,17,1001,1054,126,24,1,1,1
38,17,1021,1055,126,23,1,1,1
39,17,1040,1056,126,22,1,1,1
40,17,1060,1057,126,22,1,1,1
41,17,1078,1057,126,21,1,1,1
42,17,1097,1058,126,20,1,1,1
43,17,1115,1059,127,19,1,1,1
44,17,1134,1059,126,19,1,1,1
45,17,1153,1060,126,18,1,1,1
46,17,1171,1061,127,17,1,1,1
47,17,1190,1061,126,17,1,1,1
48,17,1208,1062,127,16,1,1,1
49,17,1227,1063,127,15,1,1,1
50,17,1246,1064,127,14,1,1,1
51,17,1264,1064,127,14,1,1,1
52,17,1282,1065,127,13,1,1,1
53,17,1300,1065,127,13,1,1,1
54,17,1318,1066,127,12,1,1,1
55,17,1336,1067,127,11,1,1,1
56,17,1354,1067,127,11,1,1,1
57,17,1372,1068,127,10,1,1,1
58,17,1390,1068,127,10,1,1,1
59,17,1408,1069,127,9,1,1,1
0,18,0,1025,7,35,1,1,1
1,18,2,1025,18,36,1,1,1
2,18,5,1025,28,38,1,1,1
3,18,8,1026,38,38,1,1,1
4,18,11,1026,48,40,1,1,1
5,18,14,1027,58,41,1,1,1
6,18,16,1027,69,42,1,1,1
7,18,19,1027,79,44,1,1,1
8,18,22,1028,89,44,1,1,1
9,18,25,1028,99,46,1,1,1
30,18,383,1039,103,40,1,1,1
31,18,402,1039,103,39,1,1,1
32,18,422,1040,102,38,1,1,1
33,18,441,1040,102,38,1,1,1
34,18,461,1041,102,37,1,1,1
35,18,480,1041,102,37,1,1,1
36,18,500,1042,101,36,1,1,1
37,18,519,1042,102,36,1,1,1
38,18,539,1043,101,35,1,1,1
39,18,558,1043,101,35,1,1,1
40,18,578,1044,101,34,1,1,1
41,18,596,1044,101,34,1,1,1
42,18,614,1045,101,33,1,1,1
43,18,632,1046,101,32,1,1,1
44,18,650,1047,101,31,1,1,1
45,18,669,1048,101,30,1,1,1
46,18,687,1048,101,30,1,1,1
47,18,705,1049,101,29,1,1,1
48,18,723,1050,101,28,1,1,1
49,18,741,1051,101,27,1,1,1
50,18,760,1052,101,26,1,1,1
51,18,777,1052,101,26,1,1,1
52,18,794,1053,101,25,1,1,1
53,18,811,1054,101,24,1,1,1
54,18,828,1055,101,23,1,1,1
55,18,845,1056,101,22,1,1,1
56,18,862,1057,101,21,1,1,1
57,18,879,1058,101,20,1,1,1
58,18,896,1059,101,19,1,1,1
59,18,913,1060,101,18,1,1,1
60,18,930,1061,101,18,1,1,1
61,18,946,1061,101,18,1,1,1
62,18,962,1062,101,17,1,1,1
63,18,978,1062,101,17,1,1,1
64,18,994,1063,101,16,1,1,1
65,18,1011,1064,101,15,1,1,1
66,18,1027,1064,101,15,1,1,1
67,18,1043,1065,101,14,1,1,1
68,18,1059,1065,101,14,1,1,1
69,18,1075,1066,101,13,1,1,1
70,18,1092,1067,101,12,1,1,1
71,18,1108,1067,102,11,1,1,1
72,18,1125,1067,102,11,1,1,1
73,18,1142,1068,102,10,1,1,1
74,18,1158,1068,103,10,1,1,1
75,18,1175,1069,103,9,1,1,1
76,18,1192,1069,103,9,1,1,1
77,18,1208,1069,104,9,1,1,1
78,18,1225,1070,104,8,1,1,1
79,18,1242,1070,104,8,1,1,1
10,19,0,964,24,51,1,1,1
11,19,0,965,29,50,1,1,1
12,19,0,966,34,50,1,1,1
13,19,0,967,40,50,1,1,1
14,19,0,968,45,50,1,1,1
15,19,0,969,51,50,1,1,1
16,19,0,970,56,49,1,1,1
17,19,0,971,61,49,1,1,1
18,19,0,972,67,49,1,1,1
19,19,0,973,72,49,1,1,1
20,19,0,975,78,48,1,1,1
21,19,1,975,84,48,1,1,1
22,19,3,976,89,48,1,1,1
23,19,5,977,94,48,1,1,1
24,19,7,977,99,49,1,1,1
25,19,9,978,104,49,1,1,1
26,19,11,979,109,48,1,1,1
27,19,13,979,114,49,1,1,1
28,19,15,980,119,49,1,1,1
29,19,17,981,124,49,1,1,1
90,19,342,1026,127,53,1,1,1
91,19,349,1026,126,52,1,1,1
92,19,356,1026,126,52,1,1,1
93,19,363,1027,126,51,1,1,1
94,19,370,1027,126,51,1,1,1
95,19,377,1028,126,50,1,1,1
96,19,384,1028,126,50,1,1,1
97,19,391,1028,126,50,1,1,1
98,19,398,1029,126,49,1,1,1
99,19,405,1029,126,49,1,1,1
100,19,412,1030,126,48,1,1,1
101,19,420,1030,126,48,1,1,1
102,19,428,1030,126,48,1,1,1
103,19,436,1030,126,48,1,1,1
104,19,445,1030,125,48,1,1,1
105,19,453,1030,126,48,1,1,1
106,19,461,1030,126,48,1,1,1
107,19,470,1030,125,48,1,1,1
108,19,478,1030,125,48,1,1,1
109,19,486,1030,125,48,1,1,1
110,19,495,1031,125,47,1,1,1
111,19,504,1031,125,47,1,1,1
112,19,514,1031,125,47,1,1,1
113,19,523,1031,125,47,1,1,1
114,19,533,1031,125,47,1,1,1
115,19,542,1032,125,46,1,1,1
116,19,552,1032,125,46,1,1,1
117,19,561,1032,125,46,1,1,1
118,19,571,1032,125,46,1,1,1
119,19,580,1032,125,46,1,1,1
120,19,590,1033,125,46,1,1,1
121,19,599,1033,125,46,1,1,1
122,19,608,1033,125,46,1,1,1
123,19,617,1033,125,46,1,1,1
124,19,627,1033,125,46,1,1,1
125,19,636,1033,125,46,1,1,1
126,19,645,1033,125,46,1,1,1
127,19,655,1033,125,46,1,1,1
128,19,664,1033,125,46,1,1,1
129,19,673,1033,125,46,1,1,1
130,19,683,1034,125,45,1,1,1
131,19,690,1034,125,45,1,1,1
132,19,698,1034,124,45,1,1,1
133,19,705,1034,125,45,1,1,1
134,19,713,1034,124,45,1,1,1
135,19,721,1034,124,45,1,1,1
136,19,728,1034,124,45,1,1,1
137,19,736,1034,123,45,1,1,1
138,19,743,1034,124,45,1,1,1
139,19,751,1034,123,45,1,1,1
140,19,759,1034,123,45,1,1,1
141,19,764,1033,123,46,1,1,1
142,19,770,1033,123,46,1,1,1
143,19,776,1032,122,47,1,1,1
144,19,781,1032,123,47,1,1,1
145,19,787,1031,123,48,1,1,1
146,19,793,1031,122,48,1,1,1
147,19,798,1030,123,49,1,1,1
148,19,804,1030,122,49,1,1,1
149,19,810,1029,122,50,1,1,1
150,19,816,1029,122,50,1,1,1
151,19,819,1028,122,50,1,1,1
152,19,823,1028,122,50,1,1,1
153,19,827,1027,122,50,1,1,1
154,19,830,1027,122,50,1,1,1
155,19,834,1027,122,50,1,1,1
156,19,838,1026,122,50,1,1,1
157,19,841,1026,122,50,1,1,1
158,19,845,1025,122,50,1,1,1
159,19,849,1025,122,50,1,1,1
40,20,0,988,65,46,1,1,1
41,20,0,988,71,46,1,1,1
42,20,1,989,76,46,1,1,1
43,20,1,990,83,46,1,1,1
44,20,2,990,88,47,1,1,1
45,20,3,991,94,47,1,1,1
46,20,3,992,100,46,1,1,1
47,20,4,992,105,47,1,1,1
48,20,4,993,112,47,1,1,1
49,20,5,994,117,47,1,1,1
70,21,0,1020,25,43,1,1,1
71,21,0,1020,28,44,1,1,1
72,21,0,1021,32,44,1,1,1
73,21,0,1022,36,44,1,1,1
74,21,0,1022,40,45,1,1,1
75,21,0,1023,44,45,1,1,1
76,21,0,1024,48,45,1,1,1
92,21,12,1035,117,43,1,1,1
93,21,18,1035,118,43,1,1,1
94,21,25,1036,118,42,1,1,1
95,21,31,1036,119,42,1,1,1
96,21,37,1036,119,42,1,1,1
97,21,44,1037,119,41,1,1,1
98,21,50,1037,120,41,1,1,1
99,21,56,1037,121,41,1,1,1
100,21,63,1038,121,40,1,1,1
101,21,71,1038,121,40,1,1,1
102,21,80,1038,121,40,1,1,1
103,21,88,1038,121,40,1,1,1
104,21,97,1038,121,40,1,1,1
105,21,105,1039,121,39,1,1,1
106,21,114,1039,121,39,1,1,1
107,21,122,1039,121,39,1,1,1
108,21,131,1039,121,39,1,1,1
109,21,139,1039,121,39,1,1,1
110,21,148,1040,121,38,1,1,1
111,21,157,1040,121,38,1,1,1
112,21,167,1040,121,38,1,1,1
113,21,177,1040,121,38,1,1,1
114,21,187,1040,120,38,1,1,1
115,21,197,1040,120,38,1,1,1
116,21,206,1040,121,38,1,1,1
117,21,216,1040,120,38,1,1,1
118,21,226,1040,120,38,1,1,1
119,21,236,1040,120,38,1,1,1
120,21,246,1041,120,38,1,1,1
121,21,255,1041,120,38,1,1,1
122,21,264,1041,120,38,1,1,1
123,21,274,1041,119,38,1,1,1
124,21,283,1042,119,37,1,1,1
125,21,293,1042,118,37,1,1,1
126,21,302,1042,118,37,1,1,1
127,21,311,1043,118,36,1,1,1
128,21,321,1043,117,36,1,1,1
129,21,330,1043,117,36,1,1,1
130,21,340,1044,117,35,1,1,1
131,21,347,1044,117,35,1,1,1
132,21,355,1044,117,35,1,1,1
133,21,362,1044,117,35,1,1,1
134,21,370,1044,117,35,1,1,1
135,21,378,1044,116,35,1,1,1
136,21,385,1044,117,35,1,1,1
137,21,393,1044,116,35,1,1,1
138,21,400,1044,117,35,1,1,1
139,21,408,1044,116,35,1,1,1
140,21,416,1044,116,35,1,1,1
141,21,421,1043,116,36,1,1,1
142,21,427,1043,116,36,1,1,1
143,21,433,1042,116,37,1,1,1
144,21,439,1042,116,37,1,1,1
145,21,445,1042,116,37,1,1,1
146,21,451,1041,115,38,1,1,1
147,21,457,1041,115,38,1,1,1
148,21,463,1040,115,39,1,1,1
149,21,469,1040,115,39,1,1,1
150,21,475,1040,115,39,1,1,1
151,21,478,1038,115,40,1,1,1
152,21,482,1037,115,41,1,1,1
153,21,486,1036,114,42,1,1,1
154,21,490,1035,114,42,1,1,1
155,21,494,1034,114,43,1,1,1
156,21,497,1033,114,44,1,1,1
157,21,501,1032,114,44,1,1,1
158,21,505,1031,113,45,1,1,1
159,21,509,1030,113,46,1,1,1
132,22,11,1035,273,44,1,1,1
133,22,17,1035,275,44,1,1,1
134,22,22,1035,277,44,1,1,1
135,22,28,1035,279,44,1,1,1
136,22,34,1035,281,44,1,1,1
137,22,39,1035,283,44,1,1,1
138,22,45,1035,285,44,1,1,1
139,22,51,1035,287,44,1,1,1
140,22,57,1035,289,45,1,1,1
141,22,63,1034,288,45,1,1,1
142,22,69,1034,288,45,1,1,1
143,22,75,1033,288,46,1,1,1
144,22,81,1033,287,46,1,1,1
145,22,87,1032,287,47,1,1,1
146,22,93,1032,287,47,1,1,1
147,22,99,1031,286,48,1,1,1
148,22,105,1031,286,48,1,1,1
149,22,111,1030,286,49,1,1,1
150,22,117,1030,286,49,1,1,1
151,22,120,1028,286,50,1,1,1
152,22,124,1027,286,51,1,1,1
153,22,128,1026,286,52,1,1,1
154,22,132,1024,286,54,1,1,1
155,22,136,1023,286,55,1,1,1
156,22,139,1022,287,56,1,1,1
157,22,143,1020,287,58,1,1,1
158,22,147,1019,287,59,1,1,1
159,22,151,1018,287,60,1,1,1
160,22,155,1017,287,61,1,1,1
161,22,157,1016,287,62,1,1,1
162,22,160,1015,286,63,1,1,1
163,22,162,1015,287,63,1,1,1
164,22,165,1014,286,64,1,1,1
165,22,167,1014,287,64,1,1,1
166,22,170,1013,286,65,1,1,1
167,22,172,1012,286,66,1,1,1
168,22,175,1012,286,66,1,1,1
169,22,177,1011,286,67,1,1,1
170,22,180,1011,286,68,1,1,1
171,22,181,1010,286,69,1,1,1
172,22,183,1009,285,70,1,1,1
173,22,185,1008,285,71,1,1,1
174,22,187,1007,284,72,1,1,1
175,22,189,1006,284,73,1,1,1
176,22,190,1005,284,74,1,1,1
177,22,192,1004,283,75,1,1,1
178,22,194,1003,283,76,1,1,1
179,22,196,1002,282,77,1,1,1
180,22,198,1001,282,78,1,1,1
181,22,198,1000,282,77,1,1,1
182,22,199,999,282,77,1,1,1
183,22,200,998,282,77,1,1,1
184,22,201,997,281,77,1,1,1
185,22,202,996,281,77,1,1,1
186,22,202,995,282,76,1,1,1
187,22,203,994,281,76,1,1,1
188,22,204,993,281,76,1,1,1
189,22,205,992,281,76,1,1,1
30,23,17,1057,140,22,1,1,1
31,23,36,1057,139,21,1,1,1
32,23,55,1058,139,20,1,1,1
33,23,74,1058,139,20,1,1,1
34,23,93,1059,139,19,1,1,1
35,23,112,1060,139,18,1,1,1
36,23,131,1060,139,18,1,1,1
37,23,150,1061,139,17,1,1,1
38,23,169,1061,139,17,1,1,1
39,23,188,1062,139,16,1,1,1
40,23,207,1063,139,15,1,1,1
41,23,224,1063,139,15,1,1,1
42,23,242,1064,138,14,1,1,1
43,23,260,1064,137,14,1,1,1
44,23,278,1065,136,13,1,1,1
45,23,296,1066,135,12,1,1,1
46,23,314,1066,134,12,1,1,1
47,23,332,1067,133,11,1,1,1
48,23,350,1067,132,11,1,1,1
49,23,368,1068,131,10,1,1,1
190,24,1284,1057,108,22,1,1,1
191,24,1302,1054,108,24,1,1,1
192,24,1320,1051,109,26,1,1,1
193,24,1339,1048,109,29,1,1,1
194,24,1357,1045,110,31,1,1,1
195,24,1376,1042,110,34,1,1,1
196,24,1394,1039,110,36,1,1,1
197,24,1412,1036,111,38,1,1,1
198,24,1431,1033,111,41,1,1,1
199,24,1449,1030,112,43,1,1,1
200,25,509,1055,114,24,1,1,1
201,25,523,1052,114,26,1,1,1
202,25,538,1049,114,29,1,1,1
203,25,553,1046,113,32,1,1,1
204,25,567,1043,114,34,1,1,1
205,25,582,1041,114,36,1,1,1
206,25,597,1038,113,39,1,1,1
207,25,611,1035,114,41,1,1,1
208,25,626,1032,113,44,1,1,1
209,25,641,1029,113,47,1,1,1
201,26,11,1061,87,17,1,1,1
202,26,22,1058,90,20,1,1,1
203,26,34,1056,92,22,1,1,1
204,26,45,1053,96,25,1,1,1
205,26,57,1051,98,27,1,1,1
206,26,68,1048,101,30,1,1,1
207,26,79,1045,105,33,1,1,1
208,26,91,1043,107,35,1,1,1
209,26,102,1040,110,38,1,1,1
210,26,114,1038,113,40,1,1,1
211,26,128,1035,113,40,1,1,1
212,26,143,1032,112,40,1,1,1
213,26,157,1029,112,41,1,1,1
214,26,172,1026,111,41,1,1,1
215,26,186,1023,112,42,1,1,1
216,26,201,1020,111,42,1,1,1
217,26,215,1017,111,42,1,1,1
218,26,230,1014,110,43,1,1,1
219,26,244,1011,110,43,1,1,1
170,27,12,1030,129,49,1,1,1
171,27,13,1029,129,49,1,1,1
172,27,15,1028,129,49,1,1,1
173,27,16,1027,129,49,1,1,1
174,27,18,1026,129,50,1,1,1
175,27,19,1025,129,50,1,1,1
176,27,21,1024,129,50,1,1,1
177,27,22,1023,129,51,1,1,1
178,27,24,1022,129,51,1,1,1
179,27,25,1021,129,51,1,1,1
210,28,0,958,10,44,1,1,1
211,28,0,955,10,43,1,1,1
212,28,0,952,10,43,1,1,1
213,28,0,949,10,43,1,1,1
214,28,0,946,10,42,1,1,1
215,28,0,944,10,41,1,1,1
216,28,0,941,10,41,1,1,1
217,28,0,938,10,40,1,1,1
218,28,0,935,10,40,1,1,1
219,28,0,932,10,40,1,1,1
220,28,0,930,10,39,1,1,1
221,28,0,927,9,39,1,1,1
222,28,0,925,9,39,1,1,1
223,28,0,923,9,39,1,1,1
224,28,0,920,9,39,1,1,1
225,28,0,918,9,39,1,1,1
226,28,0,916,9,39,1,1,1
227,28,0,913,9,39,1,1,1
228,28,0,911,9,39,1,1,1
229,28,0,909,9,39,1,1,1
230,28,0,907,9,39,1,1,1
231,28,0,904,9,40,1,1,1
232,28,0,902,10,40,1,1,1
233,28,0,900,11,41,1,1,1
234,28,0,898,11,41,1,1,1
235,28,0,896,12,42,1,1,1
236,28,0,894,13,42,1,1,1
237,28,0,892,13,42,1,1,1
238,28,0,890,14,43,1,1,1
239,28,0,888,15,43,1,1,1
240,28,0,886,16,44,1,1,1
241,28,0,884,18,44,1,1,1
242,28,0,882,20,44,1,1,1
243,28,0,880,22,44,1,1,1
244,28,0,878,24,44,1,1,1
245,28,0,877,26,43,1,1,1
246,28,0,875,28,43,1,1,1
247,28,0,873,30,43,1,1,1
248,28,0,871,32,43,1,1,1
249,28,0,869,34,43,1,1,1
250,28,0,868,37,43,1,1,1
251,28,0,866,40,44,1,1,1
252,28,0,865,44,44,1,1,1
253,28,0,864,48,44,1,1,1
254,28,0,863,51,44,1,1,1
255,28,0,862,55,44,1,1,1
256,28,0,861,59,44,1,1,1
257,28,0,860,62,44,1,1,1
258,28,0,859,66,44,1,1,1
259,28,0,858,70,44,1,1,1
260,28,0,857,74,45,1,1,1
261,28,0,856,79,45,1,1,1
262,28,0,855,84,45,1,1,1
263,28,0,854,89,46,1,1,1
264,28,0,853,94,46,1,1,1
265,28,0,853,99,45,1,1,1
266,28,0,852,104,46,1,1,1
267,28,0,851,109,46,1,1,1
268,28,0,850,114,46,1,1,1
220,29,1468,1067,107,11,1,1,1
221,29,1482,1064,107,14,1,1,1
222,29,1496,1061,108,17,1,1,1
223,29,1510,1058,108,20,1,1,1
224,29,1524,1055,109,23,1,1,1
225,29,1538,1052,110,27,1,1,1
226,29,1552,1049,110,30,1,1,1
227,29,1566,1046,111,33,1,1,1
228,29,1580,1043,111,36,1,1,1
229,29,1594,1040,112,39,1,1,1
230,29,1608,1038,113,42,1,1,1
231,29,1623,1034,113,43,1,1,1
232,29,1638,1031,113,44,1,1,1
233,29,1653,1028,113,44,1,1,1
234,29,1668,1025,113,45,1,1,1
235,29,1684,1022,112,45,1,1,1
236,29,1699,1018,112,47,1,1,1
237,29,1714,1015,112,47,1,1,1
238,29,1729,1012,112,48,1,1,1
239,29,1744,1009,112,48,1,1,1
230,30,1027,1050,101,28,1,1,1
231,30,1042,1047,101,30,1,1,1
232,30,1057,1045,101,31,1,1,1
233,30,1072,1042,101,33,1,1,1
234,30,1087,1040,101,34,1,1,1
235,30,1102,1037,102,36,1,1,1
236,30,1117,1035,102,37,1,1,1
237,30,1132,1032,102,39,1,1,1
238,30,1147,1030,102,40,1,1,1
239,30,1162,1027,102,42,1,1,1
230,31,200,1047,282,32,1,1,1
231,31,214,1044,282,35,1,1,1
232,31,229,1042,281,37,1,1,1
233,31,244,1039,281,40,1,1,1
234,31,259,1037,280,42,1,1,1
235,31,274,1035,280,44,1,1,1
236,31,289,1032,279,47,1,1,1
237,31,304,1030,278,49,1,1,1
238,31,319,1027,278,52,1,1,1
239,31,334,1025,277,54,1,1,1
240,31,349,1023,277,57,1,1,1
241,31,365,1021,276,58,1,1,1
242,31,381,1019,276,60,1,1,1
243,31,397,1018,276,61,1,1,1
244,31,413,1016,275,63,1,1,1
245,31,429,1015,275,64,1,1,1
246,31,445,1013,275,66,1,1,1
247,31,461,1011,274,68,1,1,1
248,31,477,1010,274,69,1,1,1
249,31,493,1008,274,71,1,1,1
70,33,1867,381,51,98,1,1,1
71,33,1870,381,48,98,1,1,1
72,33,1873,381,45,98,1,1,1
73,33,1876,382,42,98,1,1,1
74,33,1880,382,38,98,1,1,1
75,33,1883,383,35,98,1,1,1
76,33,1886,383,32,98,1,1,1
77,33,1890,383,28,98,1,1,1
78,33,1893,384,25,98,1,1,1
79,33,1896,384,22,98,1,1,1
60,37,1846,36,72,51,1,1,1
61,37,1849,36,69,51,1,1,1
62,37,1853,37,65,51,1,1,1
63,37,1856,37,62,51,1,1,1
64,37,1860,38,58,51,1,1,1
65,37,1864,39,54,51,1,1,1
66,37,1867,39,51,51,1,1,1
67,37,1871,40,47,51,1,1,1
68,37,1874,40,44,51,1,1,1
69,37,1878,41,40,51,1,1,1
0,40,1381,109,90,39,1,1,1
1,40,1383,109,90,39,1,1,1
2,40,1386,109,90,39,1,1,1
3,40,1389,110,90,39,1,1,1
4,40,1392,110,90,39,1,1,1
5,40,1395,111,90,39,1,1,1
6,40,1398,111,90,39,1,1,1
7,40,1401,111,90,39,1,1,1
8,40,1404,112,90,39,1,1,1
9,40,1407,112,90,39,1,1,1
10,40,1410,113,90,39,1,1,1
11,40,1415,113,90,39,1,1,1
12,40,1420,114,90,39,1,1,1
13,40,1425,114,90,39,1,1,1
14,40,1430,115,90,39,1,1,1
15,40,1435,116,90,39,1,1,1
16,40,1440,116,90,39,1,1,1
17,40,1445,117,90,39,1,1,1
18,40,1450,117,90,39,1,1,1
19,40,1455,118,90,39,1,1,1
20,40,1460,119,91,39,1,1,1
21,40,1466,119,91,39,1,1,1
22,40,1473,120,91,39,1,1,1
23,40,1480,121,91,39,1,1,1
24,40,1486,122,91,39,1,1,1
25,40,1493,123,91,39,1,1,1
26,40,1500,124,91,39,1,1,1
27,40,1506,125,91,39,1,1,1
28,40,1513,126,91,39,1,1,1
29,40,1520,127,91,39,1,1,1
30,40,1527,128,91,39,1,1,1
31,40,1533,128,91,39,1,1,1
32,40,1540,129,91,39,1,1,1
33,40,1547,129,91,39,1,1,1
34,40,1554,130,91,39,1,1,1
35,40,1561,130,91,39,1,1,1
36,40,1567,131,91,39,1,1,1
37,40,1574,131,91,39,1,1,1
38,40,1581,132,91,39,1,1,1
39,40,1588,132,91,39,1,1,1
40,40,1595,133,91,39,1,1,1
41,40,1600,133,91,39,1,1,1
42,40,1606,133,91,39,1,1,1
43,40,1611,134,92,39,1,1,1
44,40,1617,134,92,39,1,1,1
45,40,1622,135,93,39,1,1,1
46,40,1628,135,93,39,1,1,1
47,40,1633,135,94,39,1,1,1
48,40,1639,136,94,39,1,1,1
49,40,1644,136,95,39,1,1,1
50,40,1650,137,95,39,1,1,1
51,40,1654,137,95,39,1,1,1
52,40,1658,137,95,39,1,1,1
53,40,1662,138,95,39,1,1,1
54,40,1667,138,95,39,1,1,1
55,40,1671,139,95,39,1,1,1
56,40,1675,139,95,39,1,1,1
57,40,1680,139,95,39,1,1,1
58,40,1684,140,95,39,1,1,1
59,40,1688,140,95,39,1,1,1
60,40,1693,141,95,39,1,1,1
61,40,1697,141,95,39,1,1,1
62,40,1701,142,95,39,1,1,1
63,40,1705,142,95,39,1,1,1
64,40,1709,143,95,39,1,1,1
65,40,1713,144,95,39,1,1,1
66,40,1717,144,95,39,1,1,1
67,40,1721,145,95,39,1,1,1
68,40,1725,145,95,39,1,1,1
69,40,1729,146,95,39,1,1,1
70,40,1733,147,95,39,1,1,1
71,40,1737,147,95,39,1,1,1
72,40,1741,148,95,39,1,1,1
73,40,1745,148,95,39,1,1,1
74,40,1749,149,95,39,1,1,1
75,40,1753,149,95,39,1,1,1
76,40,1757,150,95,39,1,1,1
77,40,1761,150,95,39,1,1,1
78,40,1765,151,95,39,1,1,1
79,40,1769,151,95,39,1,1,1
80,40,1773,152,95,39,1,1,1
81,40,1777,152,95,39,1,1,1
82,40,1782,152,95,39,1,1,1
83,40,1786,152,95,39,1,1,1
84,40,1791,152,95,39,1,1,1
85,40,1796,152,95,39,1,1,1
86,40,1800,152,95,39,1,1,1
87,40,1805,152,95,39,1,1,1
88,40,1809,152,95,39,1,1,1
89,40,1814,152,95,39,1,1,1
90,40,1819,153,95,39,1,1,1
91,40,1825,153,89,39,1,1,1
92,40,1831,154,83,39,1,1,1
93,40,1837,154,78,39,1,1,1
94,40,1843,155,72,39,1,1,1
95,40,1849,155,67,39,1,1,1
96,40,1855,156,61,39,1,1,1
97,40,1861,156,55,39,1,1,1
98,40,1867,157,50,39,1,1,1
99,40,1873,157,44,39,1,1,1
0,41,1400,273,97,43,1,1,1
1,41,1403,273,96,43,1,1,1
2,41,1406,273,96,43,1,1,1
3,41,1409,274,96,43,1,1,1
4,41,1412,274,96,43,1,1,1
5,41,1415,275,96,43,1,1,1
6,41,1418,275,96,43,1,1,1
7,41,1421,275,96,43,1,1,1
8,41,1424,276,96,43,1,1,1
9,41,1427,276,96,43,1,1,1
10,41,1430,277,96,43,1,1,1
11,41,1435,277,96,43,1,1,1
12,41,1440,278,96,43,1,1,1
13,41,1445,278,96,43,1,1,1
14,41,1450,279,96,43,1,1,1
15,41,1456,279,96,43,1,1,1
16,41,1461,280,96,43,1,1,1
17,41,1466,280,96,43,1,1,1
18,41,1471,281,96,43,1,1,1
19,41,1476,281,96,43,1,1,1
20,41,1482,282,96,43,1,1,1
21,41,1488,282,96,43,1,1,1
22,41,1495,283,96,43,1,1,1
23,41,1502,284,96,43,1,1,1
24,41,1508,285,96,43,1,1,1
25,41,1515,286,96,43,1,1,1
26,41,1522,286,96,43,1,1,1
27,41,1528,287,96,43,1,1,1
28,41,1535,288,96,43,1,1,1
29,41,1542,289,96,43,1,1,1
30,41,1549,290,96,43,1,1,1
31,41,1556,290,96,43,1,1,1
32,41,1563,290,96,43,1,1,1
33,41,1570,291,96,43,1,1,1
34,41,1577,291,96,43,1,1,1
35,41,1585,292,96,43,1,1,1
36,41,1592,292,96,43,1,1,1
37,41,1599,292,96,43,1,1,1
38,41,1606,293,96,43,1,1,1
39,41,1613,293,96,43,1,1,1
40,41,1621,294,96,43,1,1,1
41,41,1626,294,96,43,1,1,1
42,41,1632,295,96,43,1,1,1
43,41,1638,295,96,43,1,1,1
44,41,1644,296,95,43,1,1,1
45,41,1650,297,95,43,1,1,1
46,41,1655,297,96,43,1,1,1
47,41,1661,298,95,43,1,1,1
48,41,1667,298,95,43,1,1,1
49,41,1673,299,95,43,1,1,1
50,41,1679,300,95,43,1,1,1
51,41,1683,300,95,43,1,1,1
52,41,1688,301,95,43,1,1,1
53,41,1693,301,95,43,1,1,1
54,41,1698,302,95,43,1,1,1
55,41,1703,302,95,43,1,1,1
56,41,1707,303,95,43,1,1,1
57,41,1712,303,95,43,1,1,1
58,41,1717,304,95,43,1,1,1
59,41,1722,304,95,43,1,1,1
60,41,1727,305,95,43,1,1,1
61,41,1730,305,95,43,1,1,1
62,41,1734,305,95,43,1,1,1
63,41,1738,305,95,43,1,1,1
64,41,1742,305,95,43,1,1,1
65,41,1746,305,95,43,1,1,1
66,41,1749,305,95,43,1,1,1
67,41,1753,305,95,43,1,1,1
68,41,1757,305,95,43,1,1,1
69,41,1761,305,95,43,1,1,1
140,42,0,23,22,41,1,1,1
141,42,0,22,27,41,1,1,1
142,42,0,22,32,41,1,1,1
143,42,0,22,37,41,1,1,1
144,42,0,22,43,40,1,1,1
145,42,0,22,48,40,1,1,1
146,42,0,21,53,41,1,1,1
147,42,0,21,59,40,1,1,1
148,42,0,21,64,40,1,1,1
149,42,0,21,69,40,1,1,1
150,42,0,21,75,40,1,1,1
151,42,3,19,77,40,1,1,1
152,42,7,18,78,40,1,1,1
153,42,10,16,80,41,1,1,1
154,42,14,15,81,41,1,1,1
155,42,18,14,83,41,1,1,1
156,42,21,12,85,42,1,1,1
157,42,25,11,86,42,1,1,1
158,42,28,9,88,43,1,1,1
159,42,32,8,89,43,1,1,1
160,42,36,7,91,43,1,1,1
161,42,38,6,91,43,1,1,1
162,42,41,5,91,43,1,1,1
163,42,44,5,91,42,1,1,1
164,42,47,4,91,42,1,1,1
165,42,50,4,91,42,1,1,1
166,42,53,3,91,42,1,1,1
167,42,56,2,91,42,1,1,1
168,42,59,2,91,41,1,1,1
169,42,62,1,91,41,1,1,1
170,42,65,1,91,41,1,1,1
171,42,66,0,91,41,1,1,1
172,42,67,0,91,41,1,1,1
173,42,68,0,91,41,1,1,1
174,42,70,0,91,41,1,1,1
175,42,71,0,91,41,1,1,1
176,42,72,0,91,40,1,1,1
177,42,74,0,91,40,1,1,1
178,42,75,0,91,40,1,1,1
179,42,76,0,91,40,1,1,1
180,42,78,0,91,40,1,1,1
181,42,78,0,91,39,1,1,1
182,42,79,0,91,38,1,1,1
183,42,80,0,91,37,1,1,1
184,42,81,0,91,36,1,1,1
185,42,82,0,91,35,1,1,1
186,42,82,0,91,34,1,1,1
187,42,83,0,91,33,1,1,1
188,42,84,0,91,32,1,1,1
189,42,85,0,91,31,1,1,1
190,42,86,0,91,30,1,1,1
191,42,86,0,91,28,1,1,1
192,42,87,0,91,27,1,1,1
193,42,87,0,91,25,1,1,1
194,42,88,0,91,24,1,1,1
195,42,89,0,91,22,1,1,1
196,42,89,0,91,21,1,1,1
197,42,90,0,91,19,1,1,1
198,42,90,0,91,18,1,1,1
199,42,91,0,91,16,1,1,1
150,43,0,537,12,38,1,1,1
151,43,0,534,16,45,1,1,1
152,43,0,531,21,52,1,1,1
153,43,0,529,25,59,1,1,1
154,43,0,526,30,66,1,1,1
155,43,0,524,34,73,1,1,1
156,43,0,521,39,80,1,1,1
157,43,0,518,43,87,1,1,1
158,43,0,516,48,94,1,1,1
159,43,0,513,52,101,1,1,1
160,43,0,511,57,108,1,1,1
161,43,0,510,59,108,1,1,1
162,43,0,509,61,108,1,1,1
163,43,0,509,63,107,1,1,1
164,43,0,508,66,108,1,1,1
165,43,0,508,68,107,1,1,1
166,43,0,507,70,107,1,1,1
167,43,0,506,73,108,1,1,1
168,43,0,506,75,107,1,1,1
169,43,0,505,77,107,1,1,1
170,43,0,505,80,107,1,1,1
171,43,1,504,80,107,1,1,1
172,43,2,504,81,106,1,1,1
173,43,3,503,81,106,1,1,1
174,43,4,503,82,106,1,1,1
175,43,5,502,83,106,1,1,1
176,43,6,502,83,105,1,1,1
177,43,7,501,84,106,1,1,1
178,43,8,501,84,105,1,1,1
179,43,9,500,85,105,1,1,1
180,43,10,500,86,105,1,1,1
181,43,11,498,85,105,1,1,1
182,43,12,497,85,105,1,1,1
183,43,13,496,85,104,1,1,1
184,43,14,495,85,104,1,1,1
185,43,15,494,85,104,1,1,1
186,43,16,492,85,104,1,1,1
187,43,17,491,85,104,1,1,1
188,43,18,490,85,103,1,1,1
189,43,19,489,85,103,1,1,1
190,43,20,488,85,103,1,1,1
191,43,20,486,85,102,1,1,1
192,43,21,484,85,102,1,1,1
193,43,22,482,85,102,1,1,1
194,43,23,480,85,102,1,1,1
195,43,24,478,85,102,1,1,1
196,43,24,476,85,102,1,1,1
197,43,25,474,85,102,1,1,1
198,43,26,472,85,102,1,1,1
199,43,27,470,85,102,1,1,1
200,43,28,469,85,101,1,1,1
201,43,28,466,85,102,1,1,1
202,43,28,464,85,102,1,1,1
203,43,29,462,84,102,1,1,1
204,43,29,460,84,103,1,1,1
205,43,30,458,83,103,1,1,1
206,43,30,456,83,103,1,1,1
207,43,30,454,83,104,1,1,1
208,43,31,452,82,104,1,1,1
209,43,31,450,82,104,1,1,1
210,43,32,448,82,105,1,1,1
211,43,32,445,82,105,1,1,1
212,43,32,443,82,105,1,1,1
213,43,32,441,82,105,1,1,1
214,43,32,438,82,106,1,1,1
215,43,32,436,83,106,1,1,1
216,43,32,434,83,106,1,1,1
217,43,32,431,83,107,1,1,1
218,43,32,429,83,107,1,1,1
219,43,32,427,83,107,1,1,1
220,43,33,425,83,107,1,1,1
221,43,32,423,83,106,1,1,1
222,43,32,421,83,105,1,1,1
223,43,32,419,82,105,1,1,1
224,43,32,417,82,104,1,1,1
225,43,32,415,81,104,1,1,1
226,43,31,413,82,103,1,1,1
227,43,31,411,81,102,1,1,1
228,43,31,409,81,102,1,1,1
229,43,31,407,80,101,1,1,1
230,43,31,405,80,101,1,1,1
231,43,31,403,81,101,1,1,1
232,43,31,401,82,101,1,1,1
233,43,32,399,82,101,1,1,1
234,43,32,397,83,101,1,1,1
235,43,33,395,83,101,1,1,1
236,43,33,393,84,101,1,1,1
237,43,33,391,85,101,1,1,1
238,43,34,389,85,101,1,1,1
239,43,34,387,86,101,1,1,1
240,43,35,385,86,102,1,1,1
241,43,37,383,86,102,1,1,1
242,43,39,381,86,102,1,1,1
243,43,41,379,86,103,1,1,1
244,43,44,378,86,102,1,1,1
245,43,46,376,86,103,1,1,1
246,43,48,374,86,103,1,1,1
247,43,51,373,86,102,1,1,1
248,43,53,371,86,103,1,1,1
249,43,55,369,86,103,1,1,1
250,43,58,368,86,103,1,1,1
251,43,61,367,86,102,1,1,1
252,43,65,366,85,102,1,1,1
253,43,68,365,85,102,1,1,1
254,43,72,364,84,102,1,1,1
255,43,75,364,85,101,1,1,1
256,43,79,363,84,101,1,1,1
257,43,82,362,84,101,1,1,1
258,43,86,361,83,101,1,1,1
259,43,89,360,83,101,1,1,1
260,43,93,360,83,100,1,1,1
261,43,97,359,83,100,1,1,1
262,43,102,358,82,101,1,1,1
263,43,106,357,83,102,1,1,1
264,43,111,356,82,102,1,1,1
265,43,115,355,83,103,1,1,1
266,43,120,354,82,104,1,1,1
267,43,124,353,83,104,1,1,1
268,43,129,352,82,105,1,1,1
269,43,134,351,82,106,1,1,1
269,44,0,353,42,104,1,1,1
180,47,1890,599,29,16,1,1,1
181,47,1890,597,28,16,1,1,1
182,47,1890,596,28,16,1,1,1
183,47,1890,594,28,17,1,1,1
184,47,1890,593,28,16,1,1,1
185,47,1891,591,27,17,1,1,1
186,47,1891,590,27,17,1,1,1
187,47,1891,588,27,17,1,1,1
188,47,1891,587,27,17,1,1,1
189,47,1891,585,27,18,1,1,1
190,47,1892,584,26,18,1,1,1
191,47,1892,582,26,18,1,1,1
192,47,1892,580,26,18,1,1,1
193,47,1892,578,26,18,1,1,1
194,47,1892,576,26,18,1,1,1
195,47,1893,574,25,18,1,1,1
196,47,1893,572,25,18,1,1,1
197,47,1893,570,25,18,1,1,1
198,47,1893,568,25,18,1,1,1
199,47,1893,566,25,18,1,1,1
200,47,1894,565,24,18,1,1,1
201,47,1893,562,25,18,1,1,1
202,47,1893,560,25,18,1,1,1
203,47,1893,558,25,18,1,1,1
204,47,1892,556,26,18,1,1,1
205,47,1892,554,26,18,1,1,1
206,47,1892,552,26,17,1,1,1
207,47,1891,550,27,17,1,1,1
208,47,1891,548,27,17,1,1,1
209,47,1891,546,27,17,1,1,1
210,47,1891,544,28,17,1,1,1
211,47,1890,541,28,17,1,1,1
212,47,1889,539,29,17,1,1,1
213,47,1888,537,30,16,1,1,1
214,47,1887,534,31,17,1,1,1
215,47,1887,532,31,17,1,1,1
216,47,1886,530,31,16,1,1,1
217,47,1885,527,32,17,1,1,1
218,47,1884,525,33,16,1,1,1
219,47,1883,523,34,16,1,1,1
0,48,1269,563,14,12,1,1,1
1,48,1271,563,14,12,1,1,1
2,48,1274,564,14,12,1,1,1
3,48,1277,564,14,12,1,1,1
4,48,1280,565,14,12,1,1,1
5,48,1283,565,14,12,1,1,1
6,48,1285,566,14,12,1,1,1
7,48,1288,566,14,12,1,1,1
8,48,1291,567,14,12,1,1,1
9,48,1294,567,14,12,1,1,1
10,48,1297,568,14,12,1,1,1
11,48,1299,568,14,12,1,1,1
12,48,1302,569,14,12,1,1,1
13,48,1305,569,14,12,1,1,1
14,48,1308,570,14,12,1,1,1
15,48,1311,570,14,12,1,1,1
16,48,1313,571,14,12,1,1,1
17,48,1316,571,14,12,1,1,1
18,48,1319,572,14,12,1,1,1
19,48,1322,572,14,12,1,1,1
20,48,1325,573,14,12,1,1,1
21,48,1329,573,15,12,1,1,1
22,48,1333,574,17,12,1,1,1
23,48,1337,575,18,12,1,1,1
24,48,1341,576,20,12,1,1,1
25,48,1346,577,21,12,1,1,1
26,48,1350,577,22,13,1,1,1
27,48,1354,578,24,13,1,1,1
28,48,1358,579,25,13,1,1,1
29,48,1362,580,27,13,1,1,1
30,48,1367,581,28,13,1,1,1
31,48,1372,581,28,13,1,1,1
32,48,1377,582,28,13,1,1,1
33,48,1382,582,28,13,1,1,1
34,48,1388,583,27,13,1,1,1
35,48,1393,584,27,13,1,1,1
36,48,1398,584,27,13,1,1,1
37,48,1404,585,26,13,1,1,1
38,48,1409,585,26,13,1,1,1
39,48,1414,586,26,13,1,1,1
80,48,1545,594,29,14,1,1,1
81,48,1548,593,29,14,1,1,1
82,48,1551,593,30,14,1,1,1
83,48,1555,593,30,14,1,1,1
84,48,1558,593,30,14,1,1,1
85,48,1562,593,30,14,1,1,1
86,48,1565,592,31,14,1,1,1
87,48,1568,592,31,14,1,1,1
88,48,1572,592,31,14,1,1,1
89,48,1575,592,32,14,1,1,1
90,48,1579,592,32,14,1,1,1
91,48,1584,591,31,14,1,1,1
92,48,1589,591,31,14,1,1,1
93,48,1594,591,31,14,1,1,1
94,48,1599,591,31,14,1,1,1
95,48,1604,591,31,14,1,1,1
96,48,1609,591,30,13,1,1,1
97,48,1614,591,30,13,1,1,1
98,48,1619,591,30,13,1,1,1
99,48,1624,591,30,13,1,1,1
220,48,1906,458,13,12,1,1,1
221,48,1903,454,15,13,1,1,1
222,48,1901,451,17,13,1,1,1
223,48,1898,448,19,13,1,1,1
224,48,1896,445,21,13,1,1,1
225,48,1894,442,23,13,1,1,1
226,48,1891,438,25,14,1,1,1
227,48,1889,435,27,14,1,1,1
228,48,1886,432,29,14,1,1,1
229,48,1884,429,31,14,1,1,1
240,49,826,556,40,14,1,1,1
241,49,823,554,40,14,1,1,1
242,49,821,553,40,14,1,1,1
243,49,819,551,40,14,1,1,1
244,49,817,550,40,14,1,1,1
245,49,815,548,40,14,1,1,1
246,49,812,547,40,14,1,1,1
247,49,810,545,40,14,1,1,1
248,49,808,544,40,14,1,1,1
249,49,806,542,40,14,1,1,1
100,51,338,688,41,15,1,1,1
101,51,340,688,41,15,1,1,1
102,51,343,688,41,15,1,1,1
103,51,346,688,41,15,1,1,1
104,51,349,688,41,15,1,1,1
105,51,352,689,41,15,1,1,1
106,51,355,689,40,15,1,1,1
107,51,358,689,40,15,1,1,1
108,51,361,689,40,15,1,1,1
109,51,364,689,40,15,1,1,1
110,51,367,690,40,15,1,1,1
111,51,371,690,40,15,1,1,1
112,51,376,690,40,15,1,1,1
113,51,380,691,41,14,1,1,1
114,51,385,691,41,15,1,1,1
115,51,389,692,42,14,1,1,1
116,51,394,692,42,14,1,1,1
117,51,398,692,43,15,1,1,1
118,51,403,693,43,14,1,1,1
119,51,407,693,44,14,1,1,1
130,51,455,700,44,14,1,1,1
131,51,457,700,44,14,1,1,1
132,51,460,700,44,14,1,1,1
133,51,463,700,44,14,1,1,1
134,51,465,701,44,14,1,1,1
135,51,468,701,44,14,1,1,1
136,51,471,701,44,14,1,1,1
137,51,473,702,44,14,1,1,1
138,51,476,702,44,14,1,1,1
139,51,479,702,44,14,1,1,1
140,51,482,703,44,14,1,1,1
141,51,482,702,44,14,1,1,1
142,51,483,702,44,14,1,1,1
143,51,483,702,44,14,1,1,1
144,51,484,702,44,14,1,1,1
145,51,485,702,44,14,1,1,1
146,51,485,702,44,14,1,1,1
147,51,486,702,44,14,1,1,1
148,51,486,702,44,14,1,1,1
149,51,487,702,44,14,1,1,1
150,51,488,702,44,14,1,1,1
151,51,487,701,44,14,1,1,1
152,51,487,700,44,14,1,1,1
153,51,487,699,44,14,1,1,1
154,51,487,698,44,14,1,1,1
155,51,487,697,44,14,1,1,1
156,51,487,696,44,14,1,1,1
157,51,487,695,44,14,1,1,1
158,51,487,694,44,14,1,1,1
159,51,487,693,44,14,1,1,1
160,51,487,693,44,14,1,1,1
161,51,484,692,44,14,1,1,1
162,51,482,691,44,14,1,1,1
163,51,480,690,44,14,1,1,1
164,51,477,689,44,14,1,1,1
165,51,475,688,44,14,1,1,1
166,51,473,687,44,14,1,1,1
167,51,470,686,44,14,1,1,1
168,51,468,685,44,14,1,1,1
169,51,466,684,44,14,1,1,1
190,51,393,659,44,14,1,1,1
191,51,388,657,44,14,1,1,1
192,51,384,655,44,14,1,1,1
193,51,380,653,44,14,1,1,1
194,51,375,652,44,14,1,1,1
195,51,371,650,44,14,1,1,1
196,51,367,648,44,14,1,1,1
197,51,362,647,44,14,1,1,1
198,51,358,645,44,14,1,1,1
199,51,354,643,44,14,1,1,1
200,51,350,642,44,14,1,1,1
201,51,347,639,44,14,1,1,1
202,51,344,637,44,14,1,1,1
203,51,341,635,44,14,1,1,1
204,51,338,632,44,14,1,1,1
205,51,335,630,44,14,1,1,1
206,51,332,628,44,14,1,1,1
207,51,329,625,44,14,1,1,1
208,51,326,623,44,14,1,1,1
209,51,323,621,44,14,1,1,1
210,51,320,619,44,14,1,1,1
211,51,314,616,44,14,1,1,1
212,51,309,614,44,14,1,1,1
213,51,304,611,44,14,1,1,1
214,51,299,609,44,14,1,1,1
215,51,294,607,44,14,1,1,1
216,51,288,604,44,14,1,1,1
217,51,283,602,44,14,1,1,1
218,51,278,599,44,14,1,1,1
219,51,273,597,44,14,1,1,1
220,51,268,595,44,14,1,1,1
221,51,265,592,44,14,1,1,1
222,51,262,590,44,14,1,1,1
223,51,260,588,44,14,1,1,1
224,51,257,585,44,14,1,1,1
225,51,255,583,44,14,1,1,1
226,51,252,581,44,14,1,1,1
227,51,249,578,44,14,1,1,1
228,51,247,576,44,14,1,1,1
229,51,244,574,44,14,1,1,1
230,51,242,572,44,14,1,1,1
231,51,237,570,43,14,1,1,1
232,51,232,568,43,14,1,1,1
233,51,227,566,43,14,1,1,1
234,51,222,565,43,13,1,1,1
235,51,217,563,43,13,1,1,1
236,51,212,561,43,13,1,1,1
237,51,207,560,43,12,1,1,1
238,51,202,558,43,12,1,1,1
239,51,197,556,43,12,1,1,1
240,51,193,555,42,12,1,1,1
241,51,190,553,43,12,1,1,1
242,51,188,552,43,12,1,1,1
243,51,185,550,44,13,1,1,1
244,51,183,549,44,13,1,1,1
245,51,181,547,44,14,1,1,1
246,51,178,546,45,13,1,1,1
247,51,176,544,45,14,1,1,1
248,51,173,543,46,14,1,1,1
249,51,171,541,46,15,1,1,1
150,57,1139,205,16,42,1,1,1
151,57,1142,206,16,42,1,1,1
152,57,1146,208,16,42,1,1,1
153,57,1150,210,16,42,1,1,1
154,57,1154,212,16,42,1,1,1
155,57,1158,214,16,42,1,1,1
156,57,1162,216,16,42,1,1,1
157,57,1166,218,16,42,1,1,1
158,57,1170,220,16,42,1,1,1
159,57,1174,222,16,42,1,1,1
160,57,1178,224,16,42,1,1,1
161,57,1180,226,16,42,1,1,1
162,57,1183,228,16,42,1,1,1
163,57,1186,230,16,42,1,1,1
164,57,1189,232,16,42,1,1,1
165,57,1192,235,16,42,1,1,1
166,57,1194,237,16,42,1,1,1
167,57,1197,239,16,42,1,1,1
168,57,1200,241,16,42,1,1,1
169,57,1203,243,16,42,1,1,1
170,57,1206,246,16,42,1,1,1
171,57,1207,247,16,42,1,1,1
172,57,1208,249,16,42,1,1,1
173,57,1209,250,16,42,1,1,1
174,57,1210,252,16,42,1,1,1
175,57,1212,254,16,42,1,1,1
176,57,1213,255,16,42,1,1,1
177,57,1214,257,16,42,1,1,1
178,57,1215,258,16,42,1,1,1
179,57,1216,260,16,42,1,1,1
180,57,1218,262,16,42,1,1,1
181,57,1218,263,16,42,1,1,1
182,57,1218,265,17,41,1,1,1
183,57,1218,266,18,42,1,1,1
184,57,1218,268,19,41,1,1,1
185,57,1218,269,20,42,1,1,1
186,57,1218,271,20,41,1,1,1
187,57,1218,272,21,41,1,1,1
188,57,1218,274,22,41,1,1,1
189,57,1218,275,23,41,1,1,1
190,57,1219,277,23,41,1,1,1
191,57,1219,277,23,42,1,1,1
192,57,1220,278,22,42,1,1,1
193,57,1220,278,23,43,1,1,1
194,57,1221,279,22,43,1,1,1
195,57,1221,280,23,43,1,1,1
196,57,1222,280,22,44,1,1,1
197,57,1222,281,22,44,1,1,1
198,57,1223,281,22,45,1,1,1
199,57,1223,282,22,45,1,1,1
200,57,1224,283,22,45,1,1,1
201,57,1224,284,22,45,1,1,1
202,57,1224,285,22,45,1,1,1
203,57,1224,286,22,45,1,1,1
204,57,1224,287,22,45,1,1,1
205,57,1225,288,22,45,1,1,1
206,57,1225,289,22,45,1,1,1
207,57,1225,290,22,45,1,1,1
208,57,1225,291,22,45,1,1,1
209,57,1225,292,22,45,1,1,1
210,57,1226,293,22,45,1,1,1
211,57,1225,292,22,45,1,1,1
212,57,1225,292,22,45,1,1,1
213,57,1224,292,22,45,1,1,1
214,57,1224,292,22,45,1,1,1
215,57,1223,292,22,45,1,1,1
216,57,1223,292,22,45,1,1,1
217,57,1222,292,22,45,1,1,1
218,57,1222,292,22,45,1,1,1
219,57,1221,292,22,45,1,1,1
220,57,1221,292,22,45,1,1,1
221,57,1220,291,22,45,1,1,1
222,57,1220,291,22,45,1,1,1
223,57,1220,291,21,44,1,1,1
224,57,1219,291,22,44,1,1,1
225,57,1219,291,22,44,1,1,1
226,57,1219,291,21,43,1,1,1
227,57,1218,291,22,43,1,1,1
228,57,1218,291,21,42,1,1,1
229,57,1218,291,21,42,1,1,1
230,57,1218,291,21,42,1,1,1
231,57,1218,291,21,42,1,1,1
232,57,1218,292,21,41,1,1,1
233,57,1219,292,20,41,1,1,1
234,57,1219,293,20,40,1,1,1
235,57,1220,293,19,40,1,1,1
236,57,1220,294,19,39,1,1,1
237,57,1220,294,19,39,1,1,1
238,57,1221,295,18,38,1,1,1
239,57,1221,295,18,38,1,1,1
240,57,1222,296,17,38,1,1,1
241,57,1223,296,17,38,1,1,1
242,57,1225,296,17,38,1,1,1
243,57,1227,296,17,38,1,1,1
244,57,1228,296,18,38,1,1,1
245,57,1230,297,18,37,1,1,1
246,57,1232,297,17,37,1,1,1
247,57,1233,297,18,37,1,1,1
248,57,1235,297,18,37,1,1,1
249,57,1237,297,18,37,1,1,1
250,57,1239,298,18,37,1,1,1
251,57,1242,298,18,37,1,1,1
252,57,1245,298,18,37,1,1,1
253,57,1248,298,18,37,1,1,1
254,57,1251,299,18,37,1,1,1
255,57,1254,299,18,37,1,1,1
256,57,1257,299,18,37,1,1,1
257,57,1260,300,18,37,1,1,1
258,57,1263,300,18,37,1,1,1
259,57,1266,300,18,37,1,1,1
260,57,1270,301,18,37,1,1,1
261,57,1274,301,18,37,1,1,1
262,57,1278,302,18,37,1,1,1
263,57,1283,303,18,37,1,1,1
264,57,1287,304,18,37,1,1,1
265,57,1292,304,18,37,1,1,1
266,57,1296,305,18,37,1,1,1
267,57,1301,306,18,37,1,1,1
268,57,1305,307,18,37,1,1,1
269,57,1310,308,18,37,1,1,1
259,58,734,442,15,15,1,1,1
260,58,739,441,15,15,1,1,1
261,58,745,440,15,15,1,1,1
262,58,751,439,15,15,1,1,1
263,58,757,439,15,15,1,1,1
264,58,763,438,15,15,1,1,1
265,58,769,437,15,15,1,1,1
266,58,775,437,15,15,1,1,1
267,58,781,436,15,15,1,1,1
268,58,787,435,15,15,1,1,1
269,58,793,435,15,15,1,1,1
80,63,0,141,8,9,1,1,1
81,63,1,140,11,11,1,1,1
82,63,3,139,13,13,1,1,1
83,63,5,138,16,15,1,1,1
84,63,7,137,18,17,1,1,1
85,63,9,137,21,18,1,1,1
86,63,10,136,24,20,1,1,1
87,63,12,135,26,22,1,1,1
88,63,14,134,29,24,1,1,1
89,63,16,133,31,26,1,1,1
269,63,650,0,26,27,1,1,1
240,65,534,0,14,21,1,1,1
241,65,535,0,14,19,1,1,1
242,65,536,0,15,18,1,1,1
243,65,538,0,15,17,1,1,1
244,65,539,0,15,16,1,1,1
245,65,541,0,15,15,1,1,1
246,65,542,0,16,14,1,1,1
247,65,543,0,16,13,1,1,1
248,65,545,0,16,12,1,1,1
249,65,546,0,17,11,1,1,1
100,68,0,155,17,17,1,1,1
101,68,6,154,18,18,1,1,1
102,68,12,154,19,18,1,1,1
103,68,18,153,20,19,1,1,1
104,68,25,153,21,19,1,1,1
105,68,31,152,22,20,1,1,1
106,68,37,152,23,20,1,1,1
107,68,44,151,24,21,1,1,1
108,68,50,151,25,21,1,1,1
109,68,56,150,26,22,1,1,1
10,71,882,0,13,23,1,1,1
11,71,886,0,13,22,1,1,1
12,71,891,0,13,21,1,1,1
13,71,896,0,13,20,1,1,1
14,71,900,0,13,20,1,1,1
15,71,905,0,13,19,1,1,1
16,71,910,0,13,18,1,1,1
17,71,914,0,13,18,1,1,1
18,71,919,0,13,17,1,1,1
19,71,924,0,13,16,1,1,1
10,72,892,0,12,18,1,1,1
11,72,896,0,12,17,1,1,1
12,72,901,0,12,16,1,1,1
13,72,906,0,12,15,1,1,1
14,72,911,0,12,14,1,1,1
15,72,916,0,12,13,1,1,1
16,72,921,0,12,12,1,1,1
17,72,926,0,12,11,1,1,1
18,72,931,0,12,10,1,1,1
19,72,936,0,12,9,1,1,1
0,74,1888,97,31,43,1,1,1
1,74,1890,97,29,43,1,1,1
2,74,1892,97,27,43,1,1,1
3,74,1895,98,24,43,1,1,1
4,74,1897,98,22,43,1,1,1
5,74,1900,99,19,43,1,1,1
6,74,1902,99,17,43,1,1,1
7,74,1904,99,15,43,1,1,1
8,74,1907,100,12,43,1,1,1
9,74,1909,100,10,43,1,1,1
0,76,849,135,40,101,1,1,1
1,76,852,135,40,101,1,1,1
2,76,855,136,40,100,1,1,1
3,76,858,136,40,101,1,1,1
4,76,861,137,40,100,1,1,1
5,76,864,137,40,101,1,1,1
6,76,867,138,40,100,1,1,1
7,76,870,138,40,100,1,1,1
8,76,873,139,40,100,1,1,1
9,76,876,139,40,100,1,1,1
10,76,880,140,40,100,1,1,1
11,76,885,140,40,100,1,1,1
12,76,890,140,40,100,1,1,1
13,76,895,141,40,100,1,1,1
14,76,900,141,40,100,1,1,1
15,76,905,142,40,100,1,1,1
16,76,910,142,40,100,1,1,1
17,76,915,142,40,100,1,1,1
18,76,920,143,40,100,1,1,1
19,76,925,143,40,100,1,1,1
90,76,1282,184,42,99,1,1,1
91,76,1288,184,42,99,1,1,1
92,76,1294,184,42,99,1,1,1
93,76,1300,184,43,99,1,1,1
94,76,1306,184,43,99,1,1,1
95,76,1312,184,44,100,1,1,1
96,76,1318,184,44,100,1,1,1
97,76,1324,184,44,100,1,1,1
98,76,1330,184,45,100,1,1,1
99,76,1336,184,45,100,1,1,1
100,76,1342,185,46,100,1,1,1
101,76,1349,185,46,100,1,1,1
102,76,1357,185,46,100,1,1,1
103,76,1365,185,46,100,1,1,1
104,76,1372,185,46,100,1,1,1
105,76,1380,185,46,100,1,1,1
106,76,1388,185,46,100,1,1,1
107,76,1395,185,46,100,1,1,1
108,76,1403,185,46,100,1,1,1
109,76,1411,185,46,100,1,1,1
110,76,1419,185,46,100,1,1,1
111,76,1427,185,46,100,1,1,1
112,76,1435,185,46,100,1,1,1
113,76,1443,185,46,100,1,1,1
114,76,1452,185,46,100,1,1,1
115,76,1460,185,46,100,1,1,1
116,76,1468,185,46,100,1,1,1
117,76,1477,185,46,100,1,1,1
118,76,1485,185,46,100,1,1,1
119,76,1493,185,46,100,1,1,1
120,76,1502,185,46,100,1,1,1
121,76,1510,184,47,100,1,1,1
122,76,1518,184,48,100,1,1,1
123,76,1527,184,48,100,1,1,1
124,76,1535,184,49,100,1,1,1
125,76,1544,184,50,100,1,1,1
126,76,1552,184,51,99,1,1,1
127,76,1560,184,52,99,1,1,1
128,76,1569,184,52,99,1,1,1
129,76,1577,184,53,99,1,1,1
130,76,1586,184,54,99,1,1,1
131,76,1593,183,54,99,1,1,1
132,76,1600,183,54,99,1,1,1
133,76,1607,183,54,99,1,1,1
134,76,1614,183,54,99,1,1,1
135,76,1621,183,54,99,1,1,1
136,76,1628,183,54,99,1,1,1
137,76,1635,183,54,99,1,1,1
138,76,1642,183,54,99,1,1,1
139,76,1649,183,54,99,1,1,1
140,76,1656,183,55,99,1,1,1
141,76,1661,182,54,99,1,1,1
142,76,1666,181,54,99,1,1,1
143,76,1671,180,54,99,1,1,1
144,76,1676,180,54,99,1,1,1
145,76,1682,179,53,99,1,1,1
146,76,1687,178,53,99,1,1,1
147,76,1692,178,53,99,1,1,1
148,76,1697,177,53,99,1,1,1
149,76,1702,176,53,99,1,1,1
150,76,1708,176,52,99,1,1,1
151,76,1712,177,52,99,1,1,1
152,76,1717,178,52,99,1,1,1
153,76,1721,179,52,99,1,1,1
154,76,1726,180,52,99,1,1,1
155,76,1731,181,52,99,1,1,1
156,76,1735,182,52,99,1,1,1
157,76,1740,183,52,99,1,1,1
158,76,1744,184,52,99,1,1,1
159,76,1749,185,52,99,1,1,1
160,76,1754,186,52,99,1,1,1
161,76,1756,186,52,99,1,1,1
162,76,1758,186,52,99,1,1,1
163,76,1760,186,52,99,1,1,1
164,76,1763,187,52,99,1,1,1
165,76,1765,187,52,99,1,1,1
166,76,1767,187,52,99,1,1,1
167,76,1770,188,52,99,1,1,1
168,76,1772,188,52,99,1,1,1
169,76,1774,188,52,99,1,1,1
170,76,1777,189,52,99,1,1,1
171,76,1778,188,52,99,1,1,1
172,76,1779,187,52,99,1,1,1
173,76,1780,186,52,99,1,1,1
174,76,1782,186,52,99,1,1,1
175,76,1783,185,52,99,1,1,1
176,76,1784,184,52,99,1,1,1
177,76,1786,184,52,99,1,1,1
178,76,1787,183,52,99,1,1,1
179,76,1788,182,52,99,1,1,1
180,76,1790,182,52,99,1,1,1
181,76,1790,180,52,99,1,1,1
182,76,1790,179,52,99,1,1,1
183,76,1791,178,52,99,1,1,1
184,76,1791,177,52,99,1,1,1
185,76,1792,176,52,99,1,1,1
186,76,1792,174,52,99,1,1,1
187,76,1792,173,52,99,1,1,1
188,76,1793,172,52,99,1,1,1
189,76,1793,171,52,99,1,1,1
190,76,1794,170,52,99,1,1,1
191,76,1794,168,52,99,1,1,1
192,76,1794,166,52,99,1,1,1
193,76,1794,164,52,99,1,1,1
194,76,1794,162,52,99,1,1,1
195,76,1795,160,52,99,1,1,1
196,76,1795,158,52,99,1,1,1
197,76,1795,156,52,99,1,1,1
198,76,1795,154,52,99,1,1,1
199,76,1795,152,52,99,1,1,1
200,76,1796,150,52,99,1,1,1
201,76,1795,148,52,99,1,1,1
202,76,1795,146,52,99,1,1,1
203,76,1794,144,52,99,1,1,1
204,76,1794,142,52,99,1,1,1
205,76,1794,141,52,99,1,1,1
206,76,1793,139,52,99,1,1,1
207,76,1793,137,52,99,1,1,1
208,76,1792,135,52,99,1,1,1
209,76,1792,133,52,99,1,1,1
210,76,1792,132,52,99,1,1,1
211,76,1791,129,52,99,1,1,1
212,76,1790,127,52,99,1,1,1
213,76,1790,124,52,99,1,1,1
214,76,1789,122,52,99,1,1,1
215,76,1789,120,52,99,1,1,1
216,76,1788,117,52,99,1,1,1
217,76,1787,115,52,99,1,1,1
218,76,1787,112,52,99,1,1,1
219,76,1786,110,52,99,1,1,1
220,76,1786,108,52,99,1,1,1
221,76,1785,106,52,99,1,1,1
222,76,1784,104,52,99,1,1,1
223,76,1783,102,52,99,1,1,1
224,76,1782,100,52,99,1,1,1
225,76,1782,98,52,99,1,1,1
226,76,1781,96,52,99,1,1,1
227,76,1780,94,52,99,1,1,1
228,76,1779,92,52,99,1,1,1
229,76,1778,90,52,99,1,1,1
230,76,1778,88,52,99,1,1,1
231,76,1777,86,52,99,1,1,1
232,76,1777,84,52,99,1,1,1
233,76,1776,83,52,99,1,1,1
234,76,1776,81,52,99,1,1,1
235,76,1776,80,52,99,1,1,1
236,76,1775,78,52,99,1,1,1
237,76,1775,76,52,99,1,1,1
238,76,1774,75,52,99,1,1,1
239,76,1774,73,52,99,1,1,1
240,76,1774,72,52,99,1,1,1
241,76,1776,70,52,99,1,1,1
242,76,1778,69,52,99,1,1,1
243,76,1780,68,52,99,1,1,1
244,76,1782,67,52,99,1,1,1
245,76,1784,66,52,99,1,1,1
246,76,1786,64,52,99,1,1,1
247,76,1788,63,52,99,1,1,1
248,76,1790,62,52,99,1,1,1
249,76,1792,61,52,99,1,1,1
250,76,1795,60,51,99,1,1,1
251,76,1798,58,51,99,1,1,1
252,76,1801,57,51,99,1,1,1
253,76,1804,56,51,99,1,1,1
254,76,1807,55,51,99,1,1,1
255,76,1811,54,51,99,1,1,1
256,76,1814,53,51,99,1,1,1
257,76,1817,52,51,99,1,1,1
258,76,1820,51,51,99,1,1,1
259,76,1823,50,51,99,1,1,1
260,76,1827,49,51,99,1,1,1
261,76,1830,48,51,99,1,1,1
262,76,1834,47,51,99,1,1,1
263,76,1838,46,51,99,1,1,1
264,76,1842,45,51,99,1,1,1
265,76,1845,44,51,99,1,1,1
266,76,1849,43,51,99,1,1,1
267,76,1853,42,51,99,1,1,1
268,76,1857,41,51,99,1,1,1
269,76,1861,41,51,99,1,1,1
259,77,1888,683,31,40,1,1,1
260,77,1882,681,37,41,1,1,1
261,77,1877,680,42,41,1,1,1
262,77,1871,679,48,42,1,1,1
263,77,1866,678,53,42,1,1,1
264,77,1860,677,59,43,1,1,1
265,77,1855,675,64,44,1,1,1
266,77,1849,674,70,44,1,1,1
267,77,1844,673,75,45,1,1,1
268,77,1838,672,81,45,1,1,1
269,77,1833,671,86,46,1,1,1
100,78,9,614,18,12,1,1,1
101,78,17,614,18,12,1,1,1
102,78,25,614,18,12,1,1,1
103,78,33,614,18,12,1,1,1
104,78,41,614,18,12,1,1,1
105,78,50,615,18,12,1,1,1
106,78,58,615,18,12,1,1,1
107,78,66,615,18,12,1,1,1
108,78,74,615,18,12,1,1,1
109,78,82,615,18,12,1,1,1
110,78,91,616,18,12,1,1,1
111,78,101,616,18,12,1,1,1
112,78,111,617,18,12,1,1,1
113,78,121,617,18,12,1,1,1
114,78,131,618,18,12,1,1,1
115,78,141,619,18,12,1,1,1
116,78,151,619,18,12,1,1,1
117,78,161,620,18,12,1,1,1
118,78,171,620,18,12,1,1,1
119,78,181,621,18,12,1,1,1
120,78,192,622,18,12,1,1,1
121,78,201,622,18,12,1,1,1
122,78,211,623,18,12,1,1,1
123,78,221,624,18,12,1,1,1
124,78,230,625,18,12,1,1,1
125,78,240,626,18,12,1,1,1
126,78,250,626,18,12,1,1,1
127,78,259,627,18,12,1,1,1
128,78,269,628,18,12,1,1,1
129,78,279,629,18,12,1,1,1
130,78,289,630,18,12,1,1,1
131,78,297,630,18,12,1,1,1
132,78,305,630,18,12,1,1,1
133,78,313,630,18,12,1,1,1
134,78,321,630,18,12,1,1,1
135,78,330,631,18,12,1,1,1
136,78,338,631,18,12,1,1,1
137,78,346,631,18,12,1,1,1
138,78,354,631,18,12,1,1,1
139,78,362,631,18,12,1,1,1
140,78,371,632,18,12,1,1,1
141,78,377,632,18,12,1,1,1
142,78,383,632,18,12,1,1,1
143,78,389,632,18,12,1,1,1
144,78,396,632,18,12,1,1,1
145,78,402,632,18,12,1,1,1
146,78,408,632,18,12,1,1,1
147,78,415,632,18,12,1,1,1
148,78,421,632,18,12,1,1,1
149,78,427,632,18,12,1,1,1
150,78,434,633,18,12,1,1,1
151,78,438,631,18,12,1,1,1
152,78,443,630,18,12,1,1,1
153,78,447,629,18,12,1,1,1
154,78,452,628,18,12,1,1,1
155,78,457,627,18,12,1,1,1
156,78,461,626,18,12,1,1,1
157,78,466,625,18,12,1,1,1
158,78,470,624,18,12,1,1,1
159,78,475,623,18,12,1,1,1
160,78,480,622,18,12,1,1,1
161,78,482,622,18,12,1,1,1
162,78,484,622,18,12,1,1,1
163,78,486,622,18,12,1,1,1
164,78,488,622,19,12,1,1,1
165,78,491,622,18,12,1,1,1
166,78,493,622,18,12,1,1,1
167,78,495,622,19,12,1,1,1
168,78,497,622,19,12,1,1,1
169,78,499,622,19,12,1,1,1
170,78,502,622,19,12,1,1,1
171,78,504,621,19,12,1,1,1
172,78,507,621,19,12,1,1,1
173,78,510,620,19,12,1,1,1
174,78,512,620,19,12,1,1,1
175,78,515,619,19,12,1,1,1
176,78,518,619,19,12,1,1,1
177,78,520,618,19,12,1,1,1
178,78,523,618,19,12,1,1,1
179,78,526,617,19,12,1,1,1
180,78,529,617,19,12,1,1,1
181,78,527,617,19,12,1,1,1
182,78,526,617,19,12,1,1,1
183,78,525,617,19,12,1,1,1
184,78,524,617,19,12,1,1,1
185,78,523,617,19,12,1,1,1
186,78,522,617,19,12,1,1,1
187,78,521,617,19,12,1,1,1
188,78,520,617,19,12,1,1,1
189,78,519,617,19,12,1,1,1
190,78,518,617,19,12,1,1,1
191,78,518,615,19,12,1,1,1
192,78,519,613,19,12,1,1,1
193,78,520,611,19,12,1,1,1
194,78,521,610,19,12,1,1,1
195,78,522,608,19,12,1,1,1
196,78,522,606,19,12,1,1,1
197,78,523,605,19,12,1,1,1
198,78,524,603,19,12,1,1,1
199,78,525,601,19,12,1,1,1
200,78,526,600,19,12,1,1,1
201,78,525,597,19,12,1,1,1
202,78,525,595,19,12,1,1,1
203,78,525,593,19,12,1,1,1
204,78,525,590,19,13,1,1,1
205,78,525,588,19,13,1,1,1
206,78,525,586,19,12,1,1,1
207,78,525,583,19,13,1,1,1
208,78,525,581,19,13,1,1,1
209,78,525,579,19,13,1,1,1
210,78,525,577,19,13,1,1,1
211,78,525,574,19,13,1,1,1
212,78,525,572,19,13,1,1,1
213,78,525,569,19,13,1,1,1
214,78,525,567,19,13,1,1,1
215,78,525,564,19,13,1,1,1
216,78,525,562,19,13,1,1,1
217,78,525,559,19,13,1,1,1
218,78,525,557,19,13,1,1,1
219,78,525,554,19,13,1,1,1
220,78,526,552,19,13,1,1,1
221,78,525,549,19,13,1,1,1
222,78,525,547,19,13,1,1,1
223,78,525,544,19,13,1,1,1
224,78,525,542,19,13,1,1,1
225,78,525,540,19,13,1,1,1
226,78,524,537,19,13,1,1,1
227,78,524,535,19,13,1,1,1
228,78,524,532,19,13,1,1,1
229,78,524,530,19,13,1,1,1
230,78,524,528,19,13,1,1,1
231,78,524,526,19,13,1,1,1
232,78,524,524,19,13,1,1,1
233,78,524,522,19,13,1,1,1
234,78,525,520,19,13,1,1,1
235,78,525,518,19,13,1,1,1
236,78,525,516,19,13,1,1,1
237,78,526,514,19,13,1,1,1
238,78,526,512,19,13,1,1,1
239,78,526,510,19,13,1,1,1
240,78,527,508,19,13,1,1,1
241,78,529,506,19,13,1,1,1
242,78,531,504,19,13,1,1,1
243,78,533,503,19,13,1,1,1
244,78,535,501,19,13,1,1,1
245,78,538,500,19,13,1,1,1
246,78,540,498,19,13,1,1,1
247,78,542,496,19,13,1,1,1
248,78,544,495,19,13,1,1,1
249,78,546,493,19,13,1,1,1
250,78,549,492,19,13,1,1,1
251,78,552,490,19,13,1,1,1
252,78,555,489,19,13,1,1,1
253,78,559,488,19,13,1,1,1
254,78,562,487,19,13,1,1,1
255,78,566,486,19,13,1,1,1
256,78,569,485,19,13,1,1,1
257,78,573,484,19,13,1,1,1
258,78,576,483,19,13,1,1,1
259,78,580,482,19,13,1,1,1
260,78,584,481,19,13,1,1,1
261,78,589,480,19,13,1,1,1
262,78,594,479,19,13,1,1,1
263,78,599,479,19,13,1,1,1
264,78,604,478,19,13,1,1,1
265,78,609,477,19,13,1,1,1
266,78,614,477,19,13,1,1,1
267,78,619,476,19,13,1,1,1
268,78,624,475,19,13,1,1,1
269,78,629,475,19,13,1,1,1
130,79,58,620,27,14,1,1,1
131,79,65,620,27,14,1,1,1
132,79,72,620,27,14,1,1,1
133,79,79,620,27,14,1,1,1
134,79,86,620,27,14,1,1,1
135,79,94,620,27,14,1,1,1
136,79,101,620,27,14,1,1,1
137,79,108,620,27,14,1,1,1
138,79,115,620,27,14,1,1,1
139,79,122,620,27,14,1,1,1
140,79,130,621,27,14,1,1,1
141,79,135,620,27,14,1,1,1
142,79,141,620,27,14,1,1,1
143,79,147,620,27,14,1,1,1
144,79,153,619,27,14,1,1,1
145,79,159,619,27,14,1,1,1
146,79,165,619,27,14,1,1,1
147,79,171,618,27,14,1,1,1
148,79,177,618,27,14,1,1,1
149,79,183,618,27,14,1,1,1
150,79,189,618,27,14,1,1,1
151,79,193,616,27,14,1,1,1
152,79,197,615,28,14,1,1,1
153,79,201,613,28,14,1,1,1
154,79,206,612,28,14,1,1,1
155,79,210,610,28,14,1,1,1
156,79,214,609,29,14,1,1,1
157,79,219,607,28,14,1,1,1
158,79,223,606,29,14,1,1,1
159,79,227,604,29,14,1,1,1
160,79,232,603,29,14,1,1,1
161,79,234,602,29,14,1,1,1
162,79,237,602,29,14,1,1,1
163,79,240,601,29,14,1,1,1
164,79,242,601,29,14,1,1,1
165,79,245,600,29,14,1,1,1
166,79,248,600,29,14,1,1,1
167,79,250,599,29,14,1,1,1
168,79,253,599,29,14,1,1,1
169,79,256,598,29,14,1,1,1
170,79,259,598,29,14,1,1,1
171,79,260,597,29,14,1,1,1
172,79,261,597,29,14,1,1,1
173,79,263,596,29,14,1,1,1
174,79,264,596,29,14,1,1,1
175,79,266,595,29,14,1,1,1
176,79,267,595,29,14,1,1,1
177,79,268,594,29,14,1,1,1
178,79,270,594,29,14,1,1,1
179,79,271,593,29,14,1,1,1
180,79,273,593,29,14,1,1,1
181,79,274,591,29,14,1,1,1
182,79,275,590,29,14,1,1,1
183,79,276,589,29,14,1,1,1
184,79,277,587,29,14,1,1,1
185,79,278,586,29,14,1,1,1
186,79,279,585,29,14,1,1,1
187,79,280,583,29,14,1,1,1
188,79,281,582,29,14,1,1,1
189,79,282,581,29,14,1,1,1
190,79,283,580,29,14,1,1,1
191,79,283,578,29,14,1,1,1
192,79,284,576,29,14,1,1,1
193,79,284,574,29,14,1,1,1
194,79,285,572,29,14,1,1,1
195,79,285,570,29,14,1,1,1
196,79,286,568,29,14,1,1,1
197,79,286,566,29,14,1,1,1
198,79,287,564,29,14,1,1,1
199,79,287,562,29,14,1,1,1
200,79,288,561,29,14,1,1,1
201,79,288,558,29,14,1,1,1
202,79,288,556,29,14,1,1,1
203,79,288,554,29,14,1,1,1
204,79,288,551,29,14,1,1,1
205,79,289,549,29,14,1,1,1
206,79,289,547,29,14,1,1,1
207,79,289,544,29,14,1,1,1
208,79,289,542,29,14,1,1,1
209,79,289,540,29,14,1,1,1
210,79,290,538,29,14,1,1,1
211,79,290,535,29,14,1,1,1
212,79,290,533,29,14,1,1,1
213,79,290,530,29,14,1,1,1
214,79,290,528,29,14,1,1,1
215,79,290,526,29,14,1,1,1
216,79,290,523,29,14,1,1,1
217,79,290,521,29,14,1,1,1
218,79,290,518,29,14,1,1,1
219,79,290,516,29,14,1,1,1
220,79,290,514,29,14,1,1,1
221,79,289,511,29,14,1,1,1
222,79,289,509,29,14,1,1,1
223,79,289,507,29,14,1,1,1
224,79,288,505,29,14,1,1,1
225,79,288,503,29,14,1,1,1
226,79,288,500,29,14,1,1,1
227,79,287,498,29,14,1,1,1
228,79,287,496,29,14,1,1,1
229,79,287,494,29,14,1,1,1
230,79,287,492,29,14,1,1,1
231,79,287,489,29,15,1,1,1
232,79,288,487,29,15,1,1,1
233,79,289,485,28,15,1,1,1
234,79,289,483,29,15,1,1,1
235,79,290,481,29,16,1,1,1
236,79,291,479,28,16,1,1,1
237,79,291,477,29,16,1,1,1
238,79,292,475,28,16,1,1,1
239,79,293,473,28,16,1,1,1
240,79,294,471,28,17,1,1,1
241,79,296,469,28,17,1,1,1
242,79,298,467,28,17,1,1,1
243,79,300,466,28,17,1,1,1
244,79,302,464,28,17,1,1,1
245,79,304,463,28,17,1,1,1
246,79,306,461,28,17,1,1,1
247,79,308,459,28,17,1,1,1
248,79,310,458,28,17,1,1,1
249,79,312,456,28,17,1,1,1
250,79,314,455,28,17,1,1,1
251,79,317,454,28,17,1,1,1
252,79,321,453,28,17,1,1,1
253,79,325,452,28,17,1,1,1
254,79,329,451,28,17,1,1,1
255,79,332,450,28,17,1,1,1
256,79,336,449,28,17,1,1,1
257,79,340,448,28,17,1,1,1
258,79,344,447,28,17,1,1,1
259,79,348,446,28,17,1,1,1
260,79,352,445,28,17,1,1,1
261,79,357,444,27,17,1,1,1
262,79,362,443,27,18,1,1,1
263,79,366,442,27,18,1,1,1
264,79,371,442,27,18,1,1,1
265,79,376,441,26,18,1,1,1
266,79,380,440,26,18,1,1,1
267,79,385,439,26,19,1,1,1
268,79,390,438,25,19,1,1,1
269,79,395,438,25,19,1,1,1
140,80,21,641,18,12,1,1,1
141,80,28,640,18,12,1,1,1
142,80,35,640,18,12,1,1,1
143,80,43,640,18,12,1,1,1
144,80,50,640,18,12,1,1,1
145,80,58,640,18,12,1,1,1
146,80,65,640,18,12,1,1,1
147,80,72,640,18,12,1,1,1
148,80,80,640,18,12,1,1,1
149,80,87,640,18,12,1,1,1
150,80,95,640,18,12,1,1,1
151,80,99,639,18,12,1,1,1
152,80,104,638,18,12,1,1,1
153,80,108,637,19,12,1,1,1
154,80,113,636,18,12,1,1,1
155,80,118,635,18,12,1,1,1
156,80,122,634,19,12,1,1,1
157,80,127,633,18,12,1,1,1
158,80,131,632,19,12,1,1,1
159,80,136,631,19,12,1,1,1
160,80,141,631,19,12,1,1,1
161,80,143,631,19,12,1,1,1
162,80,146,631,19,12,1,1,1
163,80,148,631,19,13,1,1,1
164,80,151,631,19,13,1,1,1
165,80,153,632,19,13,1,1,1
166,80,156,632,19,13,1,1,1
167,80,158,632,19,13,1,1,1
168,80,161,632,19,14,1,1,1
169,80,163,632,19,14,1,1,1
170,80,166,633,19,14,1,1,1
171,80,166,633,19,14,1,1,1
172,80,167,633,19,14,1,1,1
173,80,167,633,19,14,1,1,1
174,80,168,633,19,14,1,1,1
175,80,169,633,19,14,1,1,1
176,80,169,633,19,14,1,1,1
177,80,170,633,19,14,1,1,1
178,80,171,633,18,14,1,1,1
179,80,171,633,19,14,1,1,1
180,80,172,633,19,14,1,1,1
181,80,173,633,18,14,1,1,1
182,80,173,633,19,14,1,1,1
183,80,174,633,18,14,1,1,1
184,80,175,633,18,14,1,1,1
185,80,175,633,19,14,1,1,1
186,80,176,633,18,14,1,1,1
187,80,177,633,18,14,1,1,1
188,80,177,633,18,14,1,1,1
189,80,178,633,18,14,1,1,1
190,80,179,634,18,14,1,1,1
191,80,179,632,18,14,1,1,1
192,80,179,631,18,14,1,1,1
193,80,180,630,18,14,1,1,1
194,80,180,629,18,14,1,1,1
195,80,181,628,18,14,1,1,1
196,80,181,627,18,14,1,1,1
197,80,181,626,18,14,1,1,1
198,80,182,625,18,14,1,1,1
199,80,182,624,18,14,1,1,1
200,80,183,623,18,14,1,1,1
201,80,183,620,18,14,1,1,1
202,80,184,618,18,14,1,1,1
203,80,185,616,18,14,1,1,1
204,80,186,613,18,14,1,1,1
205,80,187,611,18,14,1,1,1
206,80,187,609,19,14,1,1,1
207,80,188,606,19,14,1,1,1
208,80,189,604,19,14,1,1,1
209,80,190,602,19,14,1,1,1
210,80,191,600,19,14,1,1,1
211,80,191,598,19,14,1,1,1
212,80,192,597,19,14,1,1,1
213,80,192,596,19,14,1,1,1
214,80,193,594,19,14,1,1,1
215,80,194,593,19,14,1,1,1
216,80,194,592,19,14,1,1,1
217,80,195,590,19,14,1,1,1
218,80,195,589,19,14,1,1,1
219,80,196,588,19,14,1,1,1
220,80,197,587,19,14,1,1,1
221,80,196,583,19,14,1,1,1
222,80,196,580,19,14,1,1,1
223,80,195,576,19,14,1,1,1
224,80,195,573,19,14,1,1,1
225,80,195,570,19,14,1,1,1
226,80,194,566,19,14,1,1,1
227,80,194,563,19,14,1,1,1
228,80,193,559,19,14,1,1,1
229,80,193,556,19,14,1,1,1
230,80,193,553,19,14,1,1,1
231,80,193,549,19,14,1,1,1
232,80,194,546,19,14,1,1,1
233,80,195,542,19,14,1,1,1
234,80,195,539,19,14,1,1,1
235,80,196,535,19,14,1,1,1
236,80,197,532,19,14,1,1,1
237,80,197,528,19,14,1,1,1
238,80,198,525,19,14,1,1,1
239,80,199,521,19,14,1,1,1
240,80,200,518,19,14,1,1,1
241,80,202,517,19,14,1,1,1
242,80,205,516,19,14,1,1,1
243,80,208,515,19,14,1,1,1
244,80,211,515,19,14,1,1,1
245,80,214,514,19,14,1,1,1
246,80,217,513,19,14,1,1,1
247,80,220,513,19,14,1,1,1
248,80,223,512,19,14,1,1,1
249,80,226,511,19,14,1,1,1
250,80,229,511,19,14,1,1,1
251,80,232,510,19,14,1,1,1
252,80,235,509,19,14,1,1,1
253,80,238,509,19,14,1,1,1
254,80,241,508,19,14,1,1,1
255,80,244,507,19,14,1,1,1
256,80,247,507,19,14,1,1,1
257,80,250,506,19,14,1,1,1
258,80,253,505,19,14,1,1,1
259,80,256,505,19,14,1,1,1
260,80,261,503,19,14,1,1,1
261,80,267,502,19,14,1,1,1
262,80,272,501,19,14,1,1,1
263,80,278,499,19,14,1,1,1
264,80,283,498,19,14,1,1,1
265,80,289,497,19,14,1,1,1
266,80,294,495,19,14,1,1,1
267,80,300,494,19,14,1,1,1
268,80,305,493,19,14,1,1,1
269,80,311,492,19,14,1,1,1
200,81,284,585,19,17,1,1,1
201,81,285,582,19,17,1,1,1
202,81,287,580,19,17,1,1,1
203,81,289,577,19,17,1,1,1
204,81,291,575,19,17,1,1,1
205,81,293,573,19,17,1,1,1
206,81,294,570,19,17,1,1,1
207,81,296,568,19,17,1,1,1
208,81,298,565,19,17,1,1,1
209,81,300,563,19,17,1,1,1
210,81,302,561,19,17,1,1,1
211,81,303,558,19,17,1,1,1
212,81,305,556,19,17,1,1,1
213,81,306,554,19,17,1,1,1
214,81,308,552,19,17,1,1,1
215,81,310,550,19,17,1,1,1
216,81,311,548,19,17,1,1,1
217,81,313,546,19,17,1,1,1
218,81,314,544,19,17,1,1,1
219,81,316,542,19,17,1,1,1
220,81,318,540,19,17,1,1,1
221,81,318,539,19,17,1,1,1
222,81,318,538,19,17,1,1,1
223,81,319,537,19,17,1,1,1
224,81,319,536,19,17,1,1,1
225,81,320,536,19,17,1,1,1
226,81,320,535,19,17,1,1,1
227,81,320,534,19,17,1,1,1
228,81,321,533,19,17,1,1,1
229,81,321,532,19,17,1,1,1
230,81,322,532,19,17,1,1,1
231,81,325,530,19,17,1,1,1
232,81,328,529,19,17,1,1,1
233,81,331,527,19,17,1,1,1
234,81,334,526,19,17,1,1,1
235,81,337,525,19,17,1,1,1
236,81,340,523,19,17,1,1,1
237,81,343,522,19,17,1,1,1
238,81,346,520,19,17,1,1,1
239,81,349,519,19,17,1,1,1
240,81,353,518,19,17,1,1,1
241,81,352,510,19,17,1,1,1
242,81,352,503,19,17,1,1,1
243,81,352,496,19,17,1,1,1
244,81,352,489,19,17,1,1,1
245,81,351,482,19,17,1,1,1
246,81,351,475,19,17,1,1,1
247,81,351,468,19,17,1,1,1
248,81,351,461,19,17,1,1,1
249,81,351,454,19,17,1,1,1
250,81,353,452,19,17,1,1,1
251,81,355,450,19,17,1,1,1
252,81,357,449,19,17,1,1,1
253,81,360,447,19,17,1,1,1
254,81,362,446,19,17,1,1,1
255,81,364,444,19,17,1,1,1
256,81,367,442,19,17,1,1,1
257,81,369,441,19,17,1,1,1
258,81,371,439,19,17,1,1,1
259,81,374,438,19,17,1,1,1
260,81,377,436,19,17,1,1,1
261,81,381,435,19,17,1,1,1
262,81,384,434,19,17,1,1,1
263,81,388,433,19,17,1,1,1
264,81,391,432,19,17,1,1,1
265,81,395,431,19,17,1,1,1
266,81,398,430,19,17,1,1,1
267,81,402,429,19,17,1,1,1
268,81,405,428,19,17,1,1,1
269,81,409,427,19,17,1,1,1
120,82,252,0,27,24,1,1,1
121,82,260,0,28,25,1,1,1
122,82,269,0,29,26,1,1,1
123,82,277,0,31,27,1,1,1
124,82,286,0,31,28,1,1,1
125,82,295,0,32,29,1,1,1
126,82,303,0,34,30,1,1,1
127,82,312,0,34,31,1,1,1
128,82,320,0,36,32,1,1,1
129,82,329,0,37,33,1,1,1
130,82,338,0,38,35,1,1,1
131,82,345,0,38,35,1,1,1
132,82,353,0,38,36,1,1,1
133,82,360,1,38,36,1,1,1
134,82,368,1,38,37,1,1,1
135,82,376,2,38,37,1,1,1
136,82,383,2,38,38,1,1,1
137,82,391,2,38,39,1,1,1
138,82,398,3,38,39,1,1,1
139,82,406,3,38,40,1,1,1
200,82,642,0,39,15,1,1,1
201,82,643,0,39,14,1,1,1
202,82,645,0,39,13,1,1,1
203,82,646,0,39,12,1,1,1
204,82,648,0,39,11,1,1,1
205,82,650,0,39,11,1,1,1
206,82,651,0,39,10,1,1,1
207,82,653,0,39,9,1,1,1
208,82,654,0,39,8,1,1,1
209,82,656,0,39,7,1,1,1
