50,14,955,0,93,57,1,1,1
51,14,957,0,90,53,1,1,1
52,14,959,0,88,50,1,1,1
53,14,962,0,85,47,1,1,1
54,14,964,0,83,44,1,1,1
55,14,967,0,80,41,1,1,1
56,14,969,0,78,37,1,1,1
57,14,971,0,76,34,1,1,1
58,14,974,0,73,31,1,1,1
59,14,976,0,71,28,1,1,1
70,19,853,0,35,41,1,1,1
71,19,860,0,35,45,1,1,1
72,19,868,0,35,49,1,1,1
73,19,875,0,35,54,1,1,1
74,19,883,1,35,57,1,1,1
75,19,890,1,35,62,1,1,1
76,19,898,1,35,66,1,1,1
77,19,905,2,35,69,1,1,1
78,19,913,2,35,74,1,1,1
79,19,920,2,35,78,1,1,1
110,19,1087,0,35,60,1,1,1
111,19,1087,0,35,58,1,1,1
112,19,1087,0,35,57,1,1,1
113,19,1087,0,35,55,1,1,1
114,19,1087,0,35,54,1,1,1
115,19,1088,0,35,53,1,1,1
116,19,1088,0,35,51,1,1,1
117,19,1088,0,35,50,1,1,1
118,19,1088,0,35,48,1,1,1
119,19,1088,0,35,47,1,1,1
120,19,1089,0,35,46,1,1,1
121,19,1089,0,35,47,1,1,1
122,19,1090,0,35,49,1,1,1
123,19,1091,0,34,50,1,1,1
124,19,1092,0,34,52,1,1,1
125,19,1093,0,34,53,1,1,1
126,19,1094,0,33,55,1,1,1
127,19,1095,0,33,56,1,1,1
128,19,1096,0,32,58,1,1,1
129,19,1097,0,32,59,1,1,1
130,19,1098,0,32,61,1,1,1
131,19,1095,0,32,63,1,1,1
132,19,1092,0,32,65,1,1,1
133,19,1089,0,32,67,1,1,1
134,19,1086,1,32,68,1,1,1
135,19,1083,1,32,70,1,1,1
136,19,1080,1,32,72,1,1,1
137,19,1077,2,32,73,1,1,1
138,19,1074,2,32,75,1,1,1
139,19,1071,2,32,77,1,1,1
180,19,858,0,37,63,1,1,1
181,19,857,0,37,61,1,1,1
182,19,856,0,37,59,1,1,1
183,19,855,0,37,58,1,1,1
184,19,855,0,37,56,1,1,1
185,19,854,0,37,55,1,1,1
186,19,853,0,37,53,1,1,1
187,19,853,0,37,51,1,1,1
188,19,852,0,37,50,1,1,1
189,19,851,0,37,48,1,1,1
190,19,851,0,37,47,1,1,1
191,19,850,0,37,43,1,1,1
192,19,850,0,37,39,1,1,1
193,19,850,0,37,35,1,1,1
194,19,850,0,37,31,1,1,1
195,19,850,0,37,27,1,1,1
196,19,850,0,37,23,1,1,1
197,19,850,0,37,19,1,1,1
198,19,850,0,37,15,1,1,1
199,19,850,0,37,11,1,1,1
250,19,864,0,37,23,1,1,1
251,19,865,0,37,25,1,1,1
252,19,866,0,37,28,1,1,1
253,19,867,0,37,31,1,1,1
254,19,868,0,37,34,1,1,1
255,19,869,0,37,37,1,1,1
256,19,870,0,37,39,1,1,1
257,19,871,0,37,42,1,1,1
258,19,872,0,37,45,1,1,1
259,19,873,0,37,48,1,1,1
260,19,874,0,37,51,1,1,1
261,19,874,0,37,53,1,1,1
262,19,874,0,37,56,1,1,1
263,19,874,0,37,59,1,1,1
264,19,874,0,37,62,1,1,1
265,19,874,0,38,65,1,1,1
266,19,874,0,38,67,1,1,1
267,19,874,0,38,70,1,1,1
268,19,874,0,38,73,1,1,1
269,19,874,0,38,76,1,1,1
60,21,1169,0,74,40,1,1,1
61,21,1171,0,74,36,1,1,1
62,21,1173,0,74,33,1,1,1
63,21,1175,0,74,30,1,1,1
64,21,1178,0,74,27,1,1,1
65,21,1180,0,74,24,1,1,1
66,21,1182,0,74,21,1,1,1
67,21,1185,0,74,18,1,1,1
68,21,1187,0,74,15,1,1,1
69,21,1189,0,74,12,1,1,1
70,24,1315,0,49,58,1,1,1
71,24,1322,0,49,54,1,1,1
72,24,1329,0,49,51,1,1,1
73,24,1336,0,49,48,1,1,1
74,24,1343,0,49,44,1,1,1
75,24,1350,0,49,41,1,1,1
76,24,1357,0,49,38,1,1,1
77,24,1364,0,49,34,1,1,1
78,24,1371,0,49,31,1,1,1
79,24,1378,0,49,28,1,1,1
0,45,1138,1060,44,20,1,1,1
1,45,1144,1047,48,24,1,1,1
2,45,1151,1034,51,29,1,1,1
3,45,1158,1021,54,33,1,1,1
4,45,1165,1008,58,38,1,1,1
5,45,1172,995,61,42,1,1,1
6,45,1178,982,65,47,1,1,1
7,45,1185,969,69,51,1,1,1
8,45,1192,956,72,56,1,1,1
9,45,1199,943,75,60,1,1,1
0,46,1061,1053,36,23,1,1,1
1,46,1067,1042,38,28,1,1,1
2,46,1074,1031,40,34,1,1,1
3,46,1081,1020,42,40,1,1,1
4,46,1087,1009,45,45,1,1,1
5,46,1094,998,47,51,1,1,1
6,46,1101,987,49,57,1,1,1
7,46,1107,976,52,62,1,1,1
8,46,1114,965,54,68,1,1,1
9,46,1121,954,56,74,1,1,1
0,50,775,1047,68,33,1,1,1
1,50,781,1038,69,36,1,1,1
2,50,788,1030,70,39,1,1,1
3,50,794,1022,71,42,1,1,1
4,50,801,1014,72,44,1,1,1
5,50,807,1006,73,47,1,1,1
6,50,814,998,74,50,1,1,1
7,50,820,990,75,52,1,1,1
8,50,827,982,76,55,1,1,1
9,50,833,974,77,58,1,1,1
20,52,732,1035,66,42,1,1,1
21,52,731,1024,66,45,1,1,1
22,52,730,1014,67,47,1,1,1
23,52,729,1003,68,50,1,1,1
24,52,728,993,69,52,1,1,1
25,52,727,982,70,55,1,1,1
26,52,726,972,71,57,1,1,1
27,52,725,961,72,60,1,1,1
28,52,724,951,73,62,1,1,1
29,52,723,940,74,65,1,1,1
230,53,946,0,79,58,1,1,1
231,53,946,0,79,57,1,1,1
232,53,947,0,79,56,1,1,1
233,53,948,0,79,55,1,1,1
234,53,948,0,79,54,1,1,1
235,53,949,0,79,53,1,1,1
236,53,950,0,79,52,1,1,1
237,53,950,0,79,51,1,1,1
238,53,951,0,79,50,1,1,1
239,53,952,0,79,49,1,1,1
240,53,953,0,79,48,1,1,1
241,53,954,0,79,48,1,1,1
242,53,955,0,79,48,1,1,1
243,53,956,0,79,48,1,1,1
244,53,957,0,79,48,1,1,1
245,53,958,0,79,48,1,1,1
246,53,959,0,79,48,1,1,1
247,53,960,0,79,48,1,1,1
248,53,961,0,79,48,1,1,1
249,53,962,0,79,48,1,1,1
250,53,963,0,79,48,1,1,1
251,53,963,0,79,48,1,1,1
252,53,964,0,79,48,1,1,1
253,53,964,0,79,48,1,1,1
254,53,965,0,79,48,1,1,1
255,53,965,0,79,48,1,1,1
256,53,966,0,79,48,1,1,1
257,53,966,0,79,48,1,1,1
258,53,967,0,79,48,1,1,1
259,53,967,0,79,48,1,1,1
260,53,968,0,79,48,1,1,1
261,53,967,0,79,48,1,1,1
262,53,967,0,79,49,1,1,1
263,53,967,0,79,50,1,1,1
264,53,967,0,79,50,1,1,1
265,53,967,0,79,51,1,1,1
266,53,967,0,79,52,1,1,1
267,53,967,0,79,52,1,1,1
268,53,967,0,79,53,1,1,1
269,53,967,0,79,54,1,1,1
270,53,967,0,79,55,1,1,1
271,53,967,0,79,54,1,1,1
272,53,967,0,79,54,1,1,1
273,53,967,0,79,54,1,1,1
274,53,967,0,79,54,1,1,1
275,53,967,0,79,54,1,1,1
276,53,967,0,79,54,1,1,1
277,53,967,0,79,54,1,1,1
278,53,967,0,79,54,1,1,1
279,53,967,0,79,54,1,1,1
280,53,968,0,79,54,1,1,1
281,53,969,0,79,54,1,1,1
282,53,970,0,79,54,1,1,1
283,53,971,0,79,54,1,1,1
284,53,972,0,79,54,1,1,1
285,53,973,0,79,54,1,1,1
286,53,974,0,79,54,1,1,1
287,53,975,0,79,54,1,1,1
288,53,976,0,79,54,1,1,1
289,53,977,0,79,54,1,1,1
290,53,978,0,79,54,1,1,1
291,53,978,0,78,54,1,1,1
292,53,978,0,78,54,1,1,1
293,53,978,0,78,54,1,1,1
294,53,978,0,78,55,1,1,1
295,53,978,0,78,55,1,1,1
296,53,978,0,78,55,1,1,1
297,53,978,0,78,56,1,1,1
298,53,978,0,78,56,1,1,1
299,53,978,0,78,56,1,1,1
300,53,978,0,78,57,1,1,1
301,53,978,0,78,57,1,1,1
302,53,978,0,78,57,1,1,1
303,53,978,0,78,58,1,1,1
304,53,978,0,78,58,1,1,1
305,53,978,0,78,58,1,1,1
306,53,978,0,78,59,1,1,1
307,53,978,0,78,59,1,1,1
308,53,978,0,78,59,1,1,1
309,53,979,0,77,60,1,1,1
10,54,936,1026,91,51,1,1,1
11,54,935,1015,91,53,1,1,1
12,54,934,1005,91,54,1,1,1
13,54,933,995,91,56,1,1,1
14,54,932,985,91,57,1,1,1
15,54,931,975,91,59,1,1,1
16,54,930,964,91,61,1,1,1
17,54,929,954,91,62,1,1,1
18,54,928,944,91,64,1,1,1
19,54,927,934,91,65,1,1,1
20,57,837,1058,52,19,1,1,1
21,57,836,1047,55,23,1,1,1
22,57,836,1036,58,27,1,1,1
23,57,835,1026,61,31,1,1,1
24,57,835,1015,64,35,1,1,1
25,57,834,1005,68,39,1,1,1
26,57,834,994,70,43,1,1,1
27,57,833,983,74,47,1,1,1
28,57,833,973,76,51,1,1,1
29,57,832,962,80,55,1,1,1
30,59,795,1052,77,26,1,1,1
31,59,795,1044,77,28,1,1,1
32,59,795,1037,77,30,1,1,1
33,59,795,1029,77,33,1,1,1
34,59,795,1022,77,34,1,1,1
35,59,795,1014,77,37,1,1,1
36,59,795,1007,77,39,1,1,1
37,59,795,999,77,41,1,1,1
38,59,795,992,77,43,1,1,1
39,59,795,984,77,46,1,1,1
240,59,1065,0,79,53,1,1,1
241,59,1065,0,79,53,1,1,1
242,59,1065,0,79,53,1,1,1
243,59,1065,0,79,53,1,1,1
244,59,1065,0,79,53,1,1,1
245,59,1066,0,79,53,1,1,1
246,59,1066,0,79,53,1,1,1
247,59,1066,0,79,53,1,1,1
248,59,1066,0,79,53,1,1,1
249,59,1066,0,79,53,1,1,1
250,59,1067,0,79,53,1,1,1
251,59,1067,0,79,53,1,1,1
252,59,1068,0,79,53,1,1,1
253,59,1068,0,79,53,1,1,1
254,59,1069,0,79,53,1,1,1
255,59,1070,0,79,53,1,1,1
256,59,1070,0,79,53,1,1,1
257,59,1071,0,79,53,1,1,1
258,59,1071,0,79,53,1,1,1
259,59,1072,0,79,53,1,1,1
260,59,1073,0,79,53,1,1,1
261,59,1073,0,79,53,1,1,1
262,59,1073,0,79,53,1,1,1
263,59,1073,0,79,53,1,1,1
264,59,1074,0,79,53,1,1,1
265,59,1074,0,79,53,1,1,1
266,59,1074,0,79,53,1,1,1
267,59,1075,0,79,53,1,1,1
268,59,1075,0,79,53,1,1,1
269,59,1075,0,79,53,1,1,1
0,66,453,1034,82,44,1,1,1
1,66,459,1031,82,45,1,1,1
2,66,466,1028,82,47,1,1,1
3,66,473,1026,81,48,1,1,1
4,66,480,1023,81,50,1,1,1
5,66,487,1021,81,51,1,1,1
6,66,493,1018,81,52,1,1,1
7,66,500,1015,81,54,1,1,1
8,66,507,1013,80,55,1,1,1
9,66,514,1010,80,57,1,1,1
10,67,505,1045,78,32,1,1,1
11,67,504,1035,78,34,1,1,1
12,67,503,1026,78,36,1,1,1
13,67,502,1017,78,38,1,1,1
14,67,501,1008,78,40,1,1,1
15,67,500,999,79,42,1,1,1
16,67,499,989,79,44,1,1,1
17,67,498,980,79,46,1,1,1
18,67,497,971,79,48,1,1,1
19,67,496,962,79,50,1,1,1
20,69,459,1053,77,25,1,1,1
21,69,457,1042,77,27,1,1,1
22,69,456,1032,77,29,1,1,1
23,69,455,1022,76,30,1,1,1
24,69,454,1011,76,33,1,1,1
25,69,453,1001,76,34,1,1,1
26,69,451,991,76,36,1,1,1
27,69,450,980,76,38,1,1,1
28,69,449,970,75,40,1,1,1
29,69,448,960,75,41,1,1,1
20,70,557,1061,40,16,1,1,1
21,70,554,1050,41,22,1,1,1
22,70,551,1039,43,28,1,1,1
23,70,548,1028,45,34,1,1,1
24,70,546,1017,46,40,1,1,1
25,70,543,1007,48,46,1,1,1
26,70,540,996,49,52,1,1,1
27,70,538,985,50,58,1,1,1
28,70,535,974,52,64,1,1,1
29,70,532,963,54,70,1,1,1
30,71,473,1042,55,36,1,1,1
31,71,472,1035,55,41,1,1,1
32,71,472,1028,55,46,1,1,1
33,71,472,1021,55,51,1,1,1
34,71,472,1015,54,55,1,1,1
35,71,472,1008,54,60,1,1,1
36,71,471,1001,55,65,1,1,1
37,71,471,995,54,69,1,1,1
38,71,471,988,54,74,1,1,1
39,71,471,981,54,79,1,1,1
40,72,364,1044,76,34,1,1,1
41,72,364,1039,75,36,1,1,1
42,72,364,1034,75,38,1,1,1
43,72,364,1029,75,41,1,1,1
44,72,364,1025,75,42,1,1,1
45,72,364,1020,75,45,1,1,1
46,72,364,1015,75,47,1,1,1
47,72,364,1011,75,48,1,1,1
48,72,364,1006,75,51,1,1,1
49,72,364,1001,75,53,1,1,1
80,75,568,1054,36,23,1,1,1
81,75,578,1050,37,27,1,1,1
82,75,589,1046,38,31,1,1,1
83,75,599,1042,39,35,1,1,1
84,75,610,1039,40,38,1,1,1
85,75,620,1035,41,43,1,1,1
86,75,631,1031,42,47,1,1,1
87,75,641,1028,43,50,1,1,1
88,75,652,1024,44,54,1,1,1
89,75,662,1020,45,58,1,1,1
90,75,673,1017,46,62,1,1,1
91,75,685,1009,46,63,1,1,1
92,75,697,1001,46,64,1,1,1
93,75,710,993,45,65,1,1,1
94,75,722,985,45,66,1,1,1
95,75,735,977,44,67,1,1,1
96,75,747,969,44,68,1,1,1
97,75,759,961,44,69,1,1,1
98,75,772,953,43,70,1,1,1
99,75,784,945,43,71,1,1,1
90,76,571,1050,86,27,1,1,1
91,76,583,1042,86,29,1,1,1
92,76,595,1035,86,31,1,1,1
93,76,607,1028,86,33,1,1,1
94,76,619,1021,86,35,1,1,1
95,76,632,1014,85,37,1,1,1
96,76,644,1006,85,39,1,1,1
97,76,656,999,85,41,1,1,1
98,76,668,992,85,43,1,1,1
99,76,680,985,85,45,1,1,1
100,77,764,1032,59,46,1,1,1
101,77,772,1023,59,53,1,1,1
102,77,780,1015,59,59,1,1,1
103,77,788,1006,60,67,1,1,1
104,77,797,998,59,73,1,1,1
105,77,805,989,60,81,1,1,1
106,77,813,981,60,87,1,1,1
107,77,822,972,59,94,1,1,1
108,77,830,964,60,101,1,1,1
109,77,838,955,60,108,1,1,1
60,80,618,1058,38,18,1,1,1
61,80,625,1057,38,19,1,1,1
62,80,632,1056,38,20,1,1,1
63,80,640,1055,38,22,1,1,1
64,80,647,1054,38,23,1,1,1
65,80,655,1054,38,24,1,1,1
66,80,662,1053,38,25,1,1,1
67,80,669,1052,38,26,1,1,1
68,80,677,1051,38,28,1,1,1
69,80,684,1050,38,29,1,1,1
70,80,692,1050,38,30,1,1,1
71,80,697,1046,40,34,1,1,1
72,80,703,1042,41,38,1,1,1
73,80,708,1038,43,42,1,1,1
74,80,714,1034,44,46,1,1,1
75,80,719,1030,46,50,1,1,1
76,80,725,1026,47,54,1,1,1
77,80,730,1022,49,58,1,1,1
78,80,736,1018,50,62,1,1,1
79,80,741,1014,52,66,1,1,1
80,80,747,1010,53,70,1,1,1
81,80,758,1005,52,71,1,1,1
82,80,769,1000,52,73,1,1,1
83,80,780,995,52,75,1,1,1
84,80,792,990,51,76,1,1,1
85,80,803,985,51,78,1,1,1
86,80,814,980,50,80,1,1,1
87,80,826,975,49,81,1,1,1
88,80,837,970,49,83,1,1,1
89,80,848,965,49,85,1,1,1
90,81,1025,1020,48,60,1,1,1
91,81,1036,1010,49,62,1,1,1
92,81,1048,1000,49,65,1,1,1
93,81,1059,990,50,67,1,1,1
94,81,1071,980,51,70,1,1,1
95,81,1083,971,51,72,1,1,1
96,81,1094,961,52,74,1,1,1
97,81,1106,951,53,77,1,1,1
98,81,1117,941,54,79,1,1,1
99,81,1129,931,54,82,1,1,1
120,86,1078,1050,40,27,1,1,1
121,86,1079,1046,40,31,1,1,1
122,86,1081,1043,40,34,1,1,1
123,86,1083,1039,40,38,1,1,1
124,86,1085,1036,39,41,1,1,1
125,86,1087,1032,39,46,1,1,1
126,86,1088,1029,40,49,1,1,1
127,86,1090,1025,39,53,1,1,1
128,86,1092,1022,39,56,1,1,1
129,86,1094,1018,39,60,1,1,1
130,86,1096,1015,39,64,1,1,1
131,86,1093,1012,39,67,1,1,1
132,86,1091,1009,39,70,1,1,1
133,86,1089,1006,39,73,1,1,1
134,86,1087,1003,39,76,1,1,1
135,86,1085,1000,39,79,1,1,1
136,86,1082,997,39,82,1,1,1
137,86,1080,994,39,85,1,1,1
138,86,1078,991,39,88,1,1,1
139,86,1076,988,39,91,1,1,1
130,88,1167,1031,74,47,1,1,1
131,88,1165,1028,74,49,1,1,1
132,88,1163,1026,74,50,1,1,1
133,88,1161,1023,74,52,1,1,1
134,88,1159,1021,74,54,1,1,1
135,88,1158,1018,74,56,1,1,1
136,88,1156,1016,74,57,1,1,1
137,88,1154,1013,74,60,1,1,1
138,88,1152,1011,74,61,1,1,1
139,88,1150,1008,74,63,1,1,1
210,93,1097,1044,67,34,1,1,1
211,93,1100,1039,67,37,1,1,1
212,93,1103,1034,68,40,1,1,1
213,93,1106,1029,68,43,1,1,1
214,93,1110,1025,68,45,1,1,1
215,93,1113,1020,69,48,1,1,1
216,93,1116,1015,69,51,1,1,1
217,93,1120,1011,69,53,1,1,1
218,93,1123,1006,69,56,1,1,1
219,93,1126,1001,70,59,1,1,1
210,94,1000,1058,36,20,1,1,1
211,94,1003,1053,36,23,1,1,1
212,94,1006,1048,36,26,1,1,1
213,94,1009,1043,36,29,1,1,1
214,94,1012,1038,36,32,1,1,1
215,94,1015,1033,36,36,1,1,1
216,94,1018,1028,36,39,1,1,1
217,94,1021,1023,36,42,1,1,1
218,94,1024,1018,36,45,1,1,1
219,94,1027,1013,36,48,1,1,1
230,96,1314,1050,39,27,1,1,1
231,96,1314,1049,39,28,1,1,1
232,96,1314,1048,39,29,1,1,1
233,96,1314,1047,39,30,1,1,1
234,96,1315,1047,38,30,1,1,1
235,96,1315,1046,39,31,1,1,1
236,96,1315,1045,39,32,1,1,1
237,96,1316,1045,38,32,1,1,1
238,96,1316,1044,38,33,1,1,1
239,96,1316,1043,38,34,1,1,1
240,96,1317,1043,38,35,1,1,1
241,96,1317,1043,38,35,1,1,1
242,96,1317,1043,38,35,1,1,1
243,96,1317,1043,38,35,1,1,1
244,96,1317,1044,38,34,1,1,1
245,96,1317,1044,38,34,1,1,1
246,96,1317,1044,38,34,1,1,1
247,96,1317,1045,38,33,1,1,1
248,96,1317,1045,38,33,1,1,1
249,96,1317,1045,38,33,1,1,1
250,96,1317,1046,38,32,1,1,1
251,96,1317,1046,38,32,1,1,1
252,96,1317,1046,38,32,1,1,1
253,96,1317,1046,38,32,1,1,1
254,96,1317,1047,38,31,1,1,1
255,96,1318,1047,38,31,1,1,1
256,96,1318,1047,38,31,1,1,1
257,96,1318,1048,38,30,1,1,1
258,96,1318,1048,38,30,1,1,1
259,96,1318,1048,38,30,1,1,1
260,96,1318,1049,38,29,1,1,1
261,96,1318,1049,38,29,1,1,1
262,96,1318,1049,38,29,1,1,1
263,96,1318,1049,38,29,1,1,1
264,96,1318,1050,38,28,1,1,1
265,96,1318,1050,38,28,1,1,1
266,96,1318,1050,38,28,1,1,1
267,96,1318,1051,38,27,1,1,1
268,96,1318,1051,38,27,1,1,1
269,96,1318,1051,38,27,1,1,1
270,96,1319,1052,38,26,1,1,1
271,96,1318,1052,38,26,1,1,1
272,96,1318,1052,38,26,1,1,1
273,96,1318,1052,38,26,1,1,1
274,96,1318,1053,38,25,1,1,1
275,96,1318,1053,38,25,1,1,1
276,96,1317,1053,38,25,1,1,1
277,96,1317,1054,38,24,1,1,1
278,96,1317,1054,38,24,1,1,1
279,96,1317,1054,38,24,1,1,1
280,96,1317,1055,38,23,1,1,1
281,96,1316,1055,38,23,1,1,1
282,96,1316,1055,38,23,1,1,1
283,96,1316,1055,38,23,1,1,1
284,96,1316,1055,38,23,1,1,1
285,96,1316,1056,38,22,1,1,1
286,96,1316,1056,37,22,1,1,1
287,96,1316,1056,37,22,1,1,1
288,96,1316,1056,37,22,1,1,1
289,96,1316,1056,37,22,1,1,1
290,96,1316,1057,37,21,1,1,1
291,96,1316,1057,37,21,1,1,1
292,96,1316,1057,37,21,1,1,1
293,96,1316,1057,37,21,1,1,1
294,96,1316,1057,37,21,1,1,1
295,96,1316,1057,37,21,1,1,1
296,96,1316,1057,37,21,1,1,1
297,96,1316,1057,37,21,1,1,1
298,96,1316,1057,37,21,1,1,1
299,96,1316,1057,37,21,1,1,1
300,96,1316,1057,37,21,1,1,1
301,96,1316,1057,37,21,1,1,1
302,96,1316,1057,37,21,1,1,1
303,96,1316,1057,37,21,1,1,1
304,96,1316,1057,37,21,1,1,1
305,96,1316,1057,37,21,1,1,1
306,96,1316,1057,37,21,1,1,1
307,96,1316,1057,37,21,1,1,1
308,96,1316,1057,37,21,1,1,1
309,96,1316,1057,37,21,1,1,1
230,97,1369,1048,41,30,1,1,1
231,97,1369,1047,41,31,1,1,1
232,97,1369,1047,41,31,1,1,1
233,97,1369,1046,41,32,1,1,1
234,97,1370,1046,40,32,1,1,1
235,97,1370,1046,41,32,1,1,1
236,97,1370,1045,41,33,1,1,1
237,97,1371,1045,40,33,1,1,1
238,97,1371,1044,40,34,1,1,1
239,97,1371,1044,40,34,1,1,1
240,97,1372,1044,40,35,1,1,1
241,97,1372,1044,40,35,1,1,1
242,97,1372,1044,40,35,1,1,1
243,97,1372,1044,40,35,1,1,1
244,97,1372,1044,40,35,1,1,1
245,97,1372,1044,40,35,1,1,1
246,97,1372,1044,40,35,1,1,1
247,97,1372,1044,40,35,1,1,1
248,97,1372,1045,40,34,1,1,1
249,97,1372,1045,40,34,1,1,1
250,97,1372,1045,40,34,1,1,1
251,97,1372,1045,40,34,1,1,1
252,97,1372,1045,40,34,1,1,1
253,97,1372,1045,40,34,1,1,1
254,97,1372,1045,40,34,1,1,1
255,97,1372,1046,40,33,1,1,1
256,97,1372,1046,40,33,1,1,1
257,97,1372,1046,40,33,1,1,1
258,97,1372,1046,40,33,1,1,1
259,97,1372,1046,40,33,1,1,1
260,97,1372,1046,40,33,1,1,1
261,97,1372,1046,40,33,1,1,1
262,97,1372,1046,40,33,1,1,1
263,97,1372,1047,40,32,1,1,1
264,97,1372,1047,40,32,1,1,1
265,97,1372,1047,40,32,1,1,1
266,97,1372,1047,40,32,1,1,1
267,97,1372,1047,40,32,1,1,1
268,97,1372,1047,40,32,1,1,1
269,97,1372,1047,40,32,1,1,1
270,97,1373,1048,40,31,1,1,1
271,97,1372,1048,40,31,1,1,1
272,97,1372,1048,40,31,1,1,1
273,97,1372,1048,40,31,1,1,1
274,97,1372,1049,40,30,1,1,1
275,97,1372,1049,40,30,1,1,1
276,97,1372,1049,40,30,1,1,1
277,97,1372,1050,40,29,1,1,1
278,97,1372,1050,40,29,1,1,1
279,97,1372,1050,40,29,1,1,1
280,97,1372,1051,40,28,1,1,1
281,97,1371,1051,40,28,1,1,1
282,97,1371,1052,40,27,1,1,1
283,97,1371,1052,40,27,1,1,1
284,97,1371,1053,39,26,1,1,1
285,97,1371,1053,39,26,1,1,1
286,97,1371,1054,39,25,1,1,1
287,97,1371,1054,38,25,1,1,1
288,97,1371,1055,38,24,1,1,1
289,97,1371,1055,38,24,1,1,1
290,97,1371,1056,38,23,1,1,1
291,97,1371,1056,38,23,1,1,1
292,97,1371,1056,38,23,1,1,1
293,97,1371,1057,38,22,1,1,1
294,97,1371,1057,38,22,1,1,1
295,97,1371,1057,38,22,1,1,1
296,97,1371,1058,38,21,1,1,1
297,97,1372,1058,38,21,1,1,1
298,97,1372,1058,38,21,1,1,1
299,97,1372,1059,38,20,1,1,1
300,97,1372,1059,38,20,1,1,1
301,97,1372,1060,38,19,1,1,1
302,97,1372,1060,38,19,1,1,1
303,97,1373,1060,38,19,1,1,1
304,97,1373,1061,38,18,1,1,1
305,97,1373,1061,38,18,1,1,1
306,97,1373,1061,38,18,1,1,1
307,97,1373,1062,38,17,1,1,1
308,97,1373,1062,38,17,1,1,1
309,97,1374,1063,38,17,1,1,1
120,98,1333,1038,52,39,1,1,1
121,98,1334,1034,52,43,1,1,1
122,98,1335,1031,52,46,1,1,1
123,98,1336,1028,52,49,1,1,1
124,98,1337,1024,52,53,1,1,1
125,98,1338,1021,52,57,1,1,1
126,98,1339,1018,52,60,1,1,1
127,98,1340,1014,52,64,1,1,1
128,98,1341,1011,52,67,1,1,1
129,98,1342,1008,52,70,1,1,1
130,98,1344,1005,51,74,1,1,1
131,98,1342,1001,51,76,1,1,1
132,98,1340,998,51,78,1,1,1
133,98,1338,995,51,79,1,1,1
134,98,1336,992,51,81,1,1,1
135,98,1334,989,51,82,1,1,1
136,98,1332,986,51,84,1,1,1
137,98,1330,983,51,85,1,1,1
138,98,1328,980,51,87,1,1,1
139,98,1326,977,51,88,1,1,1
200,99,775,1038,49,40,1,1,1
201,99,774,1034,49,44,1,1,1
202,99,773,1030,50,48,1,1,1
203,99,772,1026,51,52,1,1,1
204,99,771,1022,52,56,1,1,1
205,99,770,1018,53,60,1,1,1
206,99,769,1014,54,64,1,1,1
207,99,768,1010,55,68,1,1,1
208,99,767,1006,56,72,1,1,1
209,99,766,1002,57,76,1,1,1
230,100,813,1053,50,25,1,1,1
231,100,813,1052,49,26,1,1,1
232,100,813,1052,49,26,1,1,1
233,100,813,1051,49,27,1,1,1
234,100,813,1051,49,27,1,1,1
235,100,813,1051,49,27,1,1,1
236,100,813,1050,49,28,1,1,1
237,100,813,1050,49,28,1,1,1
238,100,813,1049,49,29,1,1,1
239,100,813,1049,49,29,1,1,1
240,100,813,1049,49,29,1,1,1
241,100,813,1049,49,29,1,1,1
242,100,813,1049,49,29,1,1,1
243,100,813,1049,49,29,1,1,1
244,100,813,1049,49,29,1,1,1
245,100,813,1049,49,29,1,1,1
246,100,813,1049,49,29,1,1,1
247,100,813,1049,49,29,1,1,1
248,100,813,1049,49,29,1,1,1
249,100,813,1049,49,29,1,1,1
250,100,813,1049,49,29,1,1,1
251,100,813,1049,49,29,1,1,1
252,100,813,1049,49,29,1,1,1
253,100,813,1049,49,29,1,1,1
254,100,813,1049,49,29,1,1,1
255,100,813,1049,49,29,1,1,1
256,100,813,1049,49,29,1,1,1
257,100,813,1049,49,29,1,1,1
258,100,813,1049,49,29,1,1,1
259,100,813,1049,49,29,1,1,1
260,100,813,1049,49,29,1,1,1
261,100,813,1049,49,29,1,1,1
262,100,813,1049,49,29,1,1,1
263,100,813,1049,49,29,1,1,1
264,100,813,1049,49,29,1,1,1
265,100,813,1049,49,29,1,1,1
266,100,813,1049,49,29,1,1,1
267,100,813,1049,49,29,1,1,1
268,100,813,1049,49,29,1,1,1
269,100,813,1049,49,29,1,1,1
270,100,813,1049,49,29,1,1,1
271,100,813,1049,49,29,1,1,1
272,100,813,1049,49,29,1,1,1
273,100,813,1049,49,29,1,1,1
274,100,813,1049,49,29,1,1,1
275,100,813,1049,49,29,1,1,1
276,100,813,1049,49,29,1,1,1
277,100,813,1049,49,29,1,1,1
278,100,813,1049,49,29,1,1,1
279,100,813,1049,49,29,1,1,1
280,100,813,1049,49,29,1,1,1
281,100,813,1049,49,29,1,1,1
282,100,813,1049,49,29,1,1,1
283,100,813,1049,49,29,1,1,1
284,100,813,1049,49,29,1,1,1
285,100,813,1049,49,29,1,1,1
286,100,813,1049,49,29,1,1,1
287,100,813,1049,49,29,1,1,1
288,100,813,1049,49,29,1,1,1
289,100,813,1049,49,29,1,1,1
290,100,813,1049,49,29,1,1,1
291,100,813,1049,49,29,1,1,1
292,100,813,1049,49,29,1,1,1
293,100,813,1049,49,29,1,1,1
294,100,813,1049,49,29,1,1,1
295,100,813,1049,49,29,1,1,1
296,100,813,1049,49,29,1,1,1
297,100,813,1049,49,29,1,1,1
298,100,813,1049,49,29,1,1,1
299,100,813,1049,49,29,1,1,1
300,100,813,1049,49,29,1,1,1
301,100,813,1049,49,29,1,1,1
302,100,813,1049,49,29,1,1,1
303,100,813,1049,49,29,1,1,1
304,100,813,1049,49,29,1,1,1
305,100,813,1049,49,29,1,1,1
306,100,813,1049,49,29,1,1,1
307,100,813,1049,49,29,1,1,1
308,100,813,1049,49,29,1,1,1
309,100,813,1049,49,29,1,1,1
210,101,635,1035,59,44,1,1,1
211,101,636,1029,60,47,1,1,1
212,101,638,1024,61,50,1,1,1
213,101,639,1018,62,53,1,1,1
214,101,641,1013,63,56,1,1,1
215,101,643,1008,64,59,1,1,1
216,101,644,1002,65,62,1,1,1
217,101,646,997,66,65,1,1,1
218,101,647,991,67,68,1,1,1
219,101,649,986,68,71,1,1,1
280,101,740,965,64,75,1,1,1
281,101,740,965,64,75,1,1,1
282,101,740,965,64,75,1,1,1
283,101,740,965,64,75,1,1,1
284,101,740,966,64,74,1,1,1
285,101,740,966,64,75,1,1,1
286,101,740,966,64,75,1,1,1
287,101,740,967,64,74,1,1,1
288,101,740,967,64,74,1,1,1
289,101,740,967,64,74,1,1,1
290,101,740,968,64,74,1,1,1
291,101,739,967,64,75,1,1,1
292,101,739,967,64,75,1,1,1
293,101,739,967,64,76,1,1,1
294,101,739,967,64,76,1,1,1
295,101,739,967,64,77,1,1,1
296,101,739,967,64,77,1,1,1
297,101,739,967,63,77,1,1,1
298,101,739,967,63,78,1,1,1
299,101,739,967,63,78,1,1,1
300,101,738,967,64,79,1,1,1
301,101,738,967,64,79,1,1,1
302,101,738,967,64,80,1,1,1
303,101,738,967,63,80,1,1,1
304,101,738,967,63,80,1,1,1
305,101,738,967,63,81,1,1,1
306,101,738,967,63,81,1,1,1
307,101,738,967,63,82,1,1,1
308,101,738,967,63,82,1,1,1
309,101,738,967,63,83,1,1,1
220,102,683,1065,41,13,1,1,1
221,102,691,1064,41,14,1,1,1
222,102,700,1063,41,15,1,1,1
223,102,709,1062,40,16,1,1,1
224,102,718,1062,40,16,1,1,1
225,102,727,1061,39,17,1,1,1
226,102,735,1060,40,18,1,1,1
227,102,744,1060,39,18,1,1,1
228,102,753,1059,39,19,1,1,1
229,102,762,1058,38,20,1,1,1
230,102,771,1058,38,20,1,1,1
231,102,770,1056,39,22,1,1,1
232,102,769,1055,40,23,1,1,1
233,102,768,1054,41,24,1,1,1
234,102,767,1053,42,25,1,1,1
235,102,767,1052,42,26,1,1,1
236,102,766,1051,43,27,1,1,1
237,102,765,1050,44,28,1,1,1
238,102,764,1049,45,29,1,1,1
239,102,763,1048,46,30,1,1,1
240,102,763,1047,47,31,1,1,1
241,102,762,1047,47,31,1,1,1
242,102,762,1047,47,31,1,1,1
243,102,762,1047,47,31,1,1,1
244,102,762,1047,47,31,1,1,1
245,102,762,1047,47,31,1,1,1
246,102,762,1047,47,31,1,1,1
247,102,762,1047,47,31,1,1,1
248,102,762,1047,47,31,1,1,1
249,102,762,1047,47,31,1,1,1
250,102,762,1047,47,31,1,1,1
251,102,762,1047,47,31,1,1,1
252,102,762,1047,47,31,1,1,1
253,102,762,1047,47,31,1,1,1
254,102,762,1047,47,31,1,1,1
255,102,762,1047,47,31,1,1,1
256,102,762,1047,47,31,1,1,1
257,102,762,1048,47,30,1,1,1
258,102,762,1048,47,30,1,1,1
259,102,762,1048,47,30,1,1,1
260,102,762,1048,47,30,1,1,1
261,102,762,1048,47,30,1,1,1
262,102,762,1048,47,30,1,1,1
263,102,762,1048,47,30,1,1,1
264,102,762,1048,47,30,1,1,1
265,102,762,1048,47,30,1,1,1
266,102,761,1048,47,30,1,1,1
267,102,761,1048,47,30,1,1,1
268,102,761,1048,47,30,1,1,1
269,102,761,1048,47,30,1,1,1
270,102,761,1048,47,30,1,1,1
271,102,761,1048,47,30,1,1,1
272,102,761,1048,47,30,1,1,1
273,102,761,1048,47,30,1,1,1
274,102,761,1049,47,29,1,1,1
275,102,761,1049,47,29,1,1,1
276,102,761,1049,47,29,1,1,1
277,102,761,1049,47,29,1,1,1
278,102,761,1049,47,29,1,1,1
279,102,761,1049,47,29,1,1,1
280,102,761,1049,47,29,1,1,1
281,102,761,1049,47,29,1,1,1
282,102,761,1049,47,29,1,1,1
283,102,761,1049,47,29,1,1,1
284,102,761,1049,47,29,1,1,1
285,102,761,1049,47,29,1,1,1
286,102,761,1049,47,29,1,1,1
287,102,761,1049,47,29,1,1,1
288,102,761,1049,47,29,1,1,1
289,102,761,1049,47,29,1,1,1
290,102,761,1050,47,28,1,1,1
291,102,761,1050,47,28,1,1,1
292,102,761,1051,47,27,1,1,1
293,102,761,1052,47,26,1,1,1
294,102,762,1053,47,25,1,1,1
295,102,762,1054,47,24,1,1,1
296,102,762,1055,47,23,1,1,1
297,102,763,1056,47,22,1,1,1
298,102,763,1057,47,21,1,1,1
299,102,763,1058,47,20,1,1,1
220,105,0,172,34,67,1,1,1
221,105,0,179,32,67,1,1,1
222,105,0,187,31,67,1,1,1
223,105,0,194,30,67,1,1,1
224,105,0,202,29,67,1,1,1
225,105,0,210,28,67,1,1,1
226,105,0,217,26,67,1,1,1
227,105,0,225,25,67,1,1,1
228,105,0,232,24,67,1,1,1
229,105,0,240,23,67,1,1,1
230,105,0,248,22,67,1,1,1
231,105,0,246,22,67,1,1,1
232,105,0,244,22,67,1,1,1
233,105,0,243,23,66,1,1,1
234,105,0,241,23,67,1,1,1
235,105,0,240,24,66,1,1,1
236,105,0,238,24,66,1,1,1
237,105,0,236,24,67,1,1,1
238,105,0,235,25,66,1,1,1
239,105,0,233,25,66,1,1,1
240,105,0,232,26,66,1,1,1
241,105,0,232,26,66,1,1,1
242,105,0,232,26,66,1,1,1
243,105,0,232,27,66,1,1,1
244,105,0,232,27,66,1,1,1
245,105,0,232,28,66,1,1,1
246,105,0,232,28,66,1,1,1
247,105,0,232,28,66,1,1,1
248,105,0,232,29,66,1,1,1
249,105,0,232,29,66,1,1,1
250,105,0,232,30,66,1,1,1
251,105,0,232,30,66,1,1,1
252,105,0,232,30,66,1,1,1
253,105,0,232,31,66,1,1,1
254,105,0,232,31,66,1,1,1
255,105,0,232,32,66,1,1,1
256,105,0,232,32,66,1,1,1
257,105,0,232,32,66,1,1,1
258,105,0,232,33,66,1,1,1
259,105,0,232,33,66,1,1,1
260,105,0,232,34,66,1,1,1
261,105,0,231,34,66,1,1,1
262,105,0,231,35,66,1,1,1
263,105,0,231,35,66,1,1,1
264,105,0,231,36,66,1,1,1
265,105,0,231,37,66,1,1,1
266,105,0,231,37,66,1,1,1
267,105,0,231,38,66,1,1,1
268,105,0,231,38,66,1,1,1
269,105,0,231,39,66,1,1,1
90,106,0,382,65,78,1,1,1
91,106,6,379,67,78,1,1,1
92,106,13,376,69,78,1,1,1
93,106,19,373,71,78,1,1,1
94,106,26,370,73,78,1,1,1
95,106,32,368,76,78,1,1,1
96,106,39,365,77,78,1,1,1
97,106,45,362,80,78,1,1,1
98,106,52,359,81,78,1,1,1
99,106,58,356,84,78,1,1,1
170,106,0,143,54,63,1,1,1
171,106,0,139,51,61,1,1,1
172,106,0,135,48,60,1,1,1
173,106,0,132,45,58,1,1,1
174,106,0,128,42,57,1,1,1
175,106,0,125,40,55,1,1,1
176,106,0,121,37,53,1,1,1
177,106,0,117,34,52,1,1,1
178,106,0,114,31,50,1,1,1
179,106,0,110,28,49,1,1,1
180,106,0,107,26,47,1,1,1
181,106,0,102,26,47,1,1,1
182,106,0,97,27,47,1,1,1
183,106,0,92,28,47,1,1,1
184,106,0,87,29,47,1,1,1
185,106,0,83,30,47,1,1,1
186,106,0,78,31,47,1,1,1
187,106,0,73,32,47,1,1,1
188,106,0,68,33,47,1,1,1
189,106,0,63,34,47,1,1,1
190,106,1,59,34,47,1,1,1
191,106,0,53,34,46,1,1,1
192,106,0,47,34,45,1,1,1
193,106,0,41,33,45,1,1,1
194,106,0,35,33,44,1,1,1
195,106,0,29,33,44,1,1,1
196,106,0,23,32,43,1,1,1
197,106,0,17,32,42,1,1,1
198,106,0,11,31,42,1,1,1
100,107,0,412,56,52,1,1,1
101,107,5,407,58,52,1,1,1
102,107,11,403,59,51,1,1,1
103,107,17,398,60,52,1,1,1
104,107,23,394,61,51,1,1,1
105,107,29,390,62,51,1,1,1
106,107,34,385,64,51,1,1,1
107,107,40,381,65,50,1,1,1
108,107,46,376,66,51,1,1,1
109,107,52,372,67,50,1,1,1
110,107,58,368,68,50,1,1,1
111,107,60,366,68,50,1,1,1
112,107,63,365,68,50,1,1,1
113,107,66,364,68,50,1,1,1
114,107,68,363,68,50,1,1,1
115,107,71,362,68,50,1,1,1
116,107,74,360,68,50,1,1,1
117,107,76,359,68,50,1,1,1
118,107,79,358,68,50,1,1,1
119,107,82,357,68,50,1,1,1
120,107,85,356,68,50,1,1,1
121,107,86,352,68,51,1,1,1
122,107,88,349,68,51,1,1,1
123,107,90,346,68,51,1,1,1
124,107,92,343,67,51,1,1,1
125,107,94,340,67,51,1,1,1
126,107,95,337,68,51,1,1,1
127,107,97,334,67,51,1,1,1
128,107,99,331,67,51,1,1,1
129,107,101,328,67,51,1,1,1
130,107,103,325,67,51,1,1,1
131,107,100,323,67,51,1,1,1
132,107,98,321,67,51,1,1,1
133,107,96,319,67,51,1,1,1
134,107,93,317,67,51,1,1,1
135,107,91,316,67,51,1,1,1
136,107,89,314,67,51,1,1,1
137,107,86,312,67,51,1,1,1
138,107,84,310,67,51,1,1,1
139,107,82,308,67,51,1,1,1
140,107,80,307,67,51,1,1,1
141,107,74,304,67,51,1,1,1
142,107,69,301,67,51,1,1,1
143,107,64,298,67,51,1,1,1
144,107,59,295,67,51,1,1,1
145,107,54,293,67,51,1,1,1
146,107,49,290,67,51,1,1,1
147,107,44,287,67,51,1,1,1
148,107,39,284,67,51,1,1,1
149,107,34,281,67,51,1,1,1
150,107,29,279,67,51,1,1,1
151,107,26,274,61,50,1,1,1
152,107,23,270,56,49,1,1,1
153,107,20,266,51,48,1,1,1
154,107,17,262,46,47,1,1,1
155,107,14,258,41,46,1,1,1
156,107,11,254,35,44,1,1,1
157,107,8,250,30,43,1,1,1
158,107,5,246,25,42,1,1,1
159,107,2,242,20,41,1,1,1
299,109,799,0,14,12,1,1,1
300,109,799,1,14,12,1,1,1
301,109,800,2,14,13,1,1,1
302,109,800,4,15,13,1,1,1
303,109,801,5,15,13,1,1,1
304,109,801,7,16,13,1,1,1
305,109,802,8,15,14,1,1,1
306,109,802,9,16,14,1,1,1
307,109,803,11,16,14,1,1,1
308,109,803,12,17,15,1,1,1
70,114,1276,679,19,15,1,1,1
71,114,1283,675,19,15,1,1,1
72,114,1290,671,19,15,1,1,1
73,114,1297,667,19,15,1,1,1
74,114,1304,663,19,15,1,1,1
75,114,1311,659,19,15,1,1,1
76,114,1318,655,19,15,1,1,1
77,114,1325,651,19,15,1,1,1
78,114,1332,647,19,15,1,1,1
79,114,1339,643,19,15,1,1,1
100,124,1233,1066,17,13,1,1,1
101,124,1241,1054,17,14,1,1,1
102,124,1249,1043,17,14,1,1,1
103,124,1258,1032,16,15,1,1,1
104,124,1266,1020,17,16,1,1,1
105,124,1275,1009,16,17,1,1,1
106,124,1283,998,16,17,1,1,1
107,124,1291,986,17,18,1,1,1
108,124,1300,975,16,19,1,1,1
109,124,1308,964,16,19,1,1,1
20,140,1088,1051,47,27,1,1,1
21,140,1086,1040,47,29,1,1,1
22,140,1084,1030,47,31,1,1,1
23,140,1083,1020,46,33,1,1,1
24,140,1081,1010,47,35,1,1,1
25,140,1080,1000,46,37,1,1,1
26,140,1078,989,46,39,1,1,1
27,140,1076,979,47,41,1,1,1
28,140,1075,969,46,43,1,1,1
29,140,1073,959,46,45,1,1,1
140,142,585,1060,79,19,1,1,1
141,142,579,1057,80,21,1,1,1
142,142,574,1055,81,23,1,1,1
143,142,569,1052,82,25,1,1,1
144,142,564,1050,83,27,1,1,1
145,142,559,1048,84,29,1,1,1
146,142,553,1045,85,31,1,1,1
147,142,548,1043,86,33,1,1,1
148,142,543,1040,87,35,1,1,1
149,142,538,1038,88,37,1,1,1
200,143,103,1056,39,22,1,1,1
201,143,102,1052,39,26,1,1,1
202,143,101,1049,39,29,1,1,1
203,143,100,1046,39,32,1,1,1
204,143,99,1042,39,36,1,1,1
205,143,98,1039,39,39,1,1,1
206,143,97,1036,39,42,1,1,1
207,143,96,1032,39,46,1,1,1
208,143,95,1029,39,49,1,1,1
209,143,94,1026,39,52,1,1,1
210,143,93,1023,39,55,1,1,1
211,143,96,1017,39,55,1,1,1
212,143,99,1012,39,55,1,1,1
213,143,103,1007,39,55,1,1,1
214,143,106,1002,39,55,1,1,1
215,143,110,997,39,55,1,1,1
216,143,113,991,39,55,1,1,1
217,143,116,986,39,55,1,1,1
218,143,120,981,39,55,1,1,1
219,143,123,976,39,55,1,1,1
220,143,127,971,39,55,1,1,1
221,143,135,976,39,55,1,1,1
222,143,143,981,39,55,1,1,1
223,143,151,986,39,55,1,1,1
224,143,159,991,39,55,1,1,1
225,143,167,997,39,55,1,1,1
226,143,175,1002,39,55,1,1,1
227,143,183,1007,39,55,1,1,1
228,143,191,1012,39,55,1,1,1
229,143,199,1017,39,55,1,1,1
230,143,208,1023,39,55,1,1,1
231,143,207,1021,39,57,1,1,1
232,143,207,1019,39,59,1,1,1
233,143,206,1017,39,61,1,1,1
234,143,206,1015,39,63,1,1,1
235,143,206,1014,39,65,1,1,1
236,143,205,1012,39,67,1,1,1
237,143,205,1010,39,69,1,1,1
238,143,204,1008,39,71,1,1,1
239,143,204,1006,39,73,1,1,1
240,143,204,1005,39,75,1,1,1
241,143,204,1005,39,75,1,1,1
242,143,204,1005,40,75,1,1,1
243,143,204,1005,40,75,1,1,1
244,143,204,1005,41,75,1,1,1
245,143,205,1005,41,75,1,1,1
246,143,205,1005,41,75,1,1,1
247,143,205,1005,42,75,1,1,1
248,143,205,1005,42,75,1,1,1
249,143,205,1005,43,75,1,1,1
250,143,206,1005,43,75,1,1,1
251,143,206,1005,43,74,1,1,1
252,143,206,1005,43,74,1,1,1
253,143,207,1005,42,73,1,1,1
254,143,207,1005,42,73,1,1,1
255,143,208,1005,41,72,1,1,1
256,143,208,1005,41,72,1,1,1
257,143,208,1005,41,71,1,1,1
258,143,209,1005,40,71,1,1,1
259,143,209,1005,40,70,1,1,1
260,143,210,1005,39,70,1,1,1
261,143,209,1005,39,70,1,1,1
262,143,209,1005,39,70,1,1,1
263,143,209,1005,39,70,1,1,1
264,143,209,1005,39,71,1,1,1
265,143,209,1005,39,71,1,1,1
266,143,209,1005,39,71,1,1,1
267,143,209,1005,39,71,1,1,1
268,143,209,1005,39,72,1,1,1
269,143,209,1005,39,72,1,1,1
270,143,209,1005,39,72,1,1,1
271,143,209,1005,38,72,1,1,1
272,143,209,1005,38,73,1,1,1
273,143,209,1005,38,73,1,1,1
274,143,209,1005,38,73,1,1,1
275,143,209,1005,38,73,1,1,1
276,143,209,1005,38,74,1,1,1
277,143,209,1005,38,74,1,1,1
278,143,209,1005,38,74,1,1,1
279,143,209,1005,38,74,1,1,1
280,143,209,1005,38,75,1,1,1
281,143,209,1005,38,74,1,1,1
282,143,209,1005,38,74,1,1,1
283,143,209,1005,39,74,1,1,1
284,143,209,1005,39,74,1,1,1
285,143,209,1005,40,74,1,1,1
286,143,209,1005,40,73,1,1,1
287,143,209,1005,40,73,1,1,1
288,143,209,1005,41,73,1,1,1
289,143,209,1005,41,73,1,1,1
290,143,209,1005,42,73,1,1,1
291,143,209,1004,42,74,1,1,1
292,143,209,1003,42,75,1,1,1
293,143,209,1003,42,75,1,1,1
294,143,209,1002,42,76,1,1,1
295,143,209,1002,42,76,1,1,1
296,143,209,1001,42,77,1,1,1
297,143,209,1001,42,77,1,1,1
298,143,209,1000,42,78,1,1,1
299,143,209,1000,42,78,1,1,1
300,143,209,999,42,80,1,1,1
301,143,209,999,42,80,1,1,1
302,143,209,998,42,81,1,1,1
303,143,209,998,42,81,1,1,1
304,143,209,997,42,82,1,1,1
305,143,209,997,42,82,1,1,1
306,143,209,996,42,83,1,1,1
307,143,209,996,42,83,1,1,1
308,143,209,995,42,84,1,1,1
309,143,209,995,42,85,1,1,1
0,145,1789,917,68,73,1,1,1
1,145,1791,894,69,72,1,1,1
2,145,1794,872,70,70,1,1,1
3,145,1797,850,71,69,1,1,1
4,145,1800,828,71,67,1,1,1
5,145,1803,806,72,66,1,1,1
6,145,1806,783,73,65,1,1,1
7,145,1809,761,73,63,1,1,1
8,145,1812,739,74,62,1,1,1
9,145,1815,717,75,60,1,1,1
10,145,1818,695,76,59,1,1,1
11,145,1816,683,76,59,1,1,1
12,145,1815,671,76,59,1,1,1
13,145,1814,659,76,59,1,1,1
14,145,1813,648,76,59,1,1,1
15,145,1812,636,76,59,1,1,1
16,145,1811,624,76,59,1,1,1
17,145,1810,613,76,59,1,1,1
18,145,1809,601,76,59,1,1,1
19,145,1808,589,76,59,1,1,1
20,145,1807,578,76,59,1,1,1
21,145,1805,566,76,59,1,1,1
22,145,1804,555,76,59,1,1,1
23,145,1803,544,76,59,1,1,1
24,145,1802,533,76,59,1,1,1
25,145,1801,522,76,59,1,1,1
26,145,1799,511,76,59,1,1,1
27,145,1798,500,76,59,1,1,1
28,145,1797,489,76,59,1,1,1
29,145,1796,478,76,59,1,1,1
30,145,1795,467,76,59,1,1,1
31,145,1793,457,76,58,1,1,1
32,145,1792,447,75,58,1,1,1
33,145,1791,438,74,57,1,1,1
34,145,1790,428,73,57,1,1,1
35,145,1789,419,73,56,1,1,1
36,145,1788,409,72,55,1,1,1
37,145,1787,399,71,55,1,1,1
38,145,1786,390,70,54,1,1,1
39,145,1785,380,69,54,1,1,1
40,145,1784,371,69,53,1,1,1
41,145,1784,366,69,53,1,1,1
42,145,1784,362,69,53,1,1,1
43,145,1784,358,69,53,1,1,1
44,145,1785,353,69,53,1,1,1
45,145,1785,349,69,53,1,1,1
46,145,1785,345,69,53,1,1,1
47,145,1786,340,69,53,1,1,1
48,145,1786,336,69,53,1,1,1
49,145,1786,332,69,53,1,1,1
50,145,1787,328,69,53,1,1,1
51,145,1789,324,69,53,1,1,1
52,145,1791,321,69,53,1,1,1
53,145,1794,318,69,53,1,1,1
54,145,1796,314,69,54,1,1,1
55,145,1799,311,69,54,1,1,1
56,145,1801,308,69,53,1,1,1
57,145,1803,304,69,54,1,1,1
58,145,1806,301,69,54,1,1,1
59,145,1808,298,69,54,1,1,1
60,145,1811,295,69,54,1,1,1
61,145,1814,288,69,54,1,1,1
62,145,1817,282,69,54,1,1,1
63,145,1820,276,69,54,1,1,1
64,145,1823,270,69,54,1,1,1
65,145,1827,264,69,54,1,1,1
66,145,1830,258,69,54,1,1,1
67,145,1833,252,69,54,1,1,1
68,145,1836,246,69,54,1,1,1
69,145,1839,240,69,54,1,1,1
40,149,1830,1040,57,37,1,1,1
41,149,1829,1034,57,41,1,1,1
42,149,1828,1029,58,44,1,1,1
43,149,1827,1024,59,48,1,1,1
44,149,1827,1019,59,51,1,1,1
45,149,1826,1014,60,55,1,1,1
46,149,1825,1009,61,58,1,1,1
47,149,1825,1004,61,61,1,1,1
48,149,1824,999,62,65,1,1,1
49,149,1823,994,63,68,1,1,1
170,152,1746,937,61,56,1,1,1
171,152,1743,932,61,56,1,1,1
172,152,1741,927,61,56,1,1,1
173,152,1738,922,62,56,1,1,1
174,152,1736,917,62,56,1,1,1
175,152,1734,913,62,55,1,1,1
176,152,1731,908,62,55,1,1,1
177,152,1729,903,62,55,1,1,1
178,152,1726,898,63,55,1,1,1
179,152,1724,893,63,55,1,1,1
180,152,1722,889,63,54,1,1,1
181,152,1720,884,64,55,1,1,1
182,152,1719,879,65,56,1,1,1
183,152,1718,874,65,57,1,1,1
184,152,1716,869,67,59,1,1,1
185,152,1715,865,68,59,1,1,1
186,152,1714,860,68,60,1,1,1
187,152,1712,855,70,62,1,1,1
188,152,1711,850,70,63,1,1,1
189,152,1710,845,71,64,1,1,1
190,152,1709,841,72,65,1,1,1
191,152,1708,834,72,65,1,1,1
192,152,1708,828,72,65,1,1,1
193,152,1708,822,72,65,1,1,1
194,152,1708,816,72,64,1,1,1
195,152,1708,810,72,64,1,1,1
196,152,1707,803,73,65,1,1,1
197,152,1707,797,73,64,1,1,1
198,152,1707,791,73,64,1,1,1
199,152,1707,785,73,64,1,1,1
200,152,1707,779,73,64,1,1,1
201,152,1706,775,73,64,1,1,1
202,152,1706,772,73,64,1,1,1
203,152,1706,769,73,64,1,1,1
204,152,1705,765,73,64,1,1,1
205,152,1705,762,73,64,1,1,1
206,152,1705,759,73,64,1,1,1
207,152,1704,755,73,64,1,1,1
208,152,1704,752,73,64,1,1,1
209,152,1704,749,73,64,1,1,1
210,152,1704,746,73,64,1,1,1
211,152,1707,741,73,64,1,1,1
212,152,1710,737,73,64,1,1,1
213,152,1713,733,73,64,1,1,1
214,152,1716,728,73,64,1,1,1
215,152,1719,724,73,64,1,1,1
216,152,1722,720,73,64,1,1,1
217,152,1725,715,73,64,1,1,1
218,152,1728,711,73,64,1,1,1
219,152,1731,707,73,64,1,1,1
180,153,1652,975,55,52,1,1,1
181,153,1651,970,55,52,1,1,1
182,153,1650,965,55,52,1,1,1
183,153,1649,960,55,52,1,1,1
184,153,1648,955,55,52,1,1,1
185,153,1648,950,55,52,1,1,1
186,153,1647,945,55,52,1,1,1
187,153,1646,940,55,52,1,1,1
188,153,1645,935,55,52,1,1,1
189,153,1644,930,55,52,1,1,1
190,153,1644,925,55,52,1,1,1
191,153,1643,918,56,53,1,1,1
192,153,1642,911,57,55,1,1,1
193,153,1642,904,57,56,1,1,1
194,153,1641,897,58,58,1,1,1
195,153,1641,890,59,59,1,1,1
196,153,1640,883,60,61,1,1,1
197,153,1639,876,61,62,1,1,1
198,153,1639,869,61,64,1,1,1
199,153,1638,862,62,65,1,1,1
200,153,1638,855,63,67,1,1,1
201,153,1638,851,63,67,1,1,1
202,153,1638,847,64,67,1,1,1
203,153,1639,843,63,67,1,1,1
204,153,1639,839,64,68,1,1,1
205,153,1640,836,64,67,1,1,1
206,153,1640,832,64,67,1,1,1
207,153,1640,828,65,68,1,1,1
208,153,1641,824,64,68,1,1,1
209,153,1641,820,65,68,1,1,1
210,153,1642,817,65,68,1,1,1
211,153,1644,812,65,68,1,1,1
212,153,1646,808,65,68,1,1,1
213,153,1648,804,65,68,1,1,1
214,153,1650,800,65,68,1,1,1
215,153,1653,796,64,68,1,1,1
216,153,1655,792,64,67,1,1,1
217,153,1657,788,64,67,1,1,1
218,153,1659,784,64,67,1,1,1
219,153,1661,780,64,67,1,1,1
180,154,1867,722,46,64,1,1,1
181,154,1866,717,46,64,1,1,1
182,154,1866,713,46,64,1,1,1
183,154,1865,709,47,64,1,1,1
184,154,1865,705,46,64,1,1,1
185,154,1864,701,47,64,1,1,1
186,154,1864,696,47,64,1,1,1
187,154,1863,692,47,64,1,1,1
188,154,1863,688,47,64,1,1,1
189,154,1862,684,48,64,1,1,1
190,154,1862,680,48,64,1,1,1
191,154,1861,673,48,64,1,1,1
192,154,1861,667,48,64,1,1,1
193,154,1860,661,48,64,1,1,1
194,154,1860,655,48,64,1,1,1
195,154,1860,649,48,64,1,1,1
196,154,1859,643,48,64,1,1,1
197,154,1859,637,48,64,1,1,1
198,154,1858,631,48,64,1,1,1
199,154,1858,625,48,64,1,1,1
200,154,1858,619,48,64,1,1,1
201,154,1857,615,49,64,1,1,1
202,154,1857,612,49,64,1,1,1
203,154,1857,609,49,64,1,1,1
204,154,1857,605,49,64,1,1,1
205,154,1857,602,49,64,1,1,1
206,154,1857,599,49,64,1,1,1
207,154,1857,595,49,64,1,1,1
208,154,1857,592,49,64,1,1,1
209,154,1857,589,49,64,1,1,1
210,154,1857,586,50,64,1,1,1
211,154,1859,582,49,64,1,1,1
212,154,1861,578,48,64,1,1,1
213,154,1863,574,47,64,1,1,1
214,154,1865,570,46,64,1,1,1
215,154,1867,566,45,64,1,1,1
216,154,1869,562,44,64,1,1,1
217,154,1871,558,43,64,1,1,1
218,154,1873,554,42,64,1,1,1
219,154,1875,550,41,64,1,1,1
220,154,1878,546,40,64,1,1,1
221,154,1880,533,37,63,1,1,1
222,154,1882,520,35,62,1,1,1
223,154,1884,507,33,61,1,1,1
224,154,1886,494,31,60,1,1,1
225,154,1888,481,29,59,1,1,1
226,154,1890,468,26,58,1,1,1
227,154,1892,455,24,57,1,1,1
228,154,1894,442,22,56,1,1,1
229,154,1896,429,20,55,1,1,1
230,154,1899,416,17,55,1,1,1
231,154,1899,415,17,55,1,1,1
232,154,1899,415,17,55,1,1,1
233,154,1899,414,17,55,1,1,1
234,154,1899,414,17,55,1,1,1
235,154,1899,413,18,55,1,1,1
236,154,1899,413,18,55,1,1,1
237,154,1899,412,18,55,1,1,1
238,154,1899,412,18,55,1,1,1
239,154,1899,411,18,55,1,1,1
240,154,1899,411,19,55,1,1,1
241,154,1899,411,19,55,1,1,1
242,154,1900,412,18,55,1,1,1
243,154,1901,412,17,56,1,1,1
244,154,1902,413,16,56,1,1,1
245,154,1903,414,15,56,1,1,1
246,154,1903,414,15,56,1,1,1
247,154,1904,415,14,56,1,1,1
248,154,1905,415,13,57,1,1,1
249,154,1906,416,12,57,1,1,1
180,155,1786,817,59,59,1,1,1
181,155,1785,812,59,59,1,1,1
182,155,1784,807,59,60,1,1,1
183,155,1783,803,59,59,1,1,1
184,155,1782,798,59,60,1,1,1
185,155,1781,794,59,59,1,1,1
186,155,1780,789,59,60,1,1,1
187,155,1779,784,59,60,1,1,1
188,155,1778,780,59,60,1,1,1
189,155,1777,775,59,60,1,1,1
190,155,1776,771,59,60,1,1,1
191,155,1775,764,59,61,1,1,1
192,155,1774,757,60,62,1,1,1
193,155,1773,751,61,62,1,1,1
194,155,1772,744,62,63,1,1,1
195,155,1772,738,62,64,1,1,1
196,155,1771,731,62,65,1,1,1
197,155,1770,724,63,66,1,1,1
198,155,1769,718,64,66,1,1,1
199,155,1768,711,65,67,1,1,1
200,155,1768,705,65,68,1,1,1
201,155,1767,701,65,68,1,1,1
202,155,1767,697,65,68,1,1,1
203,155,1767,694,64,68,1,1,1
204,155,1766,690,65,68,1,1,1
205,155,1766,687,65,68,1,1,1
206,155,1766,683,64,68,1,1,1
207,155,1765,679,65,68,1,1,1
208,155,1765,676,64,68,1,1,1
209,155,1765,672,64,68,1,1,1
210,155,1765,669,64,68,1,1,1
211,155,1767,664,65,69,1,1,1
212,155,1770,659,65,70,1,1,1
213,155,1772,654,66,71,1,1,1
214,155,1775,649,67,73,1,1,1
215,155,1777,645,68,73,1,1,1
216,155,1780,640,68,74,1,1,1
217,155,1782,635,70,76,1,1,1
218,155,1785,630,70,77,1,1,1
219,155,1787,625,71,78,1,1,1
120,157,0,855,50,36,1,1,1
121,157,0,851,51,36,1,1,1
122,157,0,847,53,37,1,1,1
123,157,0,843,55,38,1,1,1
124,157,0,839,57,38,1,1,1
125,157,0,835,59,39,1,1,1
126,157,0,831,61,40,1,1,1
127,157,0,827,63,40,1,1,1
128,157,0,823,65,41,1,1,1
129,157,0,819,67,42,1,1,1
130,157,0,815,69,43,1,1,1
131,157,0,813,66,43,1,1,1
132,157,0,812,64,43,1,1,1
133,157,0,810,62,43,1,1,1
134,157,0,809,60,43,1,1,1
135,157,0,807,58,43,1,1,1
136,157,0,806,55,43,1,1,1
137,157,0,804,53,43,1,1,1
138,157,0,803,51,43,1,1,1
139,157,0,801,49,43,1,1,1
180,163,1210,1050,45,26,1,1,1
181,163,1209,1045,47,31,1,1,1
182,163,1208,1041,49,35,1,1,1
183,163,1207,1036,51,41,1,1,1
184,163,1206,1032,53,45,1,1,1
185,163,1205,1027,55,51,1,1,1
186,163,1204,1023,57,55,1,1,1
187,163,1203,1018,59,60,1,1,1
188,163,1202,1014,61,65,1,1,1
189,163,1201,1009,63,70,1,1,1
180,164,1356,1049,84,29,1,1,1
181,164,1355,1044,84,30,1,1,1
182,164,1354,1039,84,31,1,1,1
183,164,1353,1034,84,32,1,1,1
184,164,1352,1030,84,32,1,1,1
185,164,1351,1025,84,34,1,1,1
186,164,1350,1020,84,35,1,1,1
187,164,1349,1016,84,35,1,1,1
188,164,1348,1011,84,36,1,1,1
189,164,1347,1006,84,37,1,1,1
180,165,1440,1056,57,24,1,1,1
181,165,1438,1051,60,27,1,1,1
182,165,1437,1046,62,31,1,1,1
183,165,1435,1042,65,34,1,1,1
184,165,1434,1037,68,37,1,1,1
185,165,1433,1033,70,40,1,1,1
186,165,1431,1028,73,44,1,1,1
187,165,1430,1023,76,47,1,1,1
188,165,1428,1019,79,50,1,1,1
189,165,1427,1014,81,54,1,1,1
130,167,742,1027,81,41,1,1,1
131,167,739,1024,81,41,1,1,1
132,167,737,1022,81,41,1,1,1
133,167,735,1020,81,41,1,1,1
134,167,733,1017,81,42,1,1,1
135,167,731,1015,81,42,1,1,1
136,167,728,1013,82,41,1,1,1
137,167,726,1010,82,42,1,1,1
138,167,724,1008,82,42,1,1,1
139,167,722,1006,82,42,1,1,1
140,167,720,1004,82,42,1,1,1
141,167,714,1000,82,42,1,1,1
142,167,709,997,82,42,1,1,1
143,167,704,994,82,42,1,1,1
144,167,698,991,83,42,1,1,1
145,167,693,988,83,42,1,1,1
146,167,688,984,82,42,1,1,1
147,167,682,981,83,42,1,1,1
148,167,677,978,83,42,1,1,1
149,167,672,975,83,42,1,1,1
150,167,667,972,83,42,1,1,1
151,167,660,967,83,42,1,1,1
152,167,654,963,83,42,1,1,1
153,167,648,958,83,42,1,1,1
154,167,642,954,83,42,1,1,1
155,167,636,949,83,42,1,1,1
156,167,629,945,83,42,1,1,1
157,167,623,940,83,42,1,1,1
158,167,617,936,83,42,1,1,1
159,167,611,931,83,42,1,1,1
160,167,605,927,83,42,1,1,1
161,167,599,922,83,42,1,1,1
162,167,594,918,83,42,1,1,1
163,167,588,914,84,42,1,1,1
164,167,583,909,83,42,1,1,1
165,167,578,905,83,42,1,1,1
166,167,572,901,84,42,1,1,1
167,167,567,896,83,42,1,1,1
168,167,561,892,84,42,1,1,1
169,167,556,888,84,42,1,1,1
170,167,551,884,84,42,1,1,1
171,167,549,879,84,42,1,1,1
172,167,547,874,84,42,1,1,1
173,167,546,869,83,43,1,1,1
174,167,544,865,84,42,1,1,1
175,167,543,860,83,43,1,1,1
176,167,541,855,83,43,1,1,1
177,167,539,851,84,42,1,1,1
178,167,538,846,83,43,1,1,1
179,167,536,841,83,43,1,1,1
180,167,535,837,83,43,1,1,1
181,167,534,831,83,43,1,1,1
182,167,533,826,83,43,1,1,1
183,167,532,821,83,43,1,1,1
184,167,531,816,83,43,1,1,1
185,167,531,811,83,43,1,1,1
186,167,530,806,83,43,1,1,1
187,167,529,801,83,43,1,1,1
188,167,528,796,83,43,1,1,1
189,167,527,791,83,43,1,1,1
190,167,527,786,83,43,1,1,1
191,167,527,779,83,43,1,1,1
192,167,527,773,83,43,1,1,1
193,167,527,766,83,43,1,1,1
194,167,527,760,83,43,1,1,1
195,167,527,754,83,43,1,1,1
196,167,527,747,83,43,1,1,1
197,167,527,741,83,43,1,1,1
198,167,527,734,83,43,1,1,1
199,167,527,728,83,43,1,1,1
200,168,1571,1046,83,31,1,1,1
201,168,1570,1042,84,34,1,1,1
202,168,1570,1038,84,37,1,1,1
203,168,1569,1035,85,39,1,1,1
204,168,1569,1031,85,43,1,1,1
205,168,1568,1028,86,45,1,1,1
206,168,1568,1024,86,48,1,1,1
207,168,1567,1020,87,52,1,1,1
208,168,1567,1017,87,54,1,1,1
209,168,1566,1013,88,57,1,1,1
210,169,1533,1055,49,25,1,1,1
211,169,1535,1050,53,28,1,1,1
212,169,1538,1045,56,32,1,1,1
213,169,1541,1041,59,35,1,1,1
214,169,1543,1036,63,39,1,1,1
215,169,1546,1032,67,42,1,1,1
216,169,1549,1027,70,45,1,1,1
217,169,1551,1022,74,49,1,1,1
218,169,1554,1018,77,52,1,1,1
219,169,1557,1013,80,56,1,1,1
190,170,636,1017,45,63,1,1,1
191,170,635,1010,46,64,1,1,1
192,170,635,1004,46,65,1,1,1
193,170,634,997,47,67,1,1,1
194,170,634,991,47,67,1,1,1
195,170,634,985,47,68,1,1,1
196,170,633,978,48,70,1,1,1
197,170,633,972,48,70,1,1,1
198,170,632,965,49,72,1,1,1
199,170,632,959,49,73,1,1,1
220,171,1563,1060,39,18,1,1,1
221,171,1571,1049,43,22,1,1,1
222,171,1579,1038,47,27,1,1,1
223,171,1588,1027,51,32,1,1,1
224,171,1596,1016,55,36,1,1,1
225,171,1605,1005,59,41,1,1,1
226,171,1613,994,63,46,1,1,1
227,171,1621,983,67,50,1,1,1
228,171,1630,972,71,55,1,1,1
229,171,1638,961,75,60,1,1,1
300,172,1805,1010,59,69,1,1,1
301,172,1804,1011,59,68,1,1,1
302,172,1804,1012,59,67,1,1,1
303,172,1804,1013,59,66,1,1,1
304,172,1803,1014,59,65,1,1,1
305,172,1803,1016,59,63,1,1,1
306,172,1803,1017,59,62,1,1,1
307,172,1802,1018,59,61,1,1,1
308,172,1802,1019,59,60,1,1,1
309,172,1802,1021,59,58,1,1,1
230,173,1631,1056,66,22,1,1,1
231,173,1632,1055,66,23,1,1,1
232,173,1633,1055,66,23,1,1,1
233,173,1634,1054,66,24,1,1,1
234,173,1635,1054,67,24,1,1,1
235,173,1636,1054,67,25,1,1,1
236,173,1637,1053,67,26,1,1,1
237,173,1638,1053,68,26,1,1,1
238,173,1639,1052,68,27,1,1,1
239,173,1640,1052,68,27,1,1,1
240,173,1641,1052,69,28,1,1,1
241,173,1641,1052,69,27,1,1,1
242,173,1642,1052,69,27,1,1,1
243,173,1642,1052,69,27,1,1,1
244,173,1643,1052,69,27,1,1,1
245,173,1644,1053,69,26,1,1,1
246,173,1644,1053,69,25,1,1,1
247,173,1645,1053,69,25,1,1,1
248,173,1645,1053,69,25,1,1,1
249,173,1646,1053,69,25,1,1,1
250,173,1647,1054,69,24,1,1,1
251,173,1646,1054,69,24,1,1,1
252,173,1645,1054,69,24,1,1,1
253,173,1644,1054,69,24,1,1,1
254,173,1643,1054,69,24,1,1,1
255,173,1642,1055,69,23,1,1,1
256,173,1641,1055,69,23,1,1,1
257,173,1640,1055,69,23,1,1,1
258,173,1639,1055,69,23,1,1,1
259,173,1638,1055,69,23,1,1,1
260,173,1638,1056,69,23,1,1,1
261,173,1638,1056,69,23,1,1,1
262,173,1638,1057,69,22,1,1,1
263,173,1638,1057,69,22,1,1,1
264,173,1638,1058,69,21,1,1,1
265,173,1638,1058,69,21,1,1,1
266,173,1638,1059,69,20,1,1,1
267,173,1638,1059,69,20,1,1,1
268,173,1638,1060,69,19,1,1,1
269,173,1638,1060,69,19,1,1,1
270,173,1638,1061,69,18,1,1,1
271,173,1638,1062,69,17,1,1,1
272,173,1638,1062,69,17,1,1,1
273,173,1638,1063,69,16,1,1,1
274,173,1638,1063,69,16,1,1,1
275,173,1638,1064,69,15,1,1,1
276,173,1638,1064,69,15,1,1,1
277,173,1638,1065,69,14,1,1,1
278,173,1638,1065,69,14,1,1,1
279,173,1638,1066,69,13,1,1,1
