20,1,1844,378,75,38,1,1,1
21,1,1844,377,75,38,1,1,1
22,1,1845,377,74,38,1,1,1
23,1,1846,376,73,38,1,1,1
24,1,1847,376,72,38,1,1,1
25,1,1848,375,71,38,1,1,1
26,1,1849,375,70,38,1,1,1
27,1,1850,374,69,38,1,1,1
28,1,1851,374,68,38,1,1,1
29,1,1852,373,67,38,1,1,1
30,1,1853,373,66,38,1,1,1
31,1,1852,372,66,38,1,1,1
32,1,1851,372,67,37,1,1,1
33,1,1850,371,68,38,1,1,1
34,1,1849,371,69,37,1,1,1
35,1,1849,370,69,38,1,1,1
36,1,1848,370,70,37,1,1,1
37,1,1847,369,71,37,1,1,1
38,1,1846,369,72,37,1,1,1
39,1,1845,368,73,37,1,1,1
40,1,1845,368,73,37,1,1,1
41,1,1842,367,76,37,1,1,1
42,1,1840,367,78,37,1,1,1
43,1,1838,367,80,36,1,1,1
44,1,1836,366,82,37,1,1,1
45,1,1834,366,84,37,1,1,1
46,1,1832,366,86,36,1,1,1
47,1,1830,365,88,37,1,1,1
48,1,1828,365,90,36,1,1,1
49,1,1826,365,92,36,1,1,1
50,1,1824,365,95,36,1,1,1
51,1,1822,364,96,36,1,1,1
52,1,1821,364,96,36,1,1,1
53,1,1819,363,97,37,1,1,1
54,1,1818,363,97,37,1,1,1
55,1,1816,362,98,38,1,1,1
56,1,1815,362,98,37,1,1,1
57,1,1813,361,99,38,1,1,1
58,1,1812,361,99,38,1,1,1
59,1,1810,360,100,39,1,1,1
230,1,1845,392,73,39,1,1,1
231,1,1847,392,71,39,1,1,1
232,1,1850,393,68,39,1,1,1
233,1,1852,393,66,39,1,1,1
234,1,1855,394,63,39,1,1,1
235,1,1857,394,61,39,1,1,1
236,1,1860,395,58,39,1,1,1
237,1,1862,395,56,39,1,1,1
238,1,1865,396,53,39,1,1,1
239,1,1867,396,51,39,1,1,1
240,1,1870,397,48,39,1,1,1
241,1,1872,397,46,39,1,1,1
242,1,1875,397,43,39,1,1,1
243,1,1877,398,41,39,1,1,1
244,1,1880,398,38,39,1,1,1
245,1,1882,398,36,39,1,1,1
246,1,1885,399,33,39,1,1,1
247,1,1887,399,31,39,1,1,1
248,1,1890,399,28,39,1,1,1
249,1,1893,400,26,39,1,1,1
60,4,0,436,23,37,1,1,1
61,4,0,435,21,37,1,1,1
62,4,0,435,19,37,1,1,1
63,4,0,434,17,38,1,1,1
64,4,0,434,16,37,1,1,1
65,4,0,434,14,37,1,1,1
66,4,0,433,12,38,1,1,1
67,4,0,433,11,37,1,1,1
68,4,0,432,9,38,1,1,1
69,4,0,432,7,38,1,1,1
10,5,157,511,91,40,1,1,1
11,5,157,510,91,40,1,1,1
12,5,157,510,91,40,1,1,1
13,5,158,509,90,40,1,1,1
14,5,158,509,90,40,1,1,1
15,5,159,509,90,40,1,1,1
16,5,159,508,90,40,1,1,1
17,5,159,508,90,40,1,1,1
18,5,160,507,89,40,1,1,1
19,5,160,507,89,40,1,1,1
20,5,161,507,89,40,1,1,1
21,5,159,506,89,40,1,1,1
22,5,158,506,89,40,1,1,1
23,5,157,506,89,40,1,1,1
24,5,155,505,89,40,1,1,1
25,5,154,505,89,40,1,1,1
26,5,153,505,89,40,1,1,1
27,5,151,504,89,40,1,1,1
28,5,150,504,89,40,1,1,1
29,5,149,504,89,40,1,1,1
30,5,148,504,89,40,1,1,1
31,5,144,503,89,40,1,1,1
32,5,140,503,89,40,1,1,1
33,5,137,502,89,40,1,1,1
34,5,133,502,89,40,1,1,1
35,5,130,502,89,39,1,1,1
36,5,126,501,89,40,1,1,1
37,5,122,501,89,39,1,1,1
38,5,119,500,89,40,1,1,1
39,5,115,500,89,39,1,1,1
40,5,112,500,89,39,1,1,1
41,5,107,499,89,39,1,1,1
42,5,102,499,89,39,1,1,1
43,5,97,499,89,39,1,1,1
44,5,92,499,89,39,1,1,1
45,5,87,499,89,39,1,1,1
46,5,82,498,89,39,1,1,1
47,5,77,498,89,39,1,1,1
48,5,72,498,89,39,1,1,1
49,5,67,498,89,39,1,1,1
50,5,63,498,89,39,1,1,1
51,5,58,497,89,39,1,1,1
52,5,54,497,89,39,1,1,1
53,5,50,496,89,39,1,1,1
54,5,46,496,89,39,1,1,1
55,5,42,495,89,39,1,1,1
56,5,38,495,89,39,1,1,1
57,5,34,494,89,39,1,1,1
58,5,30,494,89,39,1,1,1
59,5,26,493,89,39,1,1,1
60,5,22,493,89,39,1,1,1
61,5,19,492,89,39,1,1,1
62,5,17,491,88,39,1,1,1
63,5,15,490,87,39,1,1,1
64,5,13,490,86,39,1,1,1
65,5,11,489,86,39,1,1,1
66,5,8,488,86,39,1,1,1
67,5,6,488,85,39,1,1,1
68,5,4,487,84,39,1,1,1
69,5,2,486,83,39,1,1,1
70,5,0,486,83,39,1,1,1
71,5,0,485,80,39,1,1,1
72,5,0,485,77,39,1,1,1
73,5,0,485,74,39,1,1,1
74,5,0,485,72,39,1,1,1
75,5,0,485,69,39,1,1,1
76,5,0,484,66,39,1,1,1
77,5,0,484,64,39,1,1,1
78,5,0,484,61,39,1,1,1
79,5,0,484,58,39,1,1,1
80,5,0,484,56,39,1,1,1
81,5,0,483,53,39,1,1,1
82,5,0,482,50,39,1,1,1
83,5,0,482,47,39,1,1,1
84,5,0,481,45,39,1,1,1
85,5,0,481,42,39,1,1,1
86,5,0,480,39,39,1,1,1
87,5,0,479,37,39,1,1,1
88,5,0,479,34,39,1,1,1
89,5,0,478,31,39,1,1,1
90,5,0,478,29,39,1,1,1
91,5,0,478,26,39,1,1,1
92,5,0,478,24,39,1,1,1
93,5,0,478,21,39,1,1,1
94,5,0,478,19,39,1,1,1
95,5,0,478,16,39,1,1,1
96,5,0,478,14,39,1,1,1
97,5,0,478,11,39,1,1,1
98,5,0,478,9,39,1,1,1
99,5,0,478,6,39,1,1,1
249,5,0,478,29,39,1,1,1
154,6,0,313,15,32,1,1,1
155,6,0,312,20,33,1,1,1
156,6,0,311,26,34,1,1,1
157,6,0,310,31,35,1,1,1
158,6,0,309,37,36,1,1,1
159,6,0,308,42,37,1,1,1
160,6,0,308,48,37,1,1,1
161,6,1,307,52,37,1,1,1
162,6,3,307,56,37,1,1,1
163,6,5,306,60,38,1,1,1
164,6,7,306,64,38,1,1,1
165,6,9,305,68,39,1,1,1
166,6,11,305,71,38,1,1,1
167,6,13,304,75,39,1,1,1
168,6,15,304,79,39,1,1,1
169,6,17,303,83,40,1,1,1
195,7,0,290,20,50,1,1,1
196,7,0,288,26,52,1,1,1
197,7,0,287,32,53,1,1,1
198,7,0,285,38,55,1,1,1
199,7,0,284,44,56,1,1,1
200,7,0,283,51,57,1,1,1
201,7,0,283,57,57,1,1,1
202,7,0,283,64,58,1,1,1
203,7,0,283,71,58,1,1,1
204,7,0,283,78,59,1,1,1
205,7,0,283,85,60,1,1,1
206,7,0,283,92,60,1,1,1
207,7,0,283,99,61,1,1,1
208,7,0,283,106,61,1,1,1
209,7,0,283,113,62,1,1,1
210,7,0,283,120,63,1,1,1
211,7,6,283,120,63,1,1,1
212,7,13,284,120,63,1,1,1
213,7,19,285,120,63,1,1,1
214,7,26,286,120,62,1,1,1
215,7,32,287,121,62,1,1,1
216,7,39,288,120,62,1,1,1
217,7,45,289,121,61,1,1,1
218,7,52,290,120,61,1,1,1
219,7,58,291,121,61,1,1,1
160,8,1857,260,60,38,1,1,1
161,8,1862,260,55,37,1,1,1
162,8,1868,261,49,35,1,1,1
163,8,1873,261,44,34,1,1,1
164,8,1879,262,38,32,1,1,1
165,8,1885,262,33,32,1,1,1
166,8,1890,263,28,30,1,1,1
167,8,1896,263,22,29,1,1,1
168,8,1901,264,17,27,1,1,1
169,8,1907,264,11,26,1,1,1
180,9,1885,253,33,39,1,1,1
181,9,1887,253,31,39,1,1,1
182,9,1890,254,28,39,1,1,1
183,9,1893,255,25,39,1,1,1
184,9,1896,255,22,39,1,1,1
185,9,1899,256,19,39,1,1,1
186,9,1902,257,16,39,1,1,1
187,9,1905,257,13,39,1,1,1
188,9,1908,258,10,39,1,1,1
189,9,1911,259,7,39,1,1,1
190,10,1851,258,67,38,1,1,1
191,10,1857,259,61,38,1,1,1
192,10,1864,260,54,38,1,1,1
193,10,1870,262,48,38,1,1,1
194,10,1877,263,42,38,1,1,1
195,10,1884,265,35,38,1,1,1
196,10,1890,266,29,38,1,1,1
197,10,1897,267,23,38,1,1,1
198,10,1903,269,17,38,1,1,1
199,10,1910,270,10,38,1,1,1
210,11,1887,280,31,38,1,1,1
211,11,1890,280,28,38,1,1,1
212,11,1893,281,25,38,1,1,1
213,11,1896,282,22,38,1,1,1
214,11,1899,283,20,38,1,1,1
215,11,1902,284,17,38,1,1,1
216,11,1905,284,14,38,1,1,1
217,11,1908,285,12,38,1,1,1
218,11,1911,286,9,38,1,1,1
219,11,1914,287,6,38,1,1,1
220,12,1871,287,47,35,1,1,1
221,12,1875,288,43,35,1,1,1
222,12,1880,289,38,35,1,1,1
223,12,1884,290,34,35,1,1,1
224,12,1889,291,29,35,1,1,1
225,12,1893,293,26,35,1,1,1
226,12,1898,294,21,35,1,1,1
227,12,1902,295,17,35,1,1,1
228,12,1907,296,12,35,1,1,1
229,12,1911,297,8,35,1,1,1
230,13,1839,297,79,37,1,1,1
231,13,1846,298,72,36,1,1,1
232,13,1853,299,65,35,1,1,1
233,13,1861,300,57,34,1,1,1
234,13,1868,301,50,33,1,1,1
235,13,1876,302,42,32,1,1,1
236,13,1883,303,35,31,1,1,1
237,13,1890,304,28,30,1,1,1
238,13,1898,305,20,29,1,1,1
239,13,1905,306,13,28,1,1,1
249,14,1878,302,40,38,1,1,1
5,16,0,319,14,32,1,1,1
6,16,0,317,22,33,1,1,1
7,16,0,316,30,34,1,1,1
8,16,0,314,39,36,1,1,1
9,16,0,313,47,37,1,1,1
10,16,0,312,56,38,1,1,1
11,16,5,311,59,38,1,1,1
12,16,10,311,62,38,1,1,1
13,16,15,310,66,39,1,1,1
14,16,20,310,69,38,1,1,1
15,16,25,309,73,39,1,1,1
16,16,30,309,76,39,1,1,1
17,16,35,308,79,39,1,1,1
18,16,40,308,83,39,1,1,1
19,16,45,307,86,40,1,1,1
4,17,0,270,17,33,1,1,1
5,17,0,268,25,34,1,1,1
6,17,0,266,34,35,1,1,1
7,17,0,265,42,35,1,1,1
8,17,0,263,51,36,1,1,1
9,17,0,261,59,37,1,1,1
10,17,0,260,68,38,1,1,1
11,17,7,259,69,38,1,1,1
12,17,14,258,70,39,1,1,1
13,17,21,258,72,39,1,1,1
14,17,28,257,73,40,1,1,1
15,17,35,257,75,40,1,1,1
16,17,42,256,76,40,1,1,1
17,17,49,255,77,41,1,1,1
18,17,56,255,79,41,1,1,1
19,17,63,254,80,42,1,1,1
20,17,70,254,82,42,1,1,1
21,17,76,253,82,42,1,1,1
22,17,83,252,82,42,1,1,1
23,17,90,251,82,42,1,1,1
24,17,96,251,82,42,1,1,1
25,17,103,250,82,42,1,1,1
26,17,110,249,82,42,1,1,1
27,17,116,249,82,42,1,1,1
28,17,123,248,82,42,1,1,1
29,17,130,247,82,42,1,1,1
30,17,137,247,82,42,1,1,1
31,17,141,246,82,42,1,1,1
32,17,146,246,82,42,1,1,1
33,17,151,246,82,42,1,1,1
34,17,156,245,82,42,1,1,1
35,17,161,245,82,42,1,1,1
36,17,165,245,82,42,1,1,1
37,17,170,244,82,42,1,1,1
38,17,175,244,82,42,1,1,1
39,17,180,244,82,42,1,1,1
40,17,185,244,82,42,1,1,1
41,17,188,243,82,42,1,1,1
42,17,192,243,82,42,1,1,1
43,17,195,242,82,42,1,1,1
44,17,199,242,82,42,1,1,1
45,17,202,241,82,42,1,1,1
46,17,206,241,82,42,1,1,1
47,17,209,240,82,42,1,1,1
48,17,213,240,82,42,1,1,1
49,17,216,239,82,42,1,1,1
50,17,220,239,82,42,1,1,1
51,17,223,238,82,42,1,1,1
52,17,227,237,82,42,1,1,1
53,17,231,236,82,42,1,1,1
54,17,235,236,82,42,1,1,1
55,17,239,235,82,42,1,1,1
56,17,243,234,82,42,1,1,1
57,17,247,234,82,42,1,1,1
58,17,251,233,82,42,1,1,1
59,17,255,232,82,42,1,1,1
60,17,259,232,82,42,1,1,1
61,17,263,231,82,42,1,1,1
62,17,268,231,82,42,1,1,1
63,17,273,231,82,41,1,1,1
64,17,278,230,82,42,1,1,1
65,17,283,230,82,42,1,1,1
66,17,287,230,82,41,1,1,1
67,17,292,229,82,42,1,1,1
68,17,297,229,82,41,1,1,1
69,17,302,229,82,41,1,1,1
70,17,307,229,82,41,1,1,1
71,17,312,228,82,41,1,1,1
72,17,317,228,82,40,1,1,1
73,17,322,227,82,40,1,1,1
74,17,328,227,81,40,1,1,1
75,17,333,227,81,39,1,1,1
76,17,338,226,81,39,1,1,1
77,17,344,226,80,39,1,1,1
78,17,349,225,80,39,1,1,1
79,17,354,225,80,38,1,1,1
80,17,360,225,80,38,1,1,1
81,17,365,224,80,38,1,1,1
82,17,370,223,80,38,1,1,1
83,17,375,222,80,38,1,1,1
84,17,380,222,81,38,1,1,1
85,17,385,221,81,38,1,1,1
86,17,390,220,81,38,1,1,1
87,17,395,220,82,38,1,1,1
88,17,400,219,82,38,1,1,1
89,17,405,218,82,38,1,1,1
90,17,411,218,82,38,1,1,1
91,17,415,217,82,38,1,1,1
92,17,419,217,82,38,1,1,1
93,17,423,217,82,38,1,1,1
94,17,427,217,82,38,1,1,1
95,17,431,217,82,38,1,1,1
96,17,435,216,82,38,1,1,1
97,17,439,216,82,38,1,1,1
98,17,443,216,82,38,1,1,1
99,17,447,216,82,38,1,1,1
100,17,451,216,82,38,1,1,1
101,17,454,215,82,38,1,1,1
102,17,458,215,82,38,1,1,1
103,17,461,215,82,38,1,1,1
104,17,465,215,82,38,1,1,1
105,17,468,215,82,38,1,1,1
106,17,472,215,82,38,1,1,1
107,17,475,215,82,38,1,1,1
108,17,479,215,82,38,1,1,1
109,17,482,215,82,38,1,1,1
110,17,486,215,82,38,1,1,1
111,17,489,215,82,38,1,1,1
112,17,492,215,82,38,1,1,1
113,17,495,215,82,38,1,1,1
114,17,498,215,82,38,1,1,1
115,17,501,215,82,38,1,1,1
116,17,504,215,82,38,1,1,1
117,17,507,215,82,38,1,1,1
118,17,510,215,82,38,1,1,1
119,17,513,215,82,38,1,1,1
120,17,517,216,82,38,1,1,1
121,17,520,216,82,38,1,1,1
122,17,524,216,82,38,1,1,1
123,17,527,216,82,38,1,1,1
124,17,531,216,82,38,1,1,1
125,17,535,216,82,38,1,1,1
126,17,538,216,82,38,1,1,1
127,17,542,216,82,38,1,1,1
128,17,545,216,82,38,1,1,1
129,17,549,216,82,38,1,1,1
130,17,553,216,82,38,1,1,1
131,17,557,216,82,38,1,1,1
132,17,562,216,82,38,1,1,1
133,17,566,216,82,38,1,1,1
134,17,571,216,82,38,1,1,1
135,17,575,217,82,38,1,1,1
136,17,580,217,82,38,1,1,1
137,17,584,217,82,38,1,1,1
138,17,589,217,82,38,1,1,1
139,17,593,217,82,38,1,1,1
140,17,598,218,82,38,1,1,1
141,17,602,217,82,38,1,1,1
142,17,607,217,82,38,1,1,1
143,17,612,217,82,38,1,1,1
144,17,617,217,82,38,1,1,1
145,17,622,217,82,38,1,1,1
146,17,627,216,82,38,1,1,1
147,17,632,216,82,38,1,1,1
148,17,637,216,82,38,1,1,1
149,17,642,216,82,38,1,1,1
150,17,647,216,82,38,1,1,1
151,17,652,215,82,38,1,1,1
152,17,658,215,82,38,1,1,1
153,17,663,215,82,38,1,1,1
154,17,669,214,82,38,1,1,1
155,17,674,214,82,38,1,1,1
156,17,680,214,82,38,1,1,1
157,17,685,213,82,38,1,1,1
158,17,691,213,82,38,1,1,1
159,17,696,213,82,38,1,1,1
160,17,702,213,82,38,1,1,1
161,17,707,212,82,38,1,1,1
162,17,713,212,82,38,1,1,1
163,17,718,212,82,38,1,1,1
164,17,724,212,82,38,1,1,1
165,17,730,212,82,38,1,1,1
166,17,735,211,82,39,1,1,1
167,17,741,211,82,39,1,1,1
168,17,746,211,82,39,1,1,1
169,17,752,211,82,39,1,1,1
170,17,758,211,82,39,1,1,1
171,17,764,210,82,39,1,1,1
172,17,771,209,82,39,1,1,1
173,17,778,208,82,39,1,1,1
174,17,784,208,82,39,1,1,1
175,17,791,207,82,39,1,1,1
176,17,798,206,82,39,1,1,1
177,17,804,206,82,39,1,1,1
178,17,811,205,82,39,1,1,1
179,17,818,204,82,39,1,1,1
180,17,825,204,82,39,1,1,1
181,17,831,204,82,39,1,1,1
182,17,838,204,82,39,1,1,1
183,17,845,204,82,39,1,1,1
184,17,851,204,82,39,1,1,1
185,17,858,204,82,39,1,1,1
186,17,865,204,82,39,1,1,1
187,17,871,204,82,39,1,1,1
188,17,878,204,82,39,1,1,1
189,17,885,204,82,39,1,1,1
190,17,892,204,82,39,1,1,1
191,17,898,204,82,39,1,1,1
192,17,905,205,82,39,1,1,1
193,17,912,206,81,39,1,1,1
194,17,919,207,81,39,1,1,1
195,17,926,208,81,39,1,1,1
196,17,932,209,81,39,1,1,1
197,17,939,210,81,39,1,1,1
198,17,946,211,80,39,1,1,1
199,17,953,212,80,39,1,1,1
200,17,960,213,80,39,1,1,1
201,17,966,213,80,39,1,1,1
202,17,973,214,80,39,1,1,1
203,17,980,215,80,39,1,1,1
204,17,987,216,80,39,1,1,1
205,17,994,217,80,39,1,1,1
206,17,1001,218,80,39,1,1,1
207,17,1008,219,80,39,1,1,1
208,17,1015,220,80,39,1,1,1
209,17,1022,221,80,39,1,1,1
210,17,1029,222,80,39,1,1,1
211,17,1036,222,80,39,1,1,1
212,17,1043,223,80,39,1,1,1
213,17,1050,224,80,39,1,1,1
214,17,1057,224,80,39,1,1,1
215,17,1064,225,80,39,1,1,1
216,17,1071,226,80,39,1,1,1
217,17,1078,226,80,39,1,1,1
218,17,1085,227,80,39,1,1,1
219,17,1092,228,80,39,1,1,1
220,17,1099,229,80,39,1,1,1
221,17,1106,229,80,39,1,1,1
222,17,1113,230,80,39,1,1,1
223,17,1120,231,80,39,1,1,1
224,17,1127,232,80,39,1,1,1
225,17,1134,233,80,39,1,1,1
226,17,1141,233,80,39,1,1,1
227,17,1148,234,80,39,1,1,1
228,17,1155,235,80,39,1,1,1
229,17,1162,236,80,39,1,1,1
230,17,1170,237,80,39,1,1,1
231,17,1177,237,80,39,1,1,1
232,17,1184,237,80,39,1,1,1
233,17,1191,238,80,39,1,1,1
234,17,1199,238,80,39,1,1,1
235,17,1206,239,80,39,1,1,1
236,17,1213,239,80,39,1,1,1
237,17,1221,239,80,39,1,1,1
238,17,1228,240,80,39,1,1,1
239,17,1235,240,80,39,1,1,1
240,17,1243,241,80,39,1,1,1
241,17,1250,241,80,39,1,1,1
242,17,1258,241,80,39,1,1,1
243,17,1266,241,80,39,1,1,1
244,17,1273,241,80,39,1,1,1
245,17,1281,242,80,39,1,1,1
246,17,1289,242,80,39,1,1,1
247,17,1296,242,80,39,1,1,1
248,17,1304,242,80,39,1,1,1
249,17,1312,243,80,39,1,1,1
20,18,0,305,32,37,1,1,1
21,18,1,304,38,37,1,1,1
22,18,3,303,43,37,1,1,1
23,18,5,303,48,36,1,1,1
24,18,6,302,54,37,1,1,1
25,18,8,302,59,36,1,1,1
26,18,10,301,64,36,1,1,1
27,18,11,300,70,37,1,1,1
28,18,13,300,75,36,1,1,1
29,18,15,299,80,36,1,1,1
30,19,0,309,10,30,1,1,1
31,19,0,308,14,30,1,1,1
32,19,0,307,19,31,1,1,1
33,19,0,306,24,32,1,1,1
34,19,0,305,29,33,1,1,1
35,19,0,305,34,33,1,1,1
36,19,0,304,38,34,1,1,1
37,19,0,303,43,35,1,1,1
38,19,0,302,48,36,1,1,1
39,19,0,301,53,37,1,1,1
40,19,0,301,58,37,1,1,1
41,19,0,300,61,37,1,1,1
42,19,0,300,64,36,1,1,1
43,19,0,299,67,37,1,1,1
44,19,0,299,71,36,1,1,1
45,19,0,298,74,37,1,1,1
46,19,0,298,77,36,1,1,1
47,19,0,297,81,36,1,1,1
48,19,0,297,84,36,1,1,1
49,19,0,296,87,36,1,1,1
50,19,0,296,91,36,1,1,1
51,19,3,295,92,36,1,1,1
52,19,7,294,92,37,1,1,1
53,19,11,293,92,37,1,1,1
54,19,15,293,93,37,1,1,1
55,19,19,292,93,37,1,1,1
56,19,23,291,93,38,1,1,1
57,19,27,291,94,37,1,1,1
58,19,31,290,94,38,1,1,1
59,19,35,289,94,38,1,1,1
56,20,0,292,8,35,1,1,1
57,20,0,291,12,35,1,1,1
58,20,0,290,16,35,1,1,1
59,20,0,289,20,35,1,1,1
60,20,0,289,24,34,1,1,1
61,20,0,288,28,34,1,1,1
62,20,0,287,33,35,1,1,1
63,20,0,286,37,36,1,1,1
64,20,0,286,42,35,1,1,1
65,20,0,285,47,36,1,1,1
66,20,0,284,51,37,1,1,1
67,20,0,284,56,36,1,1,1
68,20,0,283,60,37,1,1,1
69,20,0,282,65,38,1,1,1
70,20,0,282,70,38,1,1,1
71,20,3,281,72,38,1,1,1
72,20,7,280,74,38,1,1,1
73,20,11,279,75,38,1,1,1
74,20,15,279,77,37,1,1,1
75,20,19,278,78,37,1,1,1
76,20,23,277,80,37,1,1,1
77,20,27,277,81,36,1,1,1
78,20,31,276,83,36,1,1,1
79,20,35,275,84,36,1,1,1
76,21,0,282,10,30,1,1,1
77,21,0,280,15,31,1,1,1
78,21,0,279,21,32,1,1,1
79,21,0,278,26,33,1,1,1
80,21,0,277,32,34,1,1,1
81,21,0,276,37,34,1,1,1
82,21,0,276,42,34,1,1,1
83,21,0,275,47,35,1,1,1
84,21,0,275,52,35,1,1,1
85,21,0,274,58,36,1,1,1
86,21,0,274,63,35,1,1,1
87,21,0,273,68,36,1,1,1
88,21,0,273,73,36,1,1,1
89,21,0,272,78,37,1,1,1
96,22,0,275,12,29,1,1,1
97,22,0,274,15,29,1,1,1
98,22,0,274,19,28,1,1,1
99,22,0,273,23,28,1,1,1
100,22,0,273,27,28,1,1,1
101,22,0,272,30,28,1,1,1
102,22,0,272,34,28,1,1,1
103,22,0,272,37,28,1,1,1
104,22,0,271,41,29,1,1,1
105,22,0,271,45,29,1,1,1
106,22,0,271,48,28,1,1,1
107,22,0,270,52,29,1,1,1
108,22,0,270,55,29,1,1,1
109,22,0,270,59,29,1,1,1
110,22,0,270,63,29,1,1,1
111,22,0,269,65,30,1,1,1
112,22,1,269,67,31,1,1,1
113,22,2,269,69,31,1,1,1
114,22,3,269,70,32,1,1,1
115,22,4,269,72,33,1,1,1
116,22,5,269,74,33,1,1,1
117,22,6,269,75,34,1,1,1
118,22,7,269,77,34,1,1,1
119,22,8,269,79,35,1,1,1
130,23,0,269,26,31,1,1,1
131,23,0,268,30,32,1,1,1
132,23,0,268,35,33,1,1,1
133,23,0,268,39,33,1,1,1
134,23,0,268,44,34,1,1,1
135,23,0,268,48,34,1,1,1
136,23,0,268,53,35,1,1,1
137,23,0,268,57,35,1,1,1
138,23,0,268,62,36,1,1,1
139,23,0,268,66,36,1,1,1
150,24,0,262,19,37,1,1,1
151,24,0,261,24,38,1,1,1
152,24,0,261,30,38,1,1,1
153,24,0,261,36,38,1,1,1
154,24,0,260,42,39,1,1,1
155,24,0,260,48,39,1,1,1
156,24,0,260,53,39,1,1,1
157,24,0,259,59,40,1,1,1
158,24,0,259,65,40,1,1,1
159,24,0,259,71,40,1,1,1
160,24,0,259,77,40,1,1,1
161,24,4,258,78,40,1,1,1
162,24,9,258,79,40,1,1,1
163,24,13,258,81,39,1,1,1
164,24,18,257,81,40,1,1,1
165,24,23,257,82,40,1,1,1
166,24,27,257,84,39,1,1,1
167,24,32,256,84,40,1,1,1
168,24,36,256,86,39,1,1,1
169,24,41,256,87,39,1,1,1
165,25,0,263,10,32,1,1,1
166,25,0,262,16,33,1,1,1
167,25,0,261,22,34,1,1,1
168,25,0,260,28,36,1,1,1
169,25,0,259,34,37,1,1,1
170,25,0,259,41,38,1,1,1
171,25,1,258,46,38,1,1,1
172,25,2,257,51,38,1,1,1
173,25,3,257,57,38,1,1,1
174,25,4,256,62,38,1,1,1
175,25,5,256,68,38,1,1,1
176,25,6,255,73,38,1,1,1
177,25,7,254,78,38,1,1,1
178,25,8,254,84,38,1,1,1
179,25,9,253,89,38,1,1,1
197,26,0,242,19,40,1,1,1
198,26,0,239,26,43,1,1,1
199,26,0,237,34,45,1,1,1
200,26,0,235,42,47,1,1,1
201,26,0,235,47,47,1,1,1
202,26,0,236,53,47,1,1,1
203,26,0,236,59,48,1,1,1
204,26,0,237,65,48,1,1,1
205,26,0,238,71,48,1,1,1
206,26,0,238,77,48,1,1,1
207,26,0,239,83,48,1,1,1
208,26,0,239,89,49,1,1,1
209,26,0,240,95,49,1,1,1
210,26,0,241,101,49,1,1,1
211,26,5,241,103,49,1,1,1
212,26,10,242,105,49,1,1,1
213,26,16,243,106,48,1,1,1
214,26,21,243,109,49,1,1,1
215,26,27,244,110,49,1,1,1
216,26,32,245,112,48,1,1,1
217,26,37,245,115,49,1,1,1
218,26,43,246,116,48,1,1,1
219,26,48,247,118,48,1,1,1
10,27,1846,764,72,43,1,1,1
11,27,1852,763,66,43,1,1,1
12,27,1859,763,59,43,1,1,1
13,27,1866,763,52,43,1,1,1
14,27,1873,763,45,43,1,1,1
15,27,1880,763,38,43,1,1,1
16,27,1887,762,31,43,1,1,1
17,27,1894,762,24,43,1,1,1
18,27,1901,762,17,43,1,1,1
19,27,1908,762,10,43,1,1,1
50,28,1880,690,38,31,1,1,1
51,28,1883,690,35,30,1,1,1
52,28,1887,690,32,30,1,1,1
53,28,1891,690,28,30,1,1,1
54,28,1895,690,25,30,1,1,1
55,28,1899,690,21,30,1,1,1
56,28,1903,690,18,29,1,1,1
57,28,1907,690,14,29,1,1,1
58,28,1911,690,11,29,1,1,1
59,28,1915,690,7,29,1,1,1
100,30,1835,669,83,39,1,1,1
101,30,1843,668,75,39,1,1,1
102,30,1851,668,67,39,1,1,1
103,30,1859,667,59,39,1,1,1
104,30,1867,667,52,39,1,1,1
105,30,1876,666,43,39,1,1,1
106,30,1884,666,35,39,1,1,1
107,30,1892,665,28,39,1,1,1
108,30,1900,665,20,39,1,1,1
109,30,1908,664,12,39,1,1,1
120,31,1870,616,48,38,1,1,1
121,31,1874,615,44,38,1,1,1
122,31,1879,615,39,38,1,1,1
123,31,1884,615,34,38,1,1,1
124,31,1888,615,31,38,1,1,1
125,31,1893,615,26,38,1,1,1
126,31,1898,615,21,38,1,1,1
127,31,1902,615,18,38,1,1,1
128,31,1907,615,13,38,1,1,1
129,31,1912,615,8,38,1,1,1
104,32,0,690,9,32,1,1,1
105,32,0,689,21,33,1,1,1
106,32,1,688,32,34,1,1,1
107,32,1,688,44,35,1,1,1
108,32,2,687,55,36,1,1,1
109,32,2,686,67,37,1,1,1
231,32,1874,721,45,39,1,1,1
232,32,1878,720,41,39,1,1,1
233,32,1882,720,37,39,1,1,1
234,32,1886,720,33,39,1,1,1
235,32,1890,720,29,39,1,1,1
236,32,1894,720,25,39,1,1,1
237,32,1898,720,21,39,1,1,1
238,32,1902,720,17,39,1,1,1
239,32,1906,720,13,39,1,1,1
240,32,1910,720,9,39,1,1,1
145,33,0,631,16,31,1,1,1
146,33,2,630,28,32,1,1,1
147,33,4,629,41,34,1,1,1
148,33,7,629,53,35,1,1,1
149,33,9,628,65,36,1,1,1
150,33,11,627,78,38,1,1,1
158,34,0,700,8,34,1,1,1
159,34,0,699,23,36,1,1,1
160,34,0,698,38,38,1,1,1
161,34,0,697,54,40,1,1,1
162,34,12,696,58,40,1,1,1
163,34,25,696,62,39,1,1,1
164,34,37,695,67,40,1,1,1
165,34,50,695,71,39,1,1,1
166,34,62,694,76,40,1,1,1
167,34,75,694,80,39,1,1,1
168,34,87,693,85,39,1,1,1
169,34,100,693,89,39,1,1,1
170,34,112,692,94,39,1,1,1
171,35,0,621,54,39,1,1,1
172,35,11,620,58,39,1,1,1
173,35,23,620,61,39,1,1,1
174,35,34,619,65,40,1,1,1
175,35,46,619,69,39,1,1,1
176,35,58,618,72,40,1,1,1
177,35,69,618,76,40,1,1,1
178,35,81,617,80,40,1,1,1
179,35,92,617,84,40,1,1,1
180,35,104,616,87,41,1,1,1
225,36,0,687,18,38,1,1,1
226,36,0,687,34,38,1,1,1
227,36,0,687,51,39,1,1,1
228,36,0,688,67,38,1,1,1
229,36,0,688,84,39,1,1,1
230,36,0,689,101,39,1,1,1
231,36,17,689,101,40,1,1,1
232,36,34,690,101,40,1,1,1
233,36,51,691,101,40,1,1,1
234,36,68,692,101,40,1,1,1
235,36,85,692,101,41,1,1,1
236,36,102,693,101,41,1,1,1
237,36,119,694,101,41,1,1,1
238,36,136,695,101,41,1,1,1
80,37,1844,850,75,39,1,1,1
81,37,1849,849,69,39,1,1,1
82,37,1855,848,63,39,1,1,1
83,37,1860,847,58,39,1,1,1
84,37,1866,846,52,39,1,1,1
85,37,1871,846,47,39,1,1,1
86,37,1877,845,41,39,1,1,1
87,37,1882,844,36,39,1,1,1
88,37,1888,843,30,39,1,1,1
89,37,1893,842,25,39,1,1,1
90,37,1899,842,19,39,1,1,1
91,37,1900,841,18,39,1,1,1
92,37,1901,841,17,39,1,1,1
93,37,1903,841,15,39,1,1,1
94,37,1904,841,14,39,1,1,1
95,37,1906,841,12,39,1,1,1
96,37,1907,840,11,39,1,1,1
97,37,1908,840,10,39,1,1,1
98,37,1910,840,8,39,1,1,1
99,37,1911,840,7,39,1,1,1
249,37,1899,842,19,39,1,1,1
100,38,1833,838,83,38,1,1,1
101,38,1836,838,80,38,1,1,1
102,38,1840,838,76,38,1,1,1
103,38,1843,838,73,38,1,1,1
104,38,1847,838,69,38,1,1,1
105,38,1851,838,66,38,1,1,1
106,38,1854,838,63,38,1,1,1
107,38,1858,838,59,38,1,1,1
108,38,1861,838,56,38,1,1,1
109,38,1865,838,52,38,1,1,1
110,38,1869,839,49,37,1,1,1
111,38,1872,839,46,37,1,1,1
112,38,1876,839,42,37,1,1,1
113,38,1879,840,39,37,1,1,1
114,38,1883,840,35,37,1,1,1
115,38,1886,841,32,37,1,1,1
116,38,1890,841,28,37,1,1,1
117,38,1893,841,25,37,1,1,1
118,38,1897,842,21,37,1,1,1
119,38,1900,842,18,37,1,1,1
120,38,1904,843,15,37,1,1,1
121,38,1905,843,14,37,1,1,1
122,38,1906,843,13,37,1,1,1
123,38,1908,843,11,37,1,1,1
124,38,1909,843,11,37,1,1,1
125,38,1911,843,9,37,1,1,1
126,38,1912,843,8,37,1,1,1
127,38,1913,843,8,37,1,1,1
128,38,1915,843,6,37,1,1,1
129,38,1916,843,5,37,1,1,1
140,39,1868,847,50,39,1,1,1
141,39,1872,846,46,39,1,1,1
142,39,1877,846,41,39,1,1,1
143,39,1882,846,36,39,1,1,1
144,39,1887,846,32,39,1,1,1
145,39,1892,846,27,39,1,1,1
146,39,1897,846,22,39,1,1,1
147,39,1902,846,18,39,1,1,1
148,39,1907,846,13,39,1,1,1
149,39,1912,846,8,39,1,1,1
100,40,1607,841,86,39,1,1,1
101,40,1610,841,86,39,1,1,1
102,40,1613,841,86,39,1,1,1
103,40,1616,841,86,39,1,1,1
104,40,1620,841,86,39,1,1,1
105,40,1623,841,86,39,1,1,1
106,40,1626,841,86,39,1,1,1
107,40,1630,841,86,39,1,1,1
108,40,1633,841,86,39,1,1,1
109,40,1636,841,86,39,1,1,1
110,40,1640,841,86,39,1,1,1
111,40,1643,841,86,39,1,1,1
112,40,1646,841,86,39,1,1,1
113,40,1649,841,86,39,1,1,1
114,40,1652,841,86,39,1,1,1
115,40,1655,841,86,39,1,1,1
116,40,1658,841,86,39,1,1,1
117,40,1661,841,86,39,1,1,1
118,40,1664,841,86,39,1,1,1
119,40,1667,841,86,39,1,1,1
120,40,1671,841,86,39,1,1,1
121,40,1675,841,86,39,1,1,1
122,40,1679,841,86,39,1,1,1
123,40,1683,841,87,39,1,1,1
124,40,1688,842,86,38,1,1,1
125,40,1692,842,87,39,1,1,1
126,40,1696,842,87,39,1,1,1
127,40,1701,843,86,38,1,1,1
128,40,1705,843,87,38,1,1,1
129,40,1709,843,87,38,1,1,1
130,40,1714,844,87,38,1,1,1
131,40,1718,844,87,38,1,1,1
132,40,1723,844,87,38,1,1,1
133,40,1727,844,87,38,1,1,1
134,40,1732,844,87,38,1,1,1
135,40,1736,845,87,38,1,1,1
136,40,1741,845,87,38,1,1,1
137,40,1745,845,87,38,1,1,1
138,40,1750,845,87,38,1,1,1
139,40,1754,845,87,38,1,1,1
140,40,1759,846,87,38,1,1,1
141,40,1764,845,87,38,1,1,1
142,40,1769,845,87,38,1,1,1
143,40,1774,845,87,38,1,1,1
144,40,1779,845,87,38,1,1,1
145,40,1784,845,87,38,1,1,1
146,40,1789,845,87,38,1,1,1
147,40,1794,845,87,38,1,1,1
148,40,1799,845,87,38,1,1,1
149,40,1804,845,87,38,1,1,1
150,40,1810,845,87,38,1,1,1
151,40,1815,844,84,38,1,1,1
152,40,1821,844,80,38,1,1,1
153,40,1827,844,76,38,1,1,1
154,40,1833,844,72,38,1,1,1
155,40,1839,844,68,38,1,1,1
156,40,1845,843,64,38,1,1,1
157,40,1851,843,60,38,1,1,1
158,40,1857,843,56,38,1,1,1
159,40,1863,843,52,38,1,1,1
160,40,1869,843,49,38,1,1,1
161,40,1873,842,45,38,1,1,1
162,40,1878,842,40,38,1,1,1
163,40,1883,842,35,38,1,1,1
164,40,1888,842,31,38,1,1,1
165,40,1893,842,26,38,1,1,1
166,40,1897,841,22,39,1,1,1
167,40,1902,841,18,39,1,1,1
168,40,1907,841,13,39,1,1,1
169,40,1912,841,8,39,1,1,1
180,41,1555,842,98,39,1,1,1
181,41,1562,842,98,39,1,1,1
182,41,1569,842,98,39,1,1,1
183,41,1576,843,98,39,1,1,1
184,41,1583,843,98,39,1,1,1
185,41,1590,844,98,39,1,1,1
186,41,1597,844,98,39,1,1,1
187,41,1604,844,98,39,1,1,1
188,41,1611,845,98,39,1,1,1
189,41,1618,845,98,39,1,1,1
190,41,1625,846,98,39,1,1,1
191,41,1632,847,98,39,1,1,1
192,41,1640,848,98,39,1,1,1
193,41,1647,849,99,39,1,1,1
194,41,1655,850,98,39,1,1,1
195,41,1663,852,98,39,1,1,1
196,41,1670,853,99,39,1,1,1
197,41,1678,854,98,39,1,1,1
198,41,1685,855,99,39,1,1,1
199,41,1693,856,99,39,1,1,1
200,41,1701,858,99,39,1,1,1
201,41,1708,859,99,39,1,1,1
202,41,1715,860,99,39,1,1,1
203,41,1722,862,99,39,1,1,1
204,41,1730,863,99,39,1,1,1
205,41,1737,865,99,39,1,1,1
206,41,1744,866,99,39,1,1,1
207,41,1752,867,99,39,1,1,1
208,41,1759,869,99,39,1,1,1
209,41,1766,870,99,39,1,1,1
210,41,1774,872,99,39,1,1,1
211,41,1781,873,96,39,1,1,1
212,41,1789,874,93,39,1,1,1
213,41,1796,875,90,39,1,1,1
214,41,1804,876,87,39,1,1,1
215,41,1811,877,84,39,1,1,1
216,41,1819,878,81,39,1,1,1
217,41,1826,879,78,39,1,1,1
218,41,1834,880,75,39,1,1,1
219,41,1841,881,72,39,1,1,1
220,41,1849,883,69,39,1,1,1
221,41,1855,884,63,39,1,1,1
222,41,1862,885,56,39,1,1,1
223,41,1869,886,49,39,1,1,1
224,41,1876,887,43,39,1,1,1
225,41,1883,888,36,39,1,1,1
226,41,1889,889,30,39,1,1,1
227,41,1896,890,24,39,1,1,1
228,41,1903,891,17,39,1,1,1
229,41,1910,892,10,39,1,1,1
160,43,1191,845,89,38,1,1,1
161,43,1197,844,89,38,1,1,1
162,43,1203,844,89,38,1,1,1
163,43,1209,844,89,38,1,1,1
164,43,1215,844,89,38,1,1,1
165,43,1222,844,89,38,1,1,1
166,43,1228,843,89,38,1,1,1
167,43,1234,843,89,38,1,1,1
168,43,1240,843,89,38,1,1,1
169,43,1246,843,89,38,1,1,1
170,43,1253,843,89,38,1,1,1
171,43,1259,842,89,38,1,1,1
172,43,1266,842,89,38,1,1,1
173,43,1273,842,89,38,1,1,1
174,43,1280,841,89,38,1,1,1
175,43,1287,841,89,38,1,1,1
176,43,1294,841,89,38,1,1,1
177,43,1301,840,89,38,1,1,1
178,43,1308,840,89,38,1,1,1
179,43,1315,840,89,38,1,1,1
180,43,1322,840,89,38,1,1,1
181,43,1328,840,89,38,1,1,1
182,43,1335,840,89,38,1,1,1
183,43,1342,840,89,38,1,1,1
184,43,1349,840,89,38,1,1,1
185,43,1356,840,89,38,1,1,1
186,43,1362,840,89,38,1,1,1
187,43,1369,840,89,38,1,1,1
188,43,1376,840,89,38,1,1,1
189,43,1383,840,89,38,1,1,1
190,43,1390,840,89,38,1,1,1
191,43,1397,841,89,38,1,1,1
192,43,1405,842,89,38,1,1,1
193,43,1412,844,89,38,1,1,1
194,43,1420,845,89,38,1,1,1
195,43,1427,847,89,38,1,1,1
196,43,1435,848,89,38,1,1,1
197,43,1442,849,89,38,1,1,1
198,43,1450,851,89,38,1,1,1
199,43,1457,852,89,38,1,1,1
200,43,1465,854,89,38,1,1,1
201,43,1472,855,89,38,1,1,1
202,43,1479,856,89,38,1,1,1
203,43,1486,858,89,38,1,1,1
204,43,1493,859,89,38,1,1,1
205,43,1500,861,89,38,1,1,1
206,43,1507,862,89,38,1,1,1
207,43,1514,863,89,38,1,1,1
208,43,1521,865,89,38,1,1,1
209,43,1528,866,89,38,1,1,1
210,43,1535,868,89,38,1,1,1
211,43,1542,869,89,38,1,1,1
212,43,1550,870,89,38,1,1,1
213,43,1558,871,89,38,1,1,1
214,43,1566,872,89,38,1,1,1
215,43,1574,873,89,38,1,1,1
216,43,1581,874,89,38,1,1,1
217,43,1589,875,89,38,1,1,1
218,43,1597,876,89,38,1,1,1
219,43,1605,877,89,38,1,1,1
220,43,1613,879,89,38,1,1,1
221,43,1621,879,89,38,1,1,1
222,43,1629,880,89,38,1,1,1
223,43,1638,881,89,38,1,1,1
224,43,1646,882,89,38,1,1,1
225,43,1655,883,89,38,1,1,1
226,43,1663,883,89,38,1,1,1
227,43,1671,884,89,38,1,1,1
228,43,1680,885,89,38,1,1,1
229,43,1688,886,89,38,1,1,1
230,43,1697,887,89,38,1,1,1
231,43,1705,887,89,38,1,1,1
232,43,1713,888,89,38,1,1,1
233,43,1721,888,89,38,1,1,1
234,43,1729,889,89,38,1,1,1
235,43,1738,889,89,38,1,1,1
236,43,1746,890,89,38,1,1,1
237,43,1754,890,89,38,1,1,1
238,43,1762,891,89,38,1,1,1
239,43,1770,891,89,38,1,1,1
240,43,1779,892,89,38,1,1,1
241,43,1786,892,87,38,1,1,1
242,43,1794,892,85,38,1,1,1
243,43,1802,892,82,38,1,1,1
244,43,1810,892,80,38,1,1,1
245,43,1818,892,77,38,1,1,1
246,43,1826,892,75,38,1,1,1
247,43,1834,892,72,38,1,1,1
248,43,1842,892,70,38,1,1,1
249,43,1850,892,68,38,1,1,1
100,44,801,852,98,40,1,1,1
101,44,804,851,98,40,1,1,1
102,44,808,851,98,40,1,1,1
103,44,811,851,98,40,1,1,1
104,44,815,850,98,40,1,1,1
105,44,818,850,98,40,1,1,1
106,44,822,850,98,40,1,1,1
107,44,825,849,98,40,1,1,1
108,44,829,849,98,40,1,1,1
109,44,832,849,98,40,1,1,1
110,44,836,849,98,40,1,1,1
111,44,839,849,98,40,1,1,1
112,44,842,849,98,40,1,1,1
113,44,845,849,98,40,1,1,1
114,44,848,849,98,40,1,1,1
115,44,851,850,98,40,1,1,1
116,44,854,850,98,40,1,1,1
117,44,857,850,98,40,1,1,1
118,44,860,850,98,40,1,1,1
119,44,863,850,98,40,1,1,1
120,44,867,851,98,40,1,1,1
121,44,871,851,98,40,1,1,1
122,44,875,851,98,40,1,1,1
123,44,880,851,97,40,1,1,1
124,44,884,852,98,39,1,1,1
125,44,889,852,97,40,1,1,1
126,44,893,852,97,40,1,1,1
127,44,897,853,98,39,1,1,1
128,44,902,853,97,39,1,1,1
129,44,906,853,97,39,1,1,1
130,44,911,854,97,39,1,1,1
131,44,916,854,96,39,1,1,1
132,44,921,854,96,39,1,1,1
133,44,926,854,95,39,1,1,1
134,44,931,854,95,39,1,1,1
135,44,937,855,93,38,1,1,1
136,44,942,855,93,38,1,1,1
137,44,947,855,92,38,1,1,1
138,44,952,855,92,38,1,1,1
139,44,957,855,91,38,1,1,1
140,44,963,856,90,38,1,1,1
141,44,968,856,90,38,1,1,1
142,44,973,856,90,38,1,1,1
143,44,978,856,90,38,1,1,1
144,44,984,856,90,38,1,1,1
145,44,989,856,90,38,1,1,1
146,44,994,856,90,38,1,1,1
147,44,1000,856,90,38,1,1,1
148,44,1005,856,90,38,1,1,1
149,44,1010,856,90,38,1,1,1
150,44,1016,856,90,38,1,1,1
151,44,1021,855,90,38,1,1,1
152,44,1027,855,90,38,1,1,1
153,44,1033,854,90,38,1,1,1
154,44,1039,854,90,38,1,1,1
155,44,1045,854,90,38,1,1,1
156,44,1050,853,91,38,1,1,1
157,44,1056,853,91,38,1,1,1
158,44,1062,852,91,38,1,1,1
159,44,1068,852,91,38,1,1,1
160,44,1074,852,91,38,1,1,1
161,44,1080,851,91,38,1,1,1
162,44,1087,851,91,38,1,1,1
163,44,1094,850,90,38,1,1,1
164,44,1100,850,91,38,1,1,1
165,44,1107,850,90,38,1,1,1
166,44,1114,849,90,38,1,1,1
167,44,1120,849,90,38,1,1,1
168,44,1127,848,90,38,1,1,1
169,44,1134,848,89,38,1,1,1
170,44,1141,848,89,38,1,1,1
171,44,1147,847,89,38,1,1,1
172,44,1153,846,89,38,1,1,1
173,44,1160,846,89,38,1,1,1
174,44,1166,845,89,38,1,1,1
175,44,1173,845,89,38,1,1,1
176,44,1179,844,89,38,1,1,1
177,44,1185,843,89,38,1,1,1
178,44,1192,843,89,38,1,1,1
179,44,1198,842,89,38,1,1,1
180,44,1205,842,89,38,1,1,1
181,44,1212,842,89,38,1,1,1
182,44,1219,842,89,38,1,1,1
183,44,1226,842,89,38,1,1,1
184,44,1234,842,89,38,1,1,1
185,44,1241,843,89,38,1,1,1
186,44,1248,843,89,38,1,1,1
187,44,1256,843,89,38,1,1,1
188,44,1263,843,89,38,1,1,1
189,44,1270,843,89,38,1,1,1
190,44,1278,844,89,38,1,1,1
191,44,1284,845,89,38,1,1,1
192,44,1291,846,89,38,1,1,1
193,44,1298,848,89,38,1,1,1
194,44,1305,849,89,38,1,1,1
195,44,1312,851,89,38,1,1,1
196,44,1319,852,89,38,1,1,1
197,44,1326,853,89,38,1,1,1
198,44,1333,855,89,38,1,1,1
199,44,1340,856,89,38,1,1,1
200,44,1347,858,89,38,1,1,1
201,44,1354,859,89,38,1,1,1
202,44,1361,860,89,38,1,1,1
203,44,1369,862,89,38,1,1,1
204,44,1376,863,89,38,1,1,1
205,44,1384,865,89,38,1,1,1
206,44,1391,866,89,38,1,1,1
207,44,1398,867,89,38,1,1,1
208,44,1406,869,89,38,1,1,1
209,44,1413,870,89,38,1,1,1
210,44,1421,872,89,38,1,1,1
211,44,1428,872,89,38,1,1,1
212,44,1436,873,89,38,1,1,1
213,44,1443,874,89,38,1,1,1
214,44,1451,875,89,38,1,1,1
215,44,1458,876,89,38,1,1,1
216,44,1466,876,89,38,1,1,1
217,44,1473,877,89,38,1,1,1
218,44,1481,878,89,38,1,1,1
219,44,1488,879,89,38,1,1,1
220,44,1496,880,89,38,1,1,1
221,44,1503,880,89,38,1,1,1
222,44,1511,881,89,38,1,1,1
223,44,1519,882,89,38,1,1,1
224,44,1526,882,89,38,1,1,1
225,44,1534,883,89,38,1,1,1
226,44,1542,884,89,38,1,1,1
227,44,1549,884,89,38,1,1,1
228,44,1557,885,89,38,1,1,1
229,44,1565,886,89,38,1,1,1
230,44,1573,887,89,38,1,1,1
231,44,1581,887,89,38,1,1,1
232,44,1590,887,89,39,1,1,1
233,44,1599,888,89,38,1,1,1
234,44,1607,888,89,39,1,1,1
235,44,1616,889,89,38,1,1,1
236,44,1625,889,89,39,1,1,1
237,44,1633,889,89,39,1,1,1
238,44,1642,890,89,39,1,1,1
239,44,1651,890,89,39,1,1,1
240,44,1660,891,89,39,1,1,1
241,44,1668,891,89,39,1,1,1
242,44,1676,891,89,39,1,1,1
243,44,1685,892,89,39,1,1,1
244,44,1693,892,89,39,1,1,1
245,44,1702,892,89,39,1,1,1
246,44,1710,893,89,39,1,1,1
247,44,1719,893,89,39,1,1,1
248,44,1727,893,89,39,1,1,1
249,44,1736,894,89,39,1,1,1
60,45,0,878,26,38,1,1,1
61,45,0,877,31,38,1,1,1
62,45,0,876,36,39,1,1,1
63,45,0,875,41,40,1,1,1
64,45,0,875,46,39,1,1,1
65,45,0,874,51,40,1,1,1
66,45,0,873,56,41,1,1,1
67,45,0,873,61,40,1,1,1
68,45,0,872,66,41,1,1,1
69,45,0,871,71,42,1,1,1
70,45,0,871,76,42,1,1,1
71,45,2,870,79,42,1,1,1
72,45,4,869,83,42,1,1,1
73,45,7,868,86,42,1,1,1
74,45,9,867,89,42,1,1,1
75,45,12,867,92,42,1,1,1
76,45,14,866,96,42,1,1,1
77,45,16,865,99,42,1,1,1
78,45,19,864,102,42,1,1,1
79,45,21,863,106,42,1,1,1
80,46,0,866,11,35,1,1,1
81,46,0,865,16,35,1,1,1
82,46,0,864,22,36,1,1,1
83,46,0,863,28,36,1,1,1
84,46,0,862,34,37,1,1,1
85,46,0,862,40,37,1,1,1
86,46,0,861,46,37,1,1,1
87,46,0,860,52,38,1,1,1
88,46,0,859,58,38,1,1,1
89,46,0,858,64,39,1,1,1
90,46,0,858,70,39,1,1,1
91,46,1,857,73,39,1,1,1
92,46,2,857,76,39,1,1,1
93,46,4,857,78,39,1,1,1
94,46,5,856,82,40,1,1,1
95,46,7,856,84,40,1,1,1
96,46,8,856,87,40,1,1,1
97,46,9,855,91,41,1,1,1
98,46,11,855,93,41,1,1,1
99,46,12,855,96,41,1,1,1
133,47,0,860,12,35,1,1,1
134,47,0,859,16,36,1,1,1
135,47,0,859,21,36,1,1,1
136,47,0,859,26,36,1,1,1
137,47,0,858,30,38,1,1,1
138,47,0,858,35,38,1,1,1
139,47,0,858,40,38,1,1,1
140,47,0,858,45,39,1,1,1
141,47,0,858,50,39,1,1,1
142,47,1,858,55,39,1,1,1
143,47,1,858,60,39,1,1,1
144,47,2,858,65,39,1,1,1
145,47,3,858,70,39,1,1,1
146,47,3,858,75,39,1,1,1
147,47,4,858,80,39,1,1,1
148,47,4,858,85,39,1,1,1
149,47,5,858,90,39,1,1,1
167,48,0,849,10,33,1,1,1
168,48,0,848,16,34,1,1,1
169,48,0,847,22,36,1,1,1
170,48,0,847,29,37,1,1,1
171,48,0,846,35,37,1,1,1
172,48,0,846,42,37,1,1,1
173,48,0,845,49,38,1,1,1
174,48,0,845,55,38,1,1,1
175,48,0,844,62,39,1,1,1
176,48,0,844,69,39,1,1,1
177,48,0,843,75,40,1,1,1
178,48,0,843,82,40,1,1,1
179,48,0,842,89,41,1,1,1
180,48,0,842,96,41,1,1,1
181,48,7,841,96,41,1,1,1
182,48,14,841,96,41,1,1,1
183,48,21,840,96,41,1,1,1
184,48,28,840,96,41,1,1,1
185,48,35,840,96,41,1,1,1
186,48,42,839,96,41,1,1,1
187,48,49,839,96,41,1,1,1
188,48,56,838,96,41,1,1,1
189,48,63,838,96,41,1,1,1
190,48,70,838,96,41,1,1,1
191,48,77,838,96,40,1,1,1
192,48,84,838,96,40,1,1,1
193,48,91,838,96,40,1,1,1
194,48,98,838,96,40,1,1,1
195,48,105,838,96,40,1,1,1
196,48,112,838,96,40,1,1,1
197,48,119,838,96,40,1,1,1
198,48,126,838,96,40,1,1,1
199,48,133,838,96,40,1,1,1
200,48,140,838,96,40,1,1,1
201,48,147,839,96,40,1,1,1
202,48,154,840,96,40,1,1,1
203,48,161,841,96,40,1,1,1
204,48,168,842,96,40,1,1,1
205,48,175,843,96,40,1,1,1
206,48,182,844,96,40,1,1,1
207,48,189,845,96,40,1,1,1
208,48,196,846,96,40,1,1,1
209,48,203,847,96,40,1,1,1
210,48,210,848,96,40,1,1,1
211,48,217,849,96,40,1,1,1
212,48,225,850,96,40,1,1,1
213,48,233,851,96,40,1,1,1
214,48,240,853,96,40,1,1,1
215,48,248,854,96,40,1,1,1
216,48,256,855,96,40,1,1,1
217,48,263,857,96,40,1,1,1
218,48,271,858,96,40,1,1,1
219,48,279,859,96,40,1,1,1
220,48,287,861,96,40,1,1,1
221,48,295,861,96,40,1,1,1
222,48,303,861,96,40,1,1,1
223,48,311,862,96,40,1,1,1
224,48,319,862,96,40,1,1,1
225,48,327,863,96,40,1,1,1
226,48,335,863,96,40,1,1,1
227,48,343,863,96,40,1,1,1
228,48,351,864,96,40,1,1,1
229,48,359,864,96,40,1,1,1
230,48,367,865,96,40,1,1,1
231,48,375,865,96,40,1,1,1
232,48,383,866,96,40,1,1,1
233,48,391,867,96,40,1,1,1
234,48,399,867,96,40,1,1,1
235,48,408,868,96,40,1,1,1
236,48,416,869,96,40,1,1,1
237,48,424,869,96,40,1,1,1
238,48,432,870,96,40,1,1,1
239,48,440,871,96,40,1,1,1
240,48,449,872,96,40,1,1,1
241,48,457,872,96,40,1,1,1
242,48,465,872,97,40,1,1,1
243,48,474,873,97,40,1,1,1
244,48,482,873,97,40,1,1,1
245,48,491,873,97,40,1,1,1
246,48,499,874,98,40,1,1,1
247,48,508,874,97,40,1,1,1
248,48,516,874,98,40,1,1,1
249,48,525,875,98,40,1,1,1
249,49,0,871,19,32,1,1,1
90,55,1909,19,9,9,1,1,1
91,55,1910,19,8,9,1,1,1
92,55,1911,19,8,9,1,1,1
93,55,1912,19,7,9,1,1,1
94,55,1913,19,7,9,1,1,1
95,55,1914,19,6,10,1,1,1
96,55,1915,19,6,10,1,1,1
97,55,1916,19,5,10,1,1,1
98,55,1917,19,5,10,1,1,1
99,55,1918,19,4,10,1,1,1
249,55,1909,19,9,9,1,1,1
110,57,1904,20,14,14,1,1,1
111,57,1905,20,13,14,1,1,1
112,57,1906,20,12,14,1,1,1
113,57,1907,20,11,14,1,1,1
114,57,1908,20,10,14,1,1,1
115,57,1910,20,9,14,1,1,1
116,57,1911,20,8,14,1,1,1
117,57,1912,20,7,14,1,1,1
118,57,1913,20,6,14,1,1,1
119,57,1914,20,5,14,1,1,1
10,58,0,368,33,19,1,1,1
11,58,11,367,33,19,1,1,1
12,58,22,366,33,19,1,1,1
13,58,33,365,34,19,1,1,1
14,58,44,364,34,19,1,1,1
15,58,56,364,34,19,1,1,1
16,58,67,363,34,19,1,1,1
17,58,78,362,34,19,1,1,1
18,58,89,361,35,19,1,1,1
19,58,100,360,35,19,1,1,1
20,61,1710,0,16,14,1,1,1
21,61,1716,0,15,13,1,1,1
22,61,1722,0,15,12,1,1,1
23,61,1728,0,15,12,1,1,1
24,61,1734,0,14,11,1,1,1
25,61,1740,0,14,11,1,1,1
26,61,1746,0,14,10,1,1,1
27,61,1752,0,13,9,1,1,1
28,61,1758,0,13,9,1,1,1
29,61,1764,0,13,8,1,1,1
30,61,1770,0,13,8,1,1,1
31,61,1774,0,13,7,1,1,1
32,61,1778,0,13,7,1,1,1
33,61,1782,0,13,6,1,1,1
34,61,1786,0,13,6,1,1,1
35,61,1790,0,13,6,1,1,1
36,61,1794,0,13,5,1,1,1
37,61,1798,0,13,5,1,1,1
38,61,1802,0,13,4,1,1,1
39,61,1806,0,13,4,1,1,1
80,62,1904,89,15,31,1,1,1
81,62,1905,88,14,31,1,1,1
82,62,1906,88,13,31,1,1,1
83,62,1907,88,12,31,1,1,1
84,62,1909,87,10,31,1,1,1
85,62,1910,87,10,31,1,1,1
86,62,1911,87,9,31,1,1,1
87,62,1913,86,7,31,1,1,1
88,62,1914,86,6,31,1,1,1
89,62,1915,86,5,31,1,1,1
0,63,0,91,4,10,1,1,1
1,63,5,89,7,10,1,1,1
2,63,11,87,9,11,1,1,1
3,63,17,85,11,12,1,1,1
4,63,22,83,14,13,1,1,1
5,63,28,81,16,14,1,1,1
6,63,34,79,18,15,1,1,1
7,63,39,77,21,16,1,1,1
8,63,45,75,23,17,1,1,1
9,63,51,73,25,18,1,1,1
80,63,379,26,21,22,1,1,1
81,63,383,25,21,22,1,1,1
82,63,387,25,21,22,1,1,1
83,63,391,24,21,22,1,1,1
84,63,395,24,21,22,1,1,1
85,63,400,24,21,22,1,1,1
86,63,404,23,21,22,1,1,1
87,63,408,23,21,22,1,1,1
88,63,412,22,21,22,1,1,1
89,63,416,22,21,22,1,1,1
90,63,421,22,21,22,1,1,1
91,63,424,21,20,22,1,1,1
92,63,427,20,20,22,1,1,1
93,63,430,19,20,22,1,1,1
94,63,433,19,20,21,1,1,1
95,63,437,18,19,22,1,1,1
96,63,440,17,19,22,1,1,1
97,63,443,17,19,21,1,1,1
98,63,446,16,19,21,1,1,1
99,63,449,15,19,21,1,1,1
100,63,453,15,18,21,1,1,1
101,63,455,14,18,21,1,1,1
102,63,458,14,18,21,1,1,1
103,63,461,14,18,21,1,1,1
104,63,463,14,18,21,1,1,1
105,63,466,14,18,21,1,1,1
106,63,469,13,18,21,1,1,1
107,63,471,13,18,21,1,1,1
108,63,474,13,18,21,1,1,1
109,63,477,13,18,21,1,1,1
110,63,480,13,18,21,1,1,1
111,63,482,12,18,21,1,1,1
112,63,484,12,18,21,1,1,1
113,63,486,12,18,21,1,1,1
114,63,488,12,18,21,1,1,1
115,63,491,12,18,21,1,1,1
116,63,493,12,18,21,1,1,1
117,63,495,12,18,21,1,1,1
118,63,497,12,18,21,1,1,1
119,63,499,12,18,21,1,1,1
120,63,502,12,18,21,1,1,1
121,63,505,11,18,21,1,1,1
122,63,508,11,18,21,1,1,1
123,63,511,11,18,21,1,1,1
124,63,514,11,18,21,1,1,1
125,63,518,11,18,21,1,1,1
126,63,521,11,18,21,1,1,1
127,63,524,11,18,21,1,1,1
128,63,527,11,18,21,1,1,1
129,63,530,11,18,21,1,1,1
130,63,534,11,18,21,1,1,1
131,63,537,10,18,21,1,1,1
132,63,540,10,18,21,1,1,1
133,63,544,10,18,21,1,1,1
134,63,547,10,18,21,1,1,1
135,63,551,10,18,21,1,1,1
136,63,554,10,18,21,1,1,1
137,63,557,10,18,21,1,1,1
138,63,561,10,18,21,1,1,1
139,63,564,10,18,21,1,1,1
140,63,568,10,18,21,1,1,1
141,63,572,9,18,21,1,1,1
142,63,576,9,18,21,1,1,1
143,63,580,8,18,21,1,1,1
144,63,584,8,18,21,1,1,1
145,63,588,7,18,21,1,1,1
146,63,592,7,18,21,1,1,1
147,63,596,6,18,21,1,1,1
148,63,600,6,18,21,1,1,1
149,63,604,5,18,21,1,1,1
150,63,609,5,18,21,1,1,1
151,63,613,4,18,21,1,1,1
152,63,618,4,18,20,1,1,1
153,63,623,3,17,20,1,1,1
154,63,628,3,17,19,1,1,1
155,63,633,2,16,19,1,1,1
156,63,637,2,17,18,1,1,1
157,63,642,1,16,18,1,1,1
158,63,647,1,16,17,1,1,1
159,63,652,0,15,17,1,1,1
160,63,657,0,15,16,1,1,1
161,63,662,0,15,15,1,1,1
162,63,667,0,15,15,1,1,1
163,63,672,0,15,15,1,1,1
164,63,677,0,15,15,1,1,1
165,63,682,0,15,15,1,1,1
166,63,687,0,15,14,1,1,1
167,63,692,0,15,14,1,1,1
168,63,697,0,15,14,1,1,1
169,63,702,0,15,14,1,1,1
170,63,708,0,14,14,1,1,1
171,63,713,0,14,13,1,1,1
172,63,719,0,14,13,1,1,1
173,63,725,0,14,13,1,1,1
174,63,730,0,14,13,1,1,1
175,63,736,0,14,13,1,1,1
176,63,742,0,14,12,1,1,1
177,63,747,0,14,12,1,1,1
178,63,753,0,14,12,1,1,1
179,63,759,0,14,12,1,1,1
180,63,765,0,14,12,1,1,1
181,63,771,0,13,11,1,1,1
182,63,777,0,13,11,1,1,1
183,63,783,0,12,11,1,1,1
184,63,789,0,12,11,1,1,1
185,63,795,0,12,11,1,1,1
186,63,801,0,11,11,1,1,1
187,63,807,0,11,11,1,1,1
188,63,813,0,10,11,1,1,1
189,63,819,0,10,11,1,1,1
190,63,826,0,9,11,1,1,1
191,63,832,0,9,10,1,1,1
192,63,838,0,9,10,1,1,1
193,63,844,0,9,10,1,1,1
194,63,850,0,9,10,1,1,1
195,63,856,0,10,10,1,1,1
196,63,862,0,10,10,1,1,1
197,63,868,0,10,10,1,1,1
198,63,874,0,10,10,1,1,1
199,63,880,0,10,10,1,1,1
200,63,886,0,11,10,1,1,1
201,63,892,0,10,10,1,1,1
202,63,898,0,10,11,1,1,1
203,63,904,0,10,12,1,1,1
204,63,910,0,10,13,1,1,1
205,63,916,1,10,13,1,1,1
206,63,922,1,10,13,1,1,1
207,63,928,1,10,14,1,1,1
208,63,934,1,10,15,1,1,1
209,63,940,1,10,16,1,1,1
210,63,946,2,10,16,1,1,1
211,63,952,2,10,16,1,1,1
212,63,958,3,10,16,1,1,1
213,63,964,4,10,16,1,1,1
214,63,970,4,10,16,1,1,1
215,63,976,5,10,16,1,1,1
216,63,982,6,10,16,1,1,1
217,63,988,6,10,16,1,1,1
218,63,994,7,10,16,1,1,1
219,63,1000,8,10,16,1,1,1
0,64,0,109,4,10,1,1,1
1,64,5,106,7,11,1,1,1
2,64,11,104,9,12,1,1,1
3,64,17,101,11,13,1,1,1
4,64,23,99,13,14,1,1,1
5,64,29,97,15,15,1,1,1
6,64,34,94,18,16,1,1,1
7,64,40,92,20,17,1,1,1
8,64,46,89,22,18,1,1,1
9,64,52,87,24,19,1,1,1
220,64,1011,18,15,20,1,1,1
221,64,1017,18,15,20,1,1,1
222,64,1023,18,15,21,1,1,1
223,64,1029,19,15,20,1,1,1
224,64,1036,19,14,21,1,1,1
225,64,1042,20,15,20,1,1,1
226,64,1048,20,15,21,1,1,1
227,64,1055,20,14,21,1,1,1
228,64,1061,21,14,21,1,1,1
229,64,1067,21,14,21,1,1,1
90,66,1910,807,8,12,1,1,1
91,66,1910,807,8,12,1,1,1
92,66,1911,807,7,12,1,1,1
93,66,1911,807,7,12,1,1,1
94,66,1912,807,6,12,1,1,1
95,66,1913,808,6,11,1,1,1
96,66,1913,808,6,11,1,1,1
97,66,1914,808,5,11,1,1,1
98,66,1914,808,5,11,1,1,1
99,66,1915,808,4,11,1,1,1
249,66,1910,807,8,12,1,1,1
110,67,0,804,17,16,1,1,1
111,67,5,804,20,16,1,1,1
112,67,10,804,23,16,1,1,1
113,67,16,804,26,16,1,1,1
114,67,21,804,29,16,1,1,1
115,67,27,804,32,17,1,1,1
116,67,32,804,35,17,1,1,1
117,67,37,804,38,17,1,1,1
118,67,43,804,41,17,1,1,1
119,67,48,804,44,17,1,1,1
136,68,0,815,12,14,1,1,1
137,68,0,814,19,15,1,1,1
138,68,0,813,26,16,1,1,1
139,68,0,812,33,17,1,1,1
220,69,0,839,20,15,1,1,1
221,69,8,839,21,15,1,1,1
222,69,16,840,22,15,1,1,1
223,69,25,841,23,15,1,1,1
224,69,33,842,24,15,1,1,1
225,69,41,842,26,15,1,1,1
226,69,50,843,26,15,1,1,1
227,69,58,844,28,15,1,1,1
228,69,66,845,29,15,1,1,1
249,70,0,825,21,18,1,1,1
10,71,1021,908,39,28,1,1,1
11,71,1030,907,39,28,1,1,1
12,71,1039,907,39,27,1,1,1
13,71,1048,906,39,28,1,1,1
14,71,1057,906,39,27,1,1,1
15,71,1066,905,40,28,1,1,1
16,71,1075,905,40,27,1,1,1
17,71,1084,904,40,27,1,1,1
18,71,1093,904,40,27,1,1,1
19,71,1102,903,40,27,1,1,1
20,71,1111,903,41,27,1,1,1
21,71,1118,902,41,27,1,1,1
22,71,1125,901,41,27,1,1,1
23,71,1133,900,41,27,1,1,1
24,71,1140,900,41,27,1,1,1
25,71,1148,899,41,27,1,1,1
26,71,1155,898,41,27,1,1,1
27,71,1162,898,41,27,1,1,1
28,71,1170,897,41,27,1,1,1
29,71,1177,896,41,27,1,1,1
30,71,1185,896,41,27,1,1,1
31,71,1190,895,41,27,1,1,1
32,71,1195,895,41,27,1,1,1
33,71,1200,894,41,28,1,1,1
34,71,1205,894,41,27,1,1,1
35,71,1211,893,41,28,1,1,1
36,71,1216,893,41,28,1,1,1
37,71,1221,892,41,28,1,1,1
38,71,1226,892,41,28,1,1,1
39,71,1231,891,41,29,1,1,1
40,71,1237,891,41,29,1,1,1
41,71,1240,890,42,29,1,1,1
42,71,1244,889,42,29,1,1,1
43,71,1247,889,43,28,1,1,1
44,71,1251,888,44,29,1,1,1
45,71,1254,888,45,28,1,1,1
46,71,1258,887,45,28,1,1,1
47,71,1261,886,47,29,1,1,1
48,71,1265,886,47,28,1,1,1
49,71,1268,885,48,28,1,1,1
50,71,1272,885,49,28,1,1,1
51,71,1276,884,49,28,1,1,1
52,71,1281,884,49,28,1,1,1
53,71,1285,884,49,28,1,1,1
54,71,1290,884,49,28,1,1,1
55,71,1294,884,49,28,1,1,1
56,71,1299,883,49,28,1,1,1
57,71,1303,883,49,28,1,1,1
58,71,1308,883,49,28,1,1,1
59,71,1312,883,49,28,1,1,1
60,71,1317,883,49,28,1,1,1
61,71,1321,882,49,28,1,1,1
62,71,1326,881,49,28,1,1,1
63,71,1331,880,48,29,1,1,1
64,71,1336,880,48,28,1,1,1
65,71,1341,879,48,29,1,1,1
66,71,1346,878,47,29,1,1,1
67,71,1351,878,47,28,1,1,1
68,71,1356,877,46,29,1,1,1
69,71,1361,876,46,29,1,1,1
70,71,1366,876,46,29,1,1,1
71,71,1371,875,46,29,1,1,1
72,71,1377,874,46,29,1,1,1
73,71,1383,874,46,29,1,1,1
74,71,1388,873,47,29,1,1,1
75,71,1394,873,47,29,1,1,1
76,71,1400,872,47,29,1,1,1
77,71,1405,871,48,29,1,1,1
78,71,1411,871,48,29,1,1,1
79,71,1417,870,48,29,1,1,1
80,71,1423,870,48,29,1,1,1
81,71,1428,869,48,29,1,1,1
82,71,1434,868,48,29,1,1,1
83,71,1439,868,48,29,1,1,1
84,71,1445,867,48,29,1,1,1
85,71,1451,867,48,29,1,1,1
86,71,1456,866,48,29,1,1,1
87,71,1462,865,48,29,1,1,1
88,71,1467,865,48,29,1,1,1
89,71,1473,864,48,29,1,1,1
90,71,1479,864,48,29,1,1,1
91,71,1483,863,48,29,1,1,1
92,71,1487,863,48,29,1,1,1
93,71,1492,863,48,29,1,1,1
94,71,1496,862,48,29,1,1,1
95,71,1501,862,48,29,1,1,1
96,71,1505,862,48,29,1,1,1
97,71,1509,861,48,29,1,1,1
98,71,1514,861,48,29,1,1,1
99,71,1518,861,48,29,1,1,1
100,71,1523,861,48,29,1,1,1
101,71,1526,860,48,29,1,1,1
102,71,1530,860,48,29,1,1,1
103,71,1533,860,48,29,1,1,1
104,71,1537,860,48,29,1,1,1
105,71,1541,860,48,29,1,1,1
106,71,1544,859,48,29,1,1,1
107,71,1548,859,48,29,1,1,1
108,71,1551,859,48,29,1,1,1
109,71,1555,859,48,29,1,1,1
110,71,1559,859,48,29,1,1,1
111,71,1562,859,48,29,1,1,1
112,71,1565,859,48,29,1,1,1
113,71,1568,859,49,29,1,1,1
114,71,1572,859,48,29,1,1,1
115,71,1575,860,49,29,1,1,1
116,71,1578,860,49,29,1,1,1
117,71,1582,860,48,29,1,1,1
118,71,1585,860,49,29,1,1,1
119,71,1588,860,49,29,1,1,1
120,71,1592,861,49,29,1,1,1
121,71,1595,861,49,29,1,1,1
122,71,1599,861,49,29,1,1,1
123,71,1603,861,49,29,1,1,1
124,71,1607,862,49,29,1,1,1
125,71,1611,862,49,29,1,1,1
126,71,1614,862,49,29,1,1,1
127,71,1618,863,49,29,1,1,1
128,71,1622,863,49,29,1,1,1
129,71,1626,863,49,29,1,1,1
130,71,1630,864,49,29,1,1,1
131,71,1634,864,49,29,1,1,1
132,71,1639,864,49,29,1,1,1
133,71,1644,864,49,29,1,1,1
134,71,1649,864,49,29,1,1,1
135,71,1654,864,49,29,1,1,1
136,71,1658,864,49,29,1,1,1
137,71,1663,864,49,29,1,1,1
138,71,1668,864,49,29,1,1,1
139,71,1673,864,49,29,1,1,1
140,71,1678,864,49,29,1,1,1
141,71,1683,863,49,29,1,1,1
142,71,1688,863,49,29,1,1,1
143,71,1693,863,49,29,1,1,1
144,71,1699,863,49,29,1,1,1
145,71,1704,863,49,29,1,1,1
146,71,1709,862,49,29,1,1,1
147,71,1715,862,49,29,1,1,1
148,71,1720,862,49,29,1,1,1
149,71,1725,862,49,29,1,1,1
150,71,1731,862,49,29,1,1,1
151,71,1736,861,49,29,1,1,1
152,71,1742,861,49,29,1,1,1
153,71,1748,861,49,29,1,1,1
154,71,1754,861,49,29,1,1,1
155,71,1760,861,49,29,1,1,1
156,71,1766,860,49,29,1,1,1
157,71,1772,860,49,29,1,1,1
158,71,1778,860,49,29,1,1,1
159,71,1784,860,49,29,1,1,1
160,71,1790,860,49,29,1,1,1
161,71,1796,859,49,29,1,1,1
162,71,1802,859,49,29,1,1,1
163,71,1808,858,49,29,1,1,1
164,71,1815,858,49,29,1,1,1
165,71,1821,857,49,29,1,1,1
166,71,1827,857,49,29,1,1,1
167,71,1834,856,49,29,1,1,1
168,71,1840,856,49,29,1,1,1
169,71,1846,855,49,29,1,1,1
170,71,1853,855,49,29,1,1,1
171,71,1859,855,44,29,1,1,1
172,71,1865,855,40,29,1,1,1
173,71,1871,855,36,29,1,1,1
174,71,1878,855,31,29,1,1,1
175,71,1884,855,27,29,1,1,1
176,71,1890,855,22,29,1,1,1
177,71,1897,855,17,29,1,1,1
178,71,1903,855,13,29,1,1,1
179,71,1909,855,9,29,1,1,1
249,71,1479,864,48,29,1,1,1
30,74,1229,896,28,27,1,1,1
31,74,1234,895,28,27,1,1,1
32,74,1239,895,28,27,1,1,1
33,74,1244,894,28,28,1,1,1
34,74,1249,894,28,28,1,1,1
35,74,1254,894,28,28,1,1,1
36,74,1259,893,28,28,1,1,1
37,74,1264,893,28,28,1,1,1
38,74,1269,892,28,29,1,1,1
39,74,1274,892,28,29,1,1,1
40,74,1279,892,28,29,1,1,1
41,74,1283,891,28,29,1,1,1
42,74,1287,890,28,29,1,1,1
43,74,1291,890,28,29,1,1,1
44,74,1295,889,28,29,1,1,1
45,74,1299,889,28,29,1,1,1
46,74,1303,888,28,29,1,1,1
47,74,1307,887,28,29,1,1,1
48,74,1311,887,28,29,1,1,1
49,74,1315,886,28,29,1,1,1
50,74,1319,886,28,29,1,1,1
51,74,1322,885,28,29,1,1,1
52,74,1326,884,28,29,1,1,1
53,74,1330,884,28,29,1,1,1
54,74,1334,883,28,29,1,1,1
55,74,1338,883,28,29,1,1,1
56,74,1342,882,28,29,1,1,1
57,74,1346,881,28,29,1,1,1
58,74,1350,881,28,29,1,1,1
59,74,1354,880,28,29,1,1,1
60,74,1358,880,28,29,1,1,1
61,74,1363,879,28,29,1,1,1
62,74,1368,879,28,29,1,1,1
63,74,1373,878,28,29,1,1,1
64,74,1378,878,28,29,1,1,1
65,74,1383,878,28,29,1,1,1
66,74,1388,877,28,29,1,1,1
67,74,1393,877,28,29,1,1,1
68,74,1398,876,28,29,1,1,1
69,74,1403,876,28,29,1,1,1
70,74,1409,876,28,29,1,1,1
71,74,1414,875,28,29,1,1,1
72,74,1420,875,28,29,1,1,1
73,74,1425,874,28,29,1,1,1
74,74,1431,874,28,29,1,1,1
75,74,1436,873,28,29,1,1,1
76,74,1442,873,28,29,1,1,1
77,74,1447,872,28,29,1,1,1
78,74,1453,872,28,29,1,1,1
79,74,1458,871,28,29,1,1,1
80,74,1464,871,28,29,1,1,1
81,74,1469,870,28,29,1,1,1
82,74,1475,869,28,29,1,1,1
83,74,1480,868,28,29,1,1,1
84,74,1486,867,28,29,1,1,1
85,74,1491,866,28,29,1,1,1
86,74,1497,865,28,29,1,1,1
87,74,1502,864,28,29,1,1,1
88,74,1508,863,28,29,1,1,1
89,74,1513,862,28,29,1,1,1
90,74,1519,862,28,29,1,1,1
91,74,1523,861,27,29,1,1,1
92,74,1528,861,26,29,1,1,1
93,74,1532,860,26,29,1,1,1
94,74,1537,860,25,29,1,1,1
95,74,1541,859,25,29,1,1,1
96,74,1546,859,24,29,1,1,1
97,74,1550,858,24,29,1,1,1
98,74,1555,858,23,29,1,1,1
99,74,1559,857,23,29,1,1,1
100,74,1564,857,22,29,1,1,1
101,74,1567,857,22,29,1,1,1
102,74,1571,857,22,29,1,1,1
103,74,1574,857,22,29,1,1,1
104,74,1578,857,22,29,1,1,1
105,74,1581,857,22,29,1,1,1
106,74,1585,857,22,29,1,1,1
107,74,1588,857,22,29,1,1,1
108,74,1592,857,22,29,1,1,1
109,74,1595,857,22,29,1,1,1
110,74,1599,858,22,29,1,1,1
111,74,1602,858,22,29,1,1,1
112,74,1606,858,22,29,1,1,1
113,74,1609,858,22,29,1,1,1
114,74,1613,858,22,29,1,1,1
115,74,1616,858,22,29,1,1,1
116,74,1620,858,22,29,1,1,1
117,74,1623,858,22,29,1,1,1
118,74,1627,858,22,29,1,1,1
119,74,1630,858,22,29,1,1,1
120,74,1634,859,22,29,1,1,1
121,74,1638,859,22,29,1,1,1
122,74,1642,859,22,29,1,1,1
123,74,1646,860,23,29,1,1,1
124,74,1650,860,23,29,1,1,1
125,74,1655,861,23,29,1,1,1
126,74,1659,861,23,29,1,1,1
127,74,1663,861,23,29,1,1,1
128,74,1667,862,24,29,1,1,1
129,74,1671,862,24,29,1,1,1
130,74,1676,863,24,29,1,1,1
131,74,1680,863,24,29,1,1,1
132,74,1685,863,24,29,1,1,1
133,74,1689,863,24,29,1,1,1
134,74,1694,863,24,29,1,1,1
135,74,1699,863,24,29,1,1,1
136,74,1703,863,24,29,1,1,1
137,74,1708,863,24,29,1,1,1
138,74,1712,863,24,29,1,1,1
139,74,1717,863,24,29,1,1,1
140,74,1722,864,24,29,1,1,1
141,74,1727,864,24,29,1,1,1
142,74,1733,864,24,29,1,1,1
143,74,1738,864,24,29,1,1,1
144,74,1744,864,24,29,1,1,1
145,74,1749,864,24,29,1,1,1
146,74,1755,864,24,29,1,1,1
147,74,1760,864,24,29,1,1,1
148,74,1766,864,24,29,1,1,1
149,74,1771,864,24,29,1,1,1
150,74,1777,864,24,29,1,1,1
151,74,1783,863,24,29,1,1,1
152,74,1789,863,24,29,1,1,1
153,74,1795,862,24,29,1,1,1
154,74,1801,862,24,29,1,1,1
155,74,1808,862,24,29,1,1,1
156,74,1814,861,24,29,1,1,1
157,74,1820,861,24,29,1,1,1
158,74,1826,860,24,29,1,1,1
159,74,1832,860,24,29,1,1,1
160,74,1839,860,24,29,1,1,1
161,74,1844,859,24,29,1,1,1
162,74,1850,859,24,29,1,1,1
163,74,1856,859,23,29,1,1,1
164,74,1861,858,24,29,1,1,1
165,74,1867,858,24,29,1,1,1
166,74,1873,858,23,29,1,1,1
167,74,1878,857,24,29,1,1,1
168,74,1884,857,23,29,1,1,1
169,74,1890,857,23,29,1,1,1
170,74,1896,857,23,29,1,1,1
171,74,1898,857,21,29,1,1,1
172,74,1900,857,19,29,1,1,1
173,74,1902,857,18,29,1,1,1
174,74,1905,857,15,29,1,1,1
175,74,1907,857,14,29,1,1,1
176,74,1909,857,12,29,1,1,1
177,74,1912,857,9,29,1,1,1
178,74,1914,857,8,29,1,1,1
179,74,1916,857,6,29,1,1,1
249,74,1519,862,28,29,1,1,1
151,75,0,902,7,28,1,1,1
152,75,5,901,8,28,1,1,1
153,75,10,901,9,28,1,1,1
154,75,15,901,10,28,1,1,1
155,75,20,901,11,28,1,1,1
156,75,25,900,12,29,1,1,1
157,75,30,900,13,29,1,1,1
158,75,35,900,14,29,1,1,1
159,75,40,900,15,29,1,1,1
174,76,0,897,10,32,1,1,1
175,76,5,896,12,32,1,1,1
176,76,11,896,13,32,1,1,1
177,76,17,896,14,31,1,1,1
178,76,23,895,15,32,1,1,1
179,76,29,895,16,31,1,1,1
230,76,400,923,18,31,1,1,1
231,76,408,923,18,31,1,1,1
232,76,417,924,17,30,1,1,1
233,76,425,924,18,30,1,1,1
234,76,434,925,17,30,1,1,1
235,76,443,925,17,30,1,1,1
236,76,451,926,17,29,1,1,1
237,76,460,926,16,30,1,1,1
238,76,468,927,17,29,1,1,1
239,76,477,927,16,29,1,1,1
0,77,1569,200,13,26,1,1,1
1,77,1578,199,12,26,1,1,1
2,77,1587,199,12,26,1,1,1
3,77,1596,198,12,26,1,1,1
4,77,1605,198,12,26,1,1,1
5,77,1614,197,12,26,1,1,1
6,77,1623,197,11,26,1,1,1
7,77,1632,196,11,26,1,1,1
8,77,1641,196,11,26,1,1,1
9,77,1650,195,11,26,1,1,1
10,77,1659,195,11,26,1,1,1
11,77,1667,194,11,26,1,1,1
12,77,1675,193,11,26,1,1,1
13,77,1683,192,12,26,1,1,1
14,77,1691,191,12,26,1,1,1
15,77,1699,190,13,26,1,1,1
16,77,1707,189,13,26,1,1,1
17,77,1715,188,13,26,1,1,1
18,77,1723,187,14,26,1,1,1
19,77,1731,186,14,26,1,1,1
20,77,1739,186,15,25,1,1,1
21,77,1745,185,15,25,1,1,1
22,77,1751,185,16,25,1,1,1
23,77,1758,184,15,26,1,1,1
24,77,1764,184,16,26,1,1,1
25,77,1771,184,16,26,1,1,1
26,77,1777,183,16,26,1,1,1
27,77,1783,183,17,26,1,1,1
28,77,1790,182,16,27,1,1,1
29,77,1796,182,17,27,1,1,1
30,77,1803,182,17,27,1,1,1
31,77,1807,181,17,27,1,1,1
32,77,1812,181,17,27,1,1,1
33,77,1816,181,17,27,1,1,1
34,77,1821,181,17,27,1,1,1
35,77,1826,181,17,27,1,1,1
36,77,1830,180,17,27,1,1,1
37,77,1835,180,17,27,1,1,1
38,77,1839,180,17,27,1,1,1
39,77,1844,180,17,27,1,1,1
40,77,1849,180,17,27,1,1,1
41,77,1852,179,17,27,1,1,1
42,77,1855,179,17,27,1,1,1
43,77,1858,178,17,27,1,1,1
44,77,1861,178,17,27,1,1,1
45,77,1865,177,17,27,1,1,1
46,77,1868,177,17,27,1,1,1
47,77,1871,176,17,27,1,1,1
48,77,1874,176,17,27,1,1,1
49,77,1877,175,17,27,1,1,1
50,77,1881,175,17,27,1,1,1
51,77,1884,174,16,27,1,1,1
52,77,1887,174,15,27,1,1,1
53,77,1891,173,13,27,1,1,1
54,77,1894,173,12,27,1,1,1
55,77,1898,172,10,27,1,1,1
56,77,1901,172,9,27,1,1,1
57,77,1904,171,8,27,1,1,1
58,77,1908,171,6,27,1,1,1
59,77,1911,170,5,27,1,1,1
7,82,0,49,15,15,1,1,1
8,82,6,48,17,15,1,1,1
9,82,12,48,19,14,1,1,1
90,82,373,0,17,13,1,1,1
91,82,376,0,16,12,1,1,1
92,82,380,0,15,12,1,1,1
93,82,383,0,15,12,1,1,1
94,82,387,0,14,12,1,1,1
95,82,390,0,14,12,1,1,1
96,82,394,0,12,11,1,1,1
97,82,397,0,12,11,1,1,1
98,82,401,0,11,11,1,1,1
99,82,404,0,11,11,1,1,1
100,82,408,0,10,11,1,1,1
101,82,410,0,10,10,1,1,1
102,82,412,0,10,9,1,1,1
103,82,415,0,10,9,1,1,1
104,82,417,0,10,8,1,1,1
105,82,420,0,10,8,1,1,1
106,82,422,0,10,7,1,1,1
107,82,424,0,10,6,1,1,1
108,82,427,0,10,6,1,1,1
109,82,429,0,10,5,1,1,1
110,82,432,0,10,5,1,1,1
111,82,434,0,10,4,1,1,1
112,82,436,0,10,4,1,1,1
113,82,439,0,9,4,1,1,1
114,82,441,0,10,4,1,1,1
115,82,444,0,9,4,1,1,1
116,82,446,0,9,4,1,1,1
117,82,448,0,10,4,1,1,1
118,82,451,0,9,4,1,1,1
119,82,453,0,9,4,1,1,1
120,82,456,0,9,4,1,1,1
121,82,458,0,9,4,1,1,1
122,82,461,0,8,4,1,1,1
123,82,463,0,9,4,1,1,1
124,82,466,0,8,4,1,1,1
125,82,468,0,9,4,1,1,1
126,82,471,0,8,4,1,1,1
127,82,473,0,8,4,1,1,1
128,82,476,0,8,4,1,1,1
129,82,478,0,8,4,1,1,1
249,82,1104,2,10,15,1,1,1
7,83,0,66,9,7,1,1,1
8,83,1,61,14,13,1,1,1
9,83,3,57,19,18,1,1,1
100,83,391,0,12,15,1,1,1
101,83,393,0,13,14,1,1,1
102,83,396,0,13,14,1,1,1
103,83,398,0,14,13,1,1,1
104,83,401,0,14,13,1,1,1
105,83,404,0,14,13,1,1,1
106,83,406,0,15,12,1,1,1
107,83,409,0,15,12,1,1,1
108,83,411,0,16,11,1,1,1
109,83,414,0,16,11,1,1,1
110,83,417,0,16,11,1,1,1
111,83,419,0,15,11,1,1,1
112,83,421,0,15,11,1,1,1
113,83,423,0,15,11,1,1,1
114,83,425,0,15,11,1,1,1
115,83,428,0,14,12,1,1,1
116,83,430,0,14,12,1,1,1
117,83,432,0,14,12,1,1,1
118,83,434,0,14,12,1,1,1
119,83,436,0,14,12,1,1,1
120,83,439,0,13,13,1,1,1
121,83,441,0,13,13,1,1,1
122,83,444,0,13,13,1,1,1
123,83,446,0,13,13,1,1,1
124,83,449,0,13,14,1,1,1
125,83,452,0,12,14,1,1,1
126,83,454,0,13,14,1,1,1
127,83,457,0,12,15,1,1,1
128,83,459,0,13,15,1,1,1
129,83,462,0,12,15,1,1,1
130,83,465,0,12,16,1,1,1
131,83,468,0,12,16,1,1,1
132,83,471,0,13,16,1,1,1
133,83,474,0,14,16,1,1,1
134,83,477,0,14,16,1,1,1
135,83,481,0,14,16,1,1,1
136,83,484,0,15,16,1,1,1
137,83,487,0,15,16,1,1,1
138,83,490,0,16,16,1,1,1
139,83,493,0,17,16,1,1,1
160,83,581,0,16,14,1,1,1
161,83,585,0,16,14,1,1,1
162,83,590,0,16,14,1,1,1
163,83,595,0,15,14,1,1,1
164,83,600,0,15,14,1,1,1
165,83,605,0,14,14,1,1,1
166,83,609,0,15,14,1,1,1
167,83,614,0,14,14,1,1,1
168,83,619,0,14,14,1,1,1
169,83,624,0,13,14,1,1,1
170,83,629,0,13,14,1,1,1
171,83,634,0,13,13,1,1,1
172,83,639,0,13,13,1,1,1
173,83,645,0,12,12,1,1,1
174,83,650,0,13,12,1,1,1
175,83,656,0,12,11,1,1,1
176,83,661,0,12,11,1,1,1
177,83,666,0,13,10,1,1,1
178,83,672,0,12,10,1,1,1
179,83,677,0,12,9,1,1,1
180,83,683,0,12,9,1,1,1
181,83,688,0,13,8,1,1,1
182,83,694,0,13,8,1,1,1
183,83,700,0,13,7,1,1,1
184,83,705,0,14,7,1,1,1
185,83,711,0,14,7,1,1,1
186,83,717,0,14,6,1,1,1
187,83,722,0,15,6,1,1,1
188,83,728,0,15,5,1,1,1
189,83,734,0,15,5,1,1,1
190,83,740,0,15,5,1,1,1
191,83,745,0,15,5,1,1,1
192,83,751,0,14,6,1,1,1
193,83,756,0,14,7,1,1,1
194,83,762,0,14,7,1,1,1
195,83,768,0,13,8,1,1,1
196,83,773,0,13,9,1,1,1
197,83,779,0,13,9,1,1,1
198,83,784,0,13,10,1,1,1
199,83,790,0,12,11,1,1,1
200,83,796,0,12,12,1,1,1
201,83,801,0,12,12,1,1,1
202,83,807,0,11,12,1,1,1
203,83,812,0,12,13,1,1,1
204,83,818,0,11,13,1,1,1
205,83,823,0,12,14,1,1,1
206,83,829,0,11,14,1,1,1
207,83,834,0,11,14,1,1,1
208,83,840,0,11,15,1,1,1
209,83,845,0,11,15,1,1,1
150,84,0,26,18,16,1,1,1
151,84,5,25,19,16,1,1,1
152,84,11,24,19,16,1,1,1
153,84,16,23,20,17,1,1,1
154,84,22,22,21,17,1,1,1
155,84,28,21,21,18,1,1,1
156,84,33,20,22,18,1,1,1
157,84,39,19,23,18,1,1,1
158,84,44,18,24,19,1,1,1
159,84,50,17,24,19,1,1,1
165,85,1,76,10,15,1,1,1
166,85,4,73,13,16,1,1,1
167,85,7,71,16,17,1,1,1
168,85,10,69,20,18,1,1,1
169,85,13,67,23,19,1,1,1
187,86,0,29,11,11,1,1,1
188,86,0,27,18,13,1,1,1
189,86,0,25,25,15,1,1,1
190,86,0,23,33,17,1,1,1
191,86,6,23,33,17,1,1,1
192,86,13,23,33,17,1,1,1
193,86,19,23,34,17,1,1,1
194,86,26,23,33,17,1,1,1
195,86,33,23,33,17,1,1,1
196,86,39,23,34,17,1,1,1
197,86,46,23,33,17,1,1,1
198,86,52,23,34,17,1,1,1
199,86,59,23,34,17,1,1,1
192,87,11,0,24,14,1,1,1
193,87,16,0,26,14,1,1,1
194,87,22,0,27,15,1,1,1
195,87,27,0,29,15,1,1,1
196,87,33,0,30,15,1,1,1
197,87,38,0,32,16,1,1,1
198,87,44,0,33,16,1,1,1
199,87,49,0,35,16,1,1,1
200,87,55,0,36,17,1,1,1
201,87,61,0,36,17,1,1,1
202,87,67,0,36,17,1,1,1
203,87,73,0,36,18,1,1,1
204,87,80,0,36,18,1,1,1
205,87,86,1,36,18,1,1,1
206,87,92,1,36,18,1,1,1
207,87,99,1,36,18,1,1,1
208,87,105,1,36,19,1,1,1
209,87,111,1,36,19,1,1,1
23,89,0,235,12,15,1,1,1
24,89,4,234,14,16,1,1,1
25,89,9,233,15,17,1,1,1
26,89,14,233,16,17,1,1,1
27,89,19,232,18,18,1,1,1
28,89,24,232,19,18,1,1,1
29,89,29,231,20,19,1,1,1
124,90,0,244,7,21,1,1,1
125,90,2,243,9,22,1,1,1
126,90,4,242,11,23,1,1,1
127,90,7,241,12,24,1,1,1
128,90,9,240,14,25,1,1,1
129,90,11,239,16,26,1,1,1
130,91,0,234,10,24,1,1,1
131,91,3,234,11,24,1,1,1
132,91,7,234,12,24,1,1,1
133,91,11,234,12,24,1,1,1
134,91,15,234,13,25,1,1,1
135,91,19,234,14,25,1,1,1
136,91,22,234,15,25,1,1,1
137,91,26,234,16,26,1,1,1
138,91,30,234,16,26,1,1,1
139,91,34,234,17,26,1,1,1
184,92,0,196,9,26,1,1,1
185,92,5,195,10,26,1,1,1
186,92,10,194,12,27,1,1,1
187,92,15,193,14,27,1,1,1
188,92,20,192,15,28,1,1,1
189,92,25,191,17,28,1,1,1
227,93,0,351,17,12,1,1,1
228,93,3,351,19,12,1,1,1
229,93,7,351,20,13,1,1,1
230,93,11,351,21,14,1,1,1
231,93,14,351,23,15,1,1,1
232,93,18,352,24,15,1,1,1
233,93,22,352,25,15,1,1,1
234,93,25,352,27,16,1,1,1
235,93,29,352,28,17,1,1,1
236,93,33,352,29,18,1,1,1
190,94,1092,923,13,16,1,1,1
191,94,1100,924,13,16,1,1,1
192,94,1108,925,14,16,1,1,1
193,94,1116,926,14,16,1,1,1
194,94,1124,927,15,16,1,1,1
195,94,1132,929,16,16,1,1,1
196,94,1140,930,16,16,1,1,1
197,94,1148,931,17,16,1,1,1
198,94,1156,932,17,16,1,1,1
199,94,1164,933,18,16,1,1,1
200,94,1173,935,18,16,1,1,1
201,94,1181,936,18,16,1,1,1
202,94,1189,938,19,16,1,1,1
203,94,1197,939,19,16,1,1,1
204,94,1205,941,20,16,1,1,1
205,94,1213,942,21,16,1,1,1
206,94,1221,944,21,16,1,1,1
207,94,1229,945,22,16,1,1,1
208,94,1237,947,22,16,1,1,1
209,94,1245,948,23,16,1,1,1
50,95,0,1025,13,34,1,1,1
51,95,3,1024,13,34,1,1,1
52,95,7,1024,13,33,1,1,1
53,95,11,1023,13,33,1,1,1
54,95,15,1023,12,33,1,1,1
55,95,19,1022,12,33,1,1,1
56,95,23,1022,12,32,1,1,1
57,95,27,1021,11,33,1,1,1
58,95,31,1021,11,32,1,1,1
59,95,35,1020,11,32,1,1,1
60,95,39,1020,11,32,1,1,1
61,95,44,1019,11,32,1,1,1
62,95,49,1018,12,32,1,1,1
63,95,54,1017,13,32,1,1,1
64,95,59,1017,14,31,1,1,1
65,95,64,1016,15,31,1,1,1
66,95,69,1015,16,31,1,1,1
67,95,74,1015,17,30,1,1,1
68,95,79,1014,18,30,1,1,1
69,95,84,1013,19,30,1,1,1
70,95,90,1013,19,29,1,1,1
71,95,95,1012,19,29,1,1,1
72,95,101,1011,19,29,1,1,1
73,95,107,1011,19,29,1,1,1
74,95,113,1010,19,29,1,1,1
75,95,119,1010,19,29,1,1,1
76,95,125,1009,19,29,1,1,1
77,95,131,1008,19,29,1,1,1
78,95,137,1008,19,29,1,1,1
79,95,143,1007,19,29,1,1,1
80,95,149,1007,19,29,1,1,1
81,95,155,1006,19,29,1,1,1
82,95,161,1005,19,29,1,1,1
83,95,167,1004,19,29,1,1,1
84,95,173,1003,19,29,1,1,1
85,95,179,1003,19,29,1,1,1
86,95,185,1002,19,29,1,1,1
87,95,191,1001,19,29,1,1,1
88,95,197,1000,19,29,1,1,1
89,95,203,999,19,29,1,1,1
90,95,209,999,19,29,1,1,1
91,95,213,998,19,29,1,1,1
92,95,218,998,19,29,1,1,1
93,95,223,997,19,29,1,1,1
94,95,227,997,19,29,1,1,1
95,95,232,997,19,29,1,1,1
96,95,237,996,19,29,1,1,1
97,95,241,996,19,29,1,1,1
98,95,246,995,19,29,1,1,1
99,95,251,995,19,29,1,1,1
100,95,256,995,19,29,1,1,1
101,95,259,994,19,30,1,1,1
102,95,263,994,19,30,1,1,1
103,95,267,994,19,30,1,1,1
104,95,271,993,18,31,1,1,1
105,95,275,993,18,31,1,1,1
106,95,278,993,19,31,1,1,1
107,95,282,992,18,32,1,1,1
108,95,286,992,18,32,1,1,1
109,95,290,992,18,32,1,1,1
110,95,294,992,18,32,1,1,1
111,95,297,992,18,32,1,1,1
112,95,300,992,18,32,1,1,1
113,95,304,992,18,32,1,1,1
114,95,307,992,18,32,1,1,1
115,95,311,992,18,32,1,1,1
116,95,314,992,18,32,1,1,1
117,95,317,992,18,32,1,1,1
118,95,321,992,18,32,1,1,1
119,95,324,992,18,32,1,1,1
120,95,328,992,18,32,1,1,1
121,95,332,992,18,32,1,1,1
122,95,336,992,18,32,1,1,1
123,95,340,992,18,32,1,1,1
124,95,344,992,18,32,1,1,1
125,95,348,993,18,32,1,1,1
126,95,352,993,18,32,1,1,1
127,95,356,993,18,32,1,1,1
128,95,360,993,18,32,1,1,1
129,95,364,993,18,32,1,1,1
130,95,369,994,18,32,1,1,1
131,95,374,994,18,32,1,1,1
132,95,379,994,18,32,1,1,1
133,95,384,994,18,32,1,1,1
134,95,389,994,18,32,1,1,1
135,95,394,994,18,32,1,1,1
136,95,399,994,18,32,1,1,1
137,95,404,994,18,32,1,1,1
138,95,409,994,18,32,1,1,1
139,95,414,994,18,32,1,1,1
140,95,420,995,18,32,1,1,1
141,95,425,994,18,32,1,1,1
142,95,431,994,18,32,1,1,1
143,95,436,993,18,32,1,1,1
144,95,442,993,18,32,1,1,1
145,95,447,993,18,32,1,1,1
146,95,453,992,18,32,1,1,1
147,95,458,992,18,32,1,1,1
148,95,464,991,18,32,1,1,1
149,95,469,991,18,32,1,1,1
150,95,475,991,18,32,1,1,1
151,95,481,990,18,32,1,1,1
152,95,487,990,18,32,1,1,1
153,95,493,990,18,31,1,1,1
154,95,499,990,18,31,1,1,1
155,95,505,990,18,31,1,1,1
156,95,511,989,18,31,1,1,1
157,95,517,989,18,31,1,1,1
158,95,523,989,18,30,1,1,1
159,95,529,989,18,30,1,1,1
160,95,535,989,18,30,1,1,1
161,95,541,988,18,30,1,1,1
162,95,548,988,18,30,1,1,1
163,95,555,988,18,30,1,1,1
164,95,562,987,18,30,1,1,1
165,95,569,987,18,30,1,1,1
166,95,575,987,18,30,1,1,1
167,95,582,986,18,30,1,1,1
168,95,589,986,18,30,1,1,1
169,95,596,986,18,30,1,1,1
170,95,603,986,18,30,1,1,1
171,95,609,985,18,30,1,1,1
172,95,616,984,18,30,1,1,1
173,95,623,984,18,29,1,1,1
174,95,630,983,18,30,1,1,1
175,95,637,983,18,29,1,1,1
176,95,644,982,17,29,1,1,1
177,95,651,981,17,30,1,1,1
178,95,658,981,17,29,1,1,1
179,95,665,980,17,29,1,1,1
180,95,672,980,17,29,1,1,1
181,95,679,979,17,30,1,1,1
182,95,686,979,17,30,1,1,1
183,95,693,979,17,30,1,1,1
184,95,700,979,17,30,1,1,1
185,95,707,979,18,30,1,1,1
186,95,714,979,18,30,1,1,1
187,95,721,979,18,30,1,1,1
188,95,728,979,18,30,1,1,1
189,95,735,979,18,30,1,1,1
190,95,742,979,19,30,1,1,1
191,95,749,979,19,30,1,1,1
192,95,756,980,19,30,1,1,1
193,95,763,981,19,30,1,1,1
194,95,771,981,18,31,1,1,1
195,95,778,982,19,31,1,1,1
196,95,785,983,19,31,1,1,1
197,95,793,983,18,32,1,1,1
198,95,800,984,18,32,1,1,1
199,95,807,985,18,32,1,1,1
200,95,815,986,18,32,1,1,1
201,95,822,987,18,31,1,1,1
202,95,829,988,18,31,1,1,1
203,95,837,989,17,31,1,1,1
204,95,844,990,17,31,1,1,1
205,95,852,991,17,31,1,1,1
206,95,859,992,17,31,1,1,1
207,95,866,993,17,31,1,1,1
208,95,874,994,16,31,1,1,1
209,95,881,995,16,31,1,1,1
210,95,889,997,16,30,1,1,1
211,95,897,998,16,30,1,1,1
212,95,905,999,16,30,1,1,1
213,95,913,1000,16,30,1,1,1
214,95,921,1001,16,30,1,1,1
215,95,929,1002,16,30,1,1,1
216,95,937,1003,16,30,1,1,1
217,95,945,1004,16,30,1,1,1
218,95,953,1005,16,30,1,1,1
219,95,961,1006,16,30,1,1,1
220,95,970,1007,16,30,1,1,1
221,95,977,1008,16,30,1,1,1
222,95,985,1009,16,30,1,1,1
223,95,993,1010,16,30,1,1,1
224,95,1001,1011,16,30,1,1,1
225,95,1009,1012,16,30,1,1,1
226,95,1016,1013,16,30,1,1,1
227,95,1024,1014,16,30,1,1,1
228,95,1032,1015,16,30,1,1,1
229,95,1040,1016,16,30,1,1,1
230,95,1048,1017,16,30,1,1,1
231,95,1056,1017,16,30,1,1,1
232,95,1065,1017,15,30,1,1,1
233,95,1073,1017,15,30,1,1,1
234,95,1082,1017,14,30,1,1,1
235,95,1091,1018,14,29,1,1,1
236,95,1099,1018,14,29,1,1,1
237,95,1108,1018,13,29,1,1,1
238,95,1116,1018,13,29,1,1,1
239,95,1125,1018,12,29,1,1,1
240,95,1134,1019,12,28,1,1,1
241,95,1143,1019,12,28,1,1,1
242,95,1152,1020,12,28,1,1,1
243,95,1161,1021,12,28,1,1,1
244,95,1170,1021,12,28,1,1,1
245,95,1179,1022,12,28,1,1,1
246,95,1188,1023,12,28,1,1,1
247,95,1197,1023,12,28,1,1,1
248,95,1206,1024,12,28,1,1,1
249,95,1215,1025,12,28,1,1,1
202,96,13,1015,60,56,1,1,1
203,96,20,1016,60,56,1,1,1
204,96,27,1017,60,56,1,1,1
205,96,34,1019,60,55,1,1,1
206,96,41,1020,60,54,1,1,1
207,96,48,1021,60,54,1,1,1
208,96,55,1022,60,54,1,1,1
209,96,62,1023,60,54,1,1,1
210,96,69,1025,60,53,1,1,1
211,96,76,1026,60,52,1,1,1
212,96,84,1027,60,51,1,1,1
213,96,92,1028,60,50,1,1,1
214,96,100,1029,60,49,1,1,1
215,96,108,1030,60,48,1,1,1
216,96,116,1031,60,47,1,1,1
217,96,124,1032,60,46,1,1,1
218,96,132,1033,60,45,1,1,1
219,96,140,1034,60,44,1,1,1
220,96,148,1036,60,42,1,1,1
221,96,156,1036,59,42,1,1,1
222,96,164,1037,58,41,1,1,1
223,96,172,1038,57,40,1,1,1
224,96,180,1039,56,39,1,1,1
225,96,189,1040,54,38,1,1,1
226,96,197,1041,53,37,1,1,1
227,96,205,1042,52,36,1,1,1
228,96,213,1043,51,35,1,1,1
229,96,221,1044,50,34,1,1,1
230,96,230,1045,49,33,1,1,1
231,96,238,1045,49,33,1,1,1
232,96,246,1046,49,32,1,1,1
233,96,255,1046,48,32,1,1,1
234,96,263,1047,49,31,1,1,1
235,96,272,1047,48,31,1,1,1
236,96,280,1048,48,30,1,1,1
237,96,288,1048,49,30,1,1,1
238,96,297,1049,48,29,1,1,1
239,96,305,1049,48,29,1,1,1
240,96,314,1050,48,28,1,1,1
241,96,322,1050,48,28,1,1,1
242,96,331,1050,48,28,1,1,1
243,96,340,1051,48,27,1,1,1
244,96,349,1051,48,27,1,1,1
245,96,357,1052,48,26,1,1,1
246,96,366,1052,48,26,1,1,1
247,96,375,1053,48,25,1,1,1
248,96,384,1053,48,25,1,1,1
249,96,393,1054,48,25,1,1,1
200,97,0,980,20,16,1,1,1
201,97,5,981,22,15,1,1,1
202,97,11,982,23,15,1,1,1
203,97,17,983,24,15,1,1,1
204,97,23,984,25,15,1,1,1
205,97,29,985,26,15,1,1,1
206,97,35,986,27,15,1,1,1
207,97,41,987,28,15,1,1,1
208,97,47,988,29,15,1,1,1
209,97,53,989,30,15,1,1,1
211,98,13,1026,46,52,1,1,1
212,98,21,1027,46,51,1,1,1
213,98,29,1028,46,50,1,1,1
214,98,37,1029,46,49,1,1,1
215,98,46,1030,46,48,1,1,1
216,98,54,1031,46,47,1,1,1
217,98,62,1032,46,46,1,1,1
218,98,70,1033,46,45,1,1,1
219,98,78,1034,46,44,1,1,1
220,98,87,1036,46,42,1,1,1
221,98,95,1036,45,42,1,1,1
222,98,103,1037,45,41,1,1,1
223,98,112,1038,44,40,1,1,1
224,98,120,1039,43,39,1,1,1
225,98,129,1040,42,38,1,1,1
226,98,137,1040,42,38,1,1,1
227,98,145,1041,41,37,1,1,1
228,98,154,1042,40,36,1,1,1
229,98,162,1043,40,35,1,1,1
230,98,171,1044,39,35,1,1,1
231,98,179,1044,39,34,1,1,1
232,98,187,1044,39,34,1,1,1
233,98,195,1044,39,34,1,1,1
234,98,203,1044,39,34,1,1,1
235,98,212,1045,39,33,1,1,1
236,98,220,1045,39,33,1,1,1
237,98,228,1045,39,33,1,1,1
238,98,236,1045,39,33,1,1,1
239,98,244,1045,39,33,1,1,1
240,98,253,1046,39,32,1,1,1
241,98,262,1046,38,32,1,1,1
242,98,271,1047,38,31,1,1,1
243,98,280,1048,38,30,1,1,1
244,98,289,1048,38,30,1,1,1
245,98,298,1049,38,29,1,1,1
246,98,307,1050,38,28,1,1,1
247,98,316,1050,38,28,1,1,1
248,98,325,1051,38,27,1,1,1
249,98,334,1052,38,27,1,1,1
242,99,16,1041,96,38,1,1,1
243,99,24,1041,97,38,1,1,1
244,99,32,1041,97,38,1,1,1
245,99,41,1042,96,37,1,1,1
246,99,49,1042,97,37,1,1,1
247,99,57,1042,97,37,1,1,1
248,99,65,1042,97,37,1,1,1
249,99,74,1043,97,36,1,1,1
