0,1,939,1013,33,64,1,1,1
1,1,939,1009,33,65,1,1,1
2,1,939,1006,33,65,1,1,1
3,1,940,1003,32,65,1,1,1
4,1,940,1000,32,65,1,1,1
5,1,941,997,31,66,1,1,1
6,1,941,994,31,66,1,1,1
7,1,941,991,31,66,1,1,1
8,1,942,988,30,66,1,1,1
9,1,942,985,30,66,1,1,1
20,27,638,1020,36,59,1,1,1
21,27,638,1025,34,54,1,1,1
22,27,638,1031,33,48,1,1,1
23,27,638,1036,32,43,1,1,1
24,27,638,1042,30,37,1,1,1
25,27,639,1047,28,32,1,1,1
26,27,639,1053,27,26,1,1,1
27,27,639,1058,25,21,1,1,1
28,27,639,1064,24,15,1,1,1
29,27,639,1069,23,10,1,1,1
160,31,696,1031,31,48,1,1,1
161,31,695,1035,31,44,1,1,1
162,31,695,1040,31,39,1,1,1
163,31,695,1045,30,34,1,1,1
164,31,694,1049,31,31,1,1,1
165,31,694,1054,30,26,1,1,1
166,31,694,1059,30,21,1,1,1
167,31,693,1063,30,18,1,1,1
168,31,693,1068,30,13,1,1,1
169,31,693,1073,29,8,1,1,1
0,33,859,71,12,16,1,1,1
1,33,859,71,12,16,1,1,1
2,33,859,72,12,16,1,1,1
3,33,859,73,12,16,1,1,1
4,33,859,73,12,16,1,1,1
5,33,859,74,12,16,1,1,1
6,33,859,75,12,16,1,1,1
7,33,859,75,12,16,1,1,1
8,33,859,76,12,16,1,1,1
9,33,859,77,12,16,1,1,1
10,33,859,78,12,16,1,1,1
11,33,859,79,11,15,1,1,1
12,33,859,80,11,15,1,1,1
13,33,859,81,11,15,1,1,1
14,33,859,82,11,15,1,1,1
15,33,859,83,11,15,1,1,1
16,33,859,84,11,15,1,1,1
17,33,859,85,11,15,1,1,1
18,33,859,86,11,15,1,1,1
19,33,859,87,11,15,1,1,1
20,33,859,88,11,15,1,1,1
21,33,858,89,12,14,1,1,1
22,33,858,90,12,14,1,1,1
23,33,858,91,12,14,1,1,1
24,33,858,92,12,14,1,1,1
25,33,858,93,12,14,1,1,1
26,33,858,94,12,14,1,1,1
27,33,858,95,12,14,1,1,1
28,33,858,96,12,14,1,1,1
29,33,858,97,12,14,1,1,1
20,35,860,66,12,14,1,1,1
21,35,860,66,12,14,1,1,1
22,35,860,67,12,14,1,1,1
23,35,860,68,12,14,1,1,1
24,35,860,68,12,14,1,1,1
25,35,860,69,12,14,1,1,1
26,35,860,70,12,14,1,1,1
27,35,860,70,12,14,1,1,1
28,35,860,71,12,14,1,1,1
29,35,860,72,12,14,1,1,1
30,35,861,73,12,14,1,1,1
31,35,860,73,12,14,1,1,1
32,35,860,74,12,14,1,1,1
33,35,860,74,12,15,1,1,1
34,35,860,75,12,15,1,1,1
35,35,860,76,12,15,1,1,1
36,35,860,76,12,15,1,1,1
37,35,860,77,12,15,1,1,1
38,35,860,77,12,16,1,1,1
39,35,860,78,12,16,1,1,1
40,35,860,79,12,16,1,1,1
41,35,859,79,12,16,1,1,1
42,35,859,80,12,16,1,1,1
43,35,859,81,12,16,1,1,1
44,35,858,81,12,16,1,1,1
45,35,858,82,12,16,1,1,1
46,35,858,83,12,16,1,1,1
47,35,857,83,12,16,1,1,1
48,35,857,84,12,16,1,1,1
49,35,857,85,12,16,1,1,1
50,35,857,86,12,16,1,1,1
51,35,856,86,12,16,1,1,1
52,35,856,87,12,16,1,1,1
53,35,856,88,12,16,1,1,1
54,35,856,89,12,16,1,1,1
55,35,856,90,12,16,1,1,1
56,35,856,91,12,16,1,1,1
57,35,856,92,12,16,1,1,1
58,35,856,93,12,16,1,1,1
59,35,856,94,12,16,1,1,1
0,36,861,0,11,9,1,1,1
1,36,860,0,11,9,1,1,1
2,36,860,0,11,10,1,1,1
3,36,860,1,11,9,1,1,1
4,36,860,1,11,10,1,1,1
5,36,860,2,11,10,1,1,1
6,36,860,2,11,10,1,1,1
7,36,860,2,11,11,1,1,1
8,36,860,3,11,10,1,1,1
9,36,860,3,11,11,1,1,1
120,36,834,71,12,14,1,1,1
121,36,833,71,12,14,1,1,1
122,36,833,72,12,14,1,1,1
123,36,833,73,12,14,1,1,1
124,36,832,74,12,14,1,1,1
125,36,832,75,12,14,1,1,1
126,36,832,75,12,14,1,1,1
127,36,831,76,12,14,1,1,1
128,36,831,77,12,14,1,1,1
129,36,831,78,12,14,1,1,1
130,36,831,79,12,14,1,1,1
131,36,830,79,12,14,1,1,1
132,36,830,80,12,14,1,1,1
133,36,830,80,12,14,1,1,1
134,36,830,81,12,14,1,1,1
135,36,830,81,12,15,1,1,1
136,36,829,82,13,14,1,1,1
137,36,829,82,13,15,1,1,1
138,36,829,83,13,14,1,1,1
139,36,829,83,13,15,1,1,1
140,36,829,84,13,15,1,1,1
141,36,828,84,13,15,1,1,1
142,36,828,85,13,15,1,1,1
143,36,827,86,13,15,1,1,1
144,36,827,87,13,15,1,1,1
145,36,827,88,13,15,1,1,1
146,36,826,89,13,15,1,1,1
147,36,826,90,13,15,1,1,1
148,36,825,91,13,15,1,1,1
149,36,825,92,13,15,1,1,1
150,36,825,93,13,15,1,1,1
151,36,824,93,13,15,1,1,1
152,36,824,94,13,15,1,1,1
153,36,824,95,13,15,1,1,1
154,36,823,96,13,15,1,1,1
155,36,823,97,13,15,1,1,1
156,36,823,98,13,15,1,1,1
157,36,822,99,13,15,1,1,1
158,36,822,100,13,15,1,1,1
159,36,822,101,13,15,1,1,1
230,37,470,1030,38,49,1,1,1
231,37,469,1034,36,45,1,1,1
232,37,468,1039,35,40,1,1,1
233,37,467,1043,33,36,1,1,1
234,37,467,1048,31,31,1,1,1
235,37,466,1052,29,27,1,1,1
236,37,465,1057,28,22,1,1,1
237,37,465,1061,25,18,1,1,1
238,37,464,1066,24,13,1,1,1
239,37,463,1070,22,9,1,1,1
249,38,454,1042,34,38,1,1,1
220,55,1217,1071,11,8,1,1,1
221,55,1217,1071,11,8,1,1,1
222,55,1217,1072,11,7,1,1,1
223,55,1217,1073,11,6,1,1,1
224,55,1217,1073,11,7,1,1,1
225,55,1218,1074,10,6,1,1,1
226,55,1218,1075,10,5,1,1,1
227,55,1218,1075,10,6,1,1,1
228,55,1218,1076,10,5,1,1,1
229,55,1218,1077,10,4,1,1,1
130,58,963,422,9,13,1,1,1
131,58,962,422,9,13,1,1,1
132,58,962,423,9,13,1,1,1
133,58,962,424,9,13,1,1,1
134,58,961,425,9,13,1,1,1
135,58,961,426,9,13,1,1,1
136,58,961,426,9,13,1,1,1
137,58,960,427,9,13,1,1,1
138,58,960,428,9,13,1,1,1
139,58,960,429,9,13,1,1,1
140,58,960,430,9,13,1,1,1
141,58,959,430,9,13,1,1,1
142,58,959,431,9,13,1,1,1
143,58,959,432,9,13,1,1,1
144,58,959,433,9,13,1,1,1
145,58,959,434,9,13,1,1,1
146,58,958,434,9,13,1,1,1
147,58,958,435,9,13,1,1,1
148,58,958,436,9,13,1,1,1
149,58,958,437,9,13,1,1,1
150,58,958,438,9,13,1,1,1
151,58,958,438,9,13,1,1,1
152,58,958,439,9,13,1,1,1
153,58,958,440,9,13,1,1,1
154,58,958,441,9,13,1,1,1
155,58,958,442,9,13,1,1,1
156,58,958,443,9,13,1,1,1
157,58,958,444,9,13,1,1,1
158,58,958,445,9,13,1,1,1
159,58,958,446,9,13,1,1,1
210,59,1098,485,9,15,1,1,1
211,59,1097,486,9,15,1,1,1
212,59,1097,488,9,15,1,1,1
213,59,1096,489,9,15,1,1,1
214,59,1096,491,9,15,1,1,1
215,59,1095,493,9,15,1,1,1
216,59,1095,494,9,15,1,1,1
217,59,1094,496,9,15,1,1,1
218,59,1094,497,9,15,1,1,1
219,59,1093,499,9,15,1,1,1
220,59,1093,501,9,15,1,1,1
221,59,1092,502,9,15,1,1,1
222,59,1092,504,9,15,1,1,1
223,59,1091,506,9,15,1,1,1
224,59,1091,507,9,15,1,1,1
225,59,1090,509,9,15,1,1,1
226,59,1090,511,9,15,1,1,1
227,59,1089,512,9,15,1,1,1
228,59,1089,514,9,15,1,1,1
229,59,1088,516,9,15,1,1,1
230,59,1088,518,9,15,1,1,1
231,59,1087,519,9,15,1,1,1
232,59,1087,521,9,15,1,1,1
233,59,1087,522,9,15,1,1,1
234,59,1086,524,9,15,1,1,1
235,59,1086,526,9,15,1,1,1
236,59,1086,527,9,15,1,1,1
237,59,1085,529,9,15,1,1,1
238,59,1085,530,9,15,1,1,1
239,59,1085,532,9,15,1,1,1
240,59,1085,534,9,15,1,1,1
241,59,1084,535,9,15,1,1,1
242,59,1083,537,9,15,1,1,1
243,59,1083,539,9,15,1,1,1
244,59,1082,541,9,15,1,1,1
245,59,1081,542,9,15,1,1,1
246,59,1081,544,9,15,1,1,1
247,59,1080,546,9,15,1,1,1
248,59,1079,548,9,15,1,1,1
249,59,1079,550,9,15,1,1,1
0,60,1135,431,8,14,1,1,1
1,60,1135,431,8,14,1,1,1
2,60,1135,431,8,14,1,1,1
3,60,1135,431,8,14,1,1,1
4,60,1135,431,8,14,1,1,1
5,60,1135,431,8,14,1,1,1
6,60,1135,431,8,14,1,1,1
7,60,1135,431,8,14,1,1,1
8,60,1135,431,8,14,1,1,1
9,60,1135,431,8,14,1,1,1
10,60,1135,431,8,14,1,1,1
11,60,1135,431,8,14,1,1,1
12,60,1135,431,8,14,1,1,1
13,60,1135,431,8,14,1,1,1
14,60,1135,431,8,14,1,1,1
15,60,1135,432,8,14,1,1,1
16,60,1135,432,8,14,1,1,1
17,60,1135,432,8,14,1,1,1
18,60,1135,432,8,14,1,1,1
19,60,1135,432,8,14,1,1,1
20,60,1135,432,8,14,1,1,1
21,60,1135,432,8,14,1,1,1
22,60,1135,432,8,14,1,1,1
23,60,1135,432,8,14,1,1,1
24,60,1135,432,8,14,1,1,1
25,60,1135,432,8,14,1,1,1
26,60,1135,432,8,14,1,1,1
27,60,1135,432,8,14,1,1,1
28,60,1135,432,8,14,1,1,1
29,60,1135,432,8,14,1,1,1
130,65,576,1074,12,5,1,1,1
131,65,575,1074,12,5,1,1,1
132,65,575,1074,12,5,1,1,1
133,65,574,1075,12,4,1,1,1
134,65,574,1075,12,5,1,1,1
135,65,574,1076,12,4,1,1,1
136,65,573,1076,12,4,1,1,1
137,65,573,1076,12,5,1,1,1
138,65,572,1077,12,4,1,1,1
139,65,572,1077,12,4,1,1,1
169,66,562,1066,14,13,1,1,1
170,66,561,1067,14,12,1,1,1
171,66,561,1068,14,11,1,1,1
172,66,561,1069,14,10,1,1,1
173,66,561,1070,14,9,1,1,1
174,66,561,1071,14,9,1,1,1
175,66,561,1072,14,8,1,1,1
176,66,561,1073,14,7,1,1,1
177,66,561,1074,14,6,1,1,1
178,66,561,1075,14,5,1,1,1
70,88,907,0,8,5,1,1,1
71,88,906,0,8,5,1,1,1
72,88,906,0,8,5,1,1,1
73,88,906,0,8,5,1,1,1
74,88,906,0,8,5,1,1,1
75,88,906,0,8,5,1,1,1
76,88,906,0,8,5,1,1,1
77,88,905,0,9,5,1,1,1
78,88,905,0,8,5,1,1,1
79,88,905,0,8,5,1,1,1
80,88,905,0,8,5,1,1,1
81,88,905,0,8,5,1,1,1
82,88,905,0,8,5,1,1,1
83,88,904,0,9,5,1,1,1
84,88,904,0,9,5,1,1,1
85,88,904,0,8,5,1,1,1
86,88,904,0,8,5,1,1,1
87,88,904,0,8,6,1,1,1
88,88,904,0,8,6,1,1,1
89,88,903,0,9,6,1,1,1
90,88,903,0,9,6,1,1,1
91,88,903,0,9,6,1,1,1
92,88,903,0,8,6,1,1,1
93,88,903,0,8,6,1,1,1
94,88,903,0,8,6,1,1,1
95,88,903,0,8,6,1,1,1
96,88,902,0,9,6,1,1,1
97,88,902,0,9,6,1,1,1
98,88,902,0,9,6,1,1,1
99,88,902,0,8,6,1,1,1
100,88,902,0,8,6,1,1,1
101,88,902,0,8,6,1,1,1
102,88,901,0,9,6,1,1,1
103,88,901,0,9,6,1,1,1
104,88,901,0,9,7,1,1,1
105,88,901,0,9,7,1,1,1
106,88,901,0,8,7,1,1,1
107,88,901,0,8,7,1,1,1
108,88,900,0,9,7,1,1,1
109,88,900,0,9,7,1,1,1
110,88,900,0,9,7,1,1,1
111,88,900,0,9,7,1,1,1
112,88,900,0,9,7,1,1,1
113,88,900,0,8,7,1,1,1
114,88,899,0,9,7,1,1,1
115,88,899,0,9,7,1,1,1
116,88,899,0,9,7,1,1,1
117,88,899,0,9,7,1,1,1
118,88,899,0,9,7,1,1,1
119,88,899,0,9,7,1,1,1
120,88,899,0,9,8,1,1,1
121,88,898,0,9,8,1,1,1
122,88,898,0,9,8,1,1,1
123,88,898,0,9,8,1,1,1
124,88,898,0,9,8,1,1,1
125,88,898,0,9,8,1,1,1
126,88,898,0,9,8,1,1,1
127,88,898,0,8,8,1,1,1
128,88,897,0,9,8,1,1,1
129,88,897,0,9,8,1,1,1
130,88,897,0,9,8,1,1,1
131,88,897,0,9,8,1,1,1
132,88,897,0,9,8,1,1,1
133,88,897,0,8,8,1,1,1
134,88,897,0,8,8,1,1,1
135,88,897,0,8,8,1,1,1
136,88,896,0,9,8,1,1,1
137,88,896,0,9,8,1,1,1
138,88,896,0,9,8,1,1,1
139,88,896,0,8,8,1,1,1
140,88,896,0,8,8,1,1,1
141,88,896,0,8,8,1,1,1
142,88,896,0,8,8,1,1,1
143,88,895,0,9,8,1,1,1
144,88,895,0,9,8,1,1,1
145,88,895,0,8,8,1,1,1
146,88,895,0,8,8,1,1,1
147,88,895,0,8,8,1,1,1
148,88,895,0,8,8,1,1,1
149,88,895,0,8,8,1,1,1
150,88,895,0,8,8,1,1,1
151,88,894,0,8,8,1,1,1
152,88,894,0,8,8,1,1,1
153,88,893,0,9,8,1,1,1
154,88,893,0,9,8,1,1,1
155,88,893,0,8,8,1,1,1
156,88,892,0,9,8,1,1,1
157,88,892,0,9,8,1,1,1
158,88,892,0,9,8,1,1,1
159,88,891,0,9,8,1,1,1
160,88,891,0,9,8,1,1,1
161,88,891,0,9,8,1,1,1
162,88,890,0,10,8,1,1,1
163,88,890,0,9,8,1,1,1
164,88,890,0,9,8,1,1,1
165,88,889,0,10,8,1,1,1
166,88,889,0,10,8,1,1,1
167,88,889,0,9,8,1,1,1
168,88,888,0,10,8,1,1,1
169,88,888,0,10,8,1,1,1
170,88,888,0,10,8,1,1,1
171,88,887,0,10,8,1,1,1
172,88,887,0,10,8,1,1,1
173,88,887,0,10,8,1,1,1
174,88,887,0,10,8,1,1,1
175,88,887,0,10,9,1,1,1
176,88,887,0,9,9,1,1,1
177,88,886,0,10,9,1,1,1
178,88,886,0,10,9,1,1,1
179,88,886,0,10,9,1,1,1
180,88,886,1,10,9,1,1,1
181,88,886,1,9,9,1,1,1
182,88,886,1,9,9,1,1,1
183,88,886,1,9,9,1,1,1
184,88,885,1,10,9,1,1,1
185,88,885,1,10,10,1,1,1
186,88,885,1,9,10,1,1,1
187,88,885,1,9,10,1,1,1
188,88,885,1,9,10,1,1,1
189,88,885,1,9,10,1,1,1
200,88,880,4,9,10,1,1,1
201,88,879,4,9,10,1,1,1
202,88,878,4,9,10,1,1,1
203,88,877,5,9,10,1,1,1
204,88,877,5,9,10,1,1,1
205,88,876,6,9,10,1,1,1
206,88,875,6,9,10,1,1,1
207,88,875,6,9,10,1,1,1
208,88,874,7,9,10,1,1,1
209,88,873,7,9,10,1,1,1
210,88,873,8,9,10,1,1,1
211,88,872,7,9,10,1,1,1
212,88,871,7,9,10,1,1,1
213,88,871,7,9,10,1,1,1
214,88,870,7,9,10,1,1,1
215,88,869,7,9,10,1,1,1
216,88,869,7,9,10,1,1,1
217,88,868,7,9,10,1,1,1
218,88,867,7,9,10,1,1,1
219,88,867,7,9,10,1,1,1
220,88,866,7,9,10,1,1,1
221,88,865,7,9,10,1,1,1
222,88,864,7,9,10,1,1,1
223,88,864,7,9,10,1,1,1
224,88,863,8,9,10,1,1,1
225,88,862,8,9,10,1,1,1
226,88,862,8,9,10,1,1,1
227,88,861,8,9,10,1,1,1
228,88,860,8,9,10,1,1,1
229,88,860,9,9,10,1,1,1
230,88,859,8,9,11,1,1,1
231,88,858,8,10,11,1,1,1
232,88,857,8,10,11,1,1,1
233,88,856,8,11,11,1,1,1
234,88,856,8,11,11,1,1,1
235,88,855,8,11,11,1,1,1
236,88,854,8,12,11,1,1,1
237,88,853,8,12,11,1,1,1
238,88,852,8,13,11,1,1,1
90,89,933,0,11,5,1,1,1
91,89,932,0,11,5,1,1,1
92,89,932,0,11,5,1,1,1
93,89,932,0,11,5,1,1,1
94,89,932,0,11,5,1,1,1
95,89,932,0,10,5,1,1,1
96,89,931,0,11,5,1,1,1
97,89,931,0,11,5,1,1,1
98,89,931,0,11,5,1,1,1
99,89,931,0,10,5,1,1,1
100,89,931,0,10,6,1,1,1
101,89,930,0,11,6,1,1,1
102,89,930,0,11,6,1,1,1
103,89,930,0,10,6,1,1,1
104,89,930,0,10,6,1,1,1
105,89,930,0,10,6,1,1,1
106,89,929,0,11,6,1,1,1
107,89,929,0,11,6,1,1,1
108,89,929,0,10,6,1,1,1
109,89,929,0,10,6,1,1,1
110,89,929,0,10,7,1,1,1
111,89,928,0,11,7,1,1,1
112,89,928,0,10,7,1,1,1
113,89,928,0,10,7,1,1,1
114,89,928,0,10,7,1,1,1
115,89,928,0,10,7,1,1,1
116,89,927,0,10,7,1,1,1
117,89,927,0,10,7,1,1,1
118,89,927,0,10,7,1,1,1
119,89,927,0,10,7,1,1,1
120,89,927,0,10,8,1,1,1
121,89,926,0,10,7,1,1,1
122,89,926,0,10,7,1,1,1
123,89,926,0,10,7,1,1,1
124,89,926,0,10,7,1,1,1
125,89,926,0,10,7,1,1,1
126,89,926,0,10,7,1,1,1
127,89,926,0,10,7,1,1,1
128,89,925,0,11,7,1,1,1
129,89,925,0,11,7,1,1,1
130,89,925,0,11,7,1,1,1
131,89,925,0,10,7,1,1,1
132,89,925,0,10,7,1,1,1
133,89,925,0,10,7,1,1,1
134,89,925,0,10,7,1,1,1
135,89,925,0,10,7,1,1,1
136,89,924,0,11,6,1,1,1
137,89,924,0,11,6,1,1,1
138,89,924,0,11,6,1,1,1
139,89,924,0,11,6,1,1,1
140,89,924,0,11,6,1,1,1
141,89,924,0,10,6,1,1,1
142,89,924,0,10,6,1,1,1
143,89,923,0,11,6,1,1,1
144,89,923,0,11,6,1,1,1
145,89,923,0,11,6,1,1,1
146,89,923,0,11,6,1,1,1
147,89,923,0,11,6,1,1,1
148,89,923,0,11,6,1,1,1
149,89,923,0,11,6,1,1,1
150,89,923,0,11,6,1,1,1
151,89,922,0,11,6,1,1,1
152,89,922,0,11,6,1,1,1
153,89,922,0,11,6,1,1,1
154,89,922,0,10,6,1,1,1
155,89,922,0,10,6,1,1,1
156,89,921,0,11,6,1,1,1
157,89,921,0,10,6,1,1,1
158,89,921,0,10,6,1,1,1
159,89,921,0,10,6,1,1,1
160,89,921,0,10,6,1,1,1
161,89,920,0,10,6,1,1,1
162,89,920,0,10,6,1,1,1
163,89,920,0,10,6,1,1,1
164,89,920,0,9,6,1,1,1
165,89,920,0,9,6,1,1,1
166,89,919,0,10,6,1,1,1
167,89,919,0,9,6,1,1,1
168,89,919,0,9,6,1,1,1
169,89,919,0,9,6,1,1,1
170,89,919,0,9,7,1,1,1
171,89,918,0,9,7,1,1,1
172,89,918,0,9,7,1,1,1
173,89,918,0,9,7,1,1,1
174,89,918,0,9,7,1,1,1
175,89,918,0,9,7,1,1,1
176,89,917,0,10,7,1,1,1
177,89,917,0,10,7,1,1,1
178,89,917,0,10,7,1,1,1
179,89,917,0,10,7,1,1,1
180,89,917,0,10,8,1,1,1
181,89,916,0,10,8,1,1,1
182,89,916,0,10,8,1,1,1
183,89,916,0,10,8,1,1,1
184,89,916,0,10,9,1,1,1
185,89,916,0,10,9,1,1,1
186,89,915,0,11,9,1,1,1
187,89,915,0,11,10,1,1,1
188,89,915,0,11,10,1,1,1
189,89,915,0,11,10,1,1,1
190,89,915,0,11,11,1,1,1
191,89,914,0,11,11,1,1,1
192,89,914,0,11,11,1,1,1
193,89,914,0,11,11,1,1,1
194,89,913,0,11,11,1,1,1
195,89,913,0,11,11,1,1,1
196,89,913,0,11,11,1,1,1
197,89,912,0,11,11,1,1,1
198,89,912,0,11,11,1,1,1
199,89,912,0,11,11,1,1,1
200,89,912,1,11,11,1,1,1
201,89,911,1,11,11,1,1,1
202,89,911,1,11,11,1,1,1
203,89,910,1,11,11,1,1,1
204,89,910,1,11,11,1,1,1
205,89,910,1,11,11,1,1,1
206,89,909,1,11,11,1,1,1
207,89,909,1,11,11,1,1,1
208,89,908,1,11,11,1,1,1
209,89,908,1,11,11,1,1,1
210,89,908,1,11,11,1,1,1
211,89,907,1,11,11,1,1,1
212,89,906,1,12,11,1,1,1
213,89,906,1,11,11,1,1,1
214,89,905,1,12,12,1,1,1
215,89,905,1,12,12,1,1,1
216,89,904,1,12,12,1,1,1
217,89,903,1,13,13,1,1,1
218,89,903,1,12,13,1,1,1
219,89,902,1,13,13,1,1,1
90,90,918,0,11,5,1,1,1
91,90,917,0,11,5,1,1,1
92,90,917,0,11,5,1,1,1
93,90,917,0,11,5,1,1,1
94,90,917,0,11,5,1,1,1
95,90,917,0,11,5,1,1,1
96,90,917,0,10,5,1,1,1
97,90,917,0,10,5,1,1,1
98,90,916,0,11,5,1,1,1
99,90,916,0,11,5,1,1,1
100,90,916,0,11,6,1,1,1
101,90,916,0,10,6,1,1,1
102,90,916,0,10,6,1,1,1
103,90,916,0,10,6,1,1,1
104,90,916,0,10,6,1,1,1
105,90,916,0,10,6,1,1,1
106,90,915,0,10,6,1,1,1
107,90,915,0,10,6,1,1,1
108,90,915,0,10,6,1,1,1
109,90,915,0,10,6,1,1,1
110,90,915,0,10,7,1,1,1
111,90,915,0,9,7,1,1,1
112,90,915,0,9,7,1,1,1
113,90,914,0,10,7,1,1,1
114,90,914,0,10,7,1,1,1
115,90,914,0,10,7,1,1,1
116,90,914,0,9,7,1,1,1
117,90,914,0,9,7,1,1,1
118,90,914,0,9,7,1,1,1
119,90,914,0,9,7,1,1,1
120,90,914,0,9,8,1,1,1
121,90,913,0,9,7,1,1,1
122,90,913,0,9,7,1,1,1
123,90,913,0,9,7,1,1,1
124,90,913,0,9,7,1,1,1
125,90,912,0,10,7,1,1,1
126,90,912,0,10,7,1,1,1
127,90,912,0,9,7,1,1,1
128,90,912,0,9,7,1,1,1
129,90,911,0,10,7,1,1,1
130,90,911,0,10,7,1,1,1
131,90,911,0,10,6,1,1,1
132,90,911,0,10,6,1,1,1
133,90,910,0,10,6,1,1,1
134,90,910,0,10,6,1,1,1
135,90,910,0,10,6,1,1,1
136,90,910,0,10,6,1,1,1
137,90,910,0,10,6,1,1,1
138,90,909,0,11,6,1,1,1
139,90,909,0,10,6,1,1,1
140,90,909,0,10,6,1,1,1
141,90,909,0,10,5,1,1,1
142,90,908,0,11,5,1,1,1
143,90,908,0,11,5,1,1,1
144,90,908,0,11,5,1,1,1
145,90,908,0,10,5,1,1,1
146,90,907,0,11,5,1,1,1
147,90,907,0,11,5,1,1,1
148,90,907,0,11,5,1,1,1
149,90,907,0,11,5,1,1,1
150,90,907,0,11,5,1,1,1
151,90,906,0,11,5,1,1,1
152,90,906,0,11,5,1,1,1
153,90,906,0,11,5,1,1,1
154,90,906,0,11,5,1,1,1
155,90,906,0,10,5,1,1,1
156,90,905,0,11,5,1,1,1
157,90,905,0,11,5,1,1,1
158,90,905,0,11,5,1,1,1
159,90,905,0,10,5,1,1,1
160,90,905,0,10,5,1,1,1
161,90,904,0,11,5,1,1,1
162,90,904,0,11,5,1,1,1
163,90,904,0,10,5,1,1,1
164,90,904,0,10,5,1,1,1
165,90,904,0,10,5,1,1,1
166,90,903,0,11,5,1,1,1
167,90,903,0,10,5,1,1,1
168,90,903,0,10,5,1,1,1
169,90,903,0,10,5,1,1,1
170,90,903,0,10,5,1,1,1
171,90,903,0,9,5,1,1,1
172,90,903,0,9,5,1,1,1
173,90,903,0,9,5,1,1,1
174,90,903,0,9,5,1,1,1
175,90,903,0,9,5,1,1,1
176,90,903,0,9,5,1,1,1
177,90,903,0,9,5,1,1,1
178,90,903,0,9,5,1,1,1
179,90,903,0,9,5,1,1,1
180,90,903,0,9,5,1,1,1
181,90,902,0,9,5,1,1,1
182,90,902,0,9,5,1,1,1
183,90,901,0,10,5,1,1,1
184,90,901,0,10,5,1,1,1
185,90,901,0,10,5,1,1,1
186,90,900,0,11,5,1,1,1
187,90,900,0,11,5,1,1,1
188,90,899,0,12,5,1,1,1
189,90,899,0,12,5,1,1,1
190,90,899,0,12,6,1,1,1
191,90,898,0,12,6,1,1,1
192,90,898,0,11,6,1,1,1
193,90,897,0,12,6,1,1,1
194,90,897,0,11,6,1,1,1
195,90,896,0,12,7,1,1,1
196,90,896,0,11,7,1,1,1
197,90,895,0,11,7,1,1,1
198,90,895,0,11,7,1,1,1
199,90,894,0,11,7,1,1,1
200,90,894,0,11,8,1,1,1
201,90,893,0,11,8,1,1,1
202,90,892,0,11,8,1,1,1
203,90,892,0,10,8,1,1,1
204,90,891,0,11,8,1,1,1
205,90,891,0,10,8,1,1,1
206,90,890,0,10,8,1,1,1
207,90,889,0,11,8,1,1,1
208,90,889,0,10,8,1,1,1
209,90,888,0,10,8,1,1,1
210,90,888,0,10,8,1,1,1
211,90,887,0,10,8,1,1,1
212,90,886,0,10,8,1,1,1
213,90,885,0,11,8,1,1,1
214,90,884,0,11,8,1,1,1
215,90,883,0,12,8,1,1,1
216,90,882,0,12,8,1,1,1
217,90,881,0,12,8,1,1,1
218,90,880,0,13,8,1,1,1
219,90,879,0,13,8,1,1,1
100,102,850,0,12,5,1,1,1
101,102,849,0,12,5,1,1,1
102,102,849,0,12,6,1,1,1
103,102,849,0,12,6,1,1,1
104,102,849,0,12,7,1,1,1
105,102,849,0,12,8,1,1,1
106,102,849,0,11,8,1,1,1
107,102,849,0,11,9,1,1,1
108,102,849,0,11,9,1,1,1
109,102,849,0,11,10,1,1,1
110,102,849,0,11,11,1,1,1
111,102,848,0,11,11,1,1,1
112,102,848,0,11,11,1,1,1
113,102,847,0,11,11,1,1,1
114,102,847,1,11,11,1,1,1
115,102,846,1,11,11,1,1,1
116,102,846,1,11,11,1,1,1
117,102,845,2,11,11,1,1,1
118,102,845,2,11,11,1,1,1
119,102,844,2,11,11,1,1,1
100,103,838,0,11,4,1,1,1
101,103,837,0,11,4,1,1,1
102,103,837,0,11,5,1,1,1
103,103,836,0,12,5,1,1,1
104,103,836,0,11,6,1,1,1
105,103,835,0,12,6,1,1,1
106,103,835,0,12,7,1,1,1
107,103,834,0,12,7,1,1,1
108,103,834,0,12,8,1,1,1
109,103,833,0,13,8,1,1,1
110,103,833,0,13,9,1,1,1
111,103,832,0,13,9,1,1,1
112,103,832,0,12,10,1,1,1
113,103,831,0,13,10,1,1,1
114,103,831,1,12,10,1,1,1
115,103,830,1,13,11,1,1,1
116,103,830,1,12,11,1,1,1
117,103,829,2,12,11,1,1,1
118,103,829,2,12,11,1,1,1
119,103,828,2,12,12,1,1,1
160,104,849,0,10,5,1,1,1
161,104,848,0,10,5,1,1,1
162,104,847,0,11,6,1,1,1
163,104,847,0,10,6,1,1,1
164,104,846,0,11,7,1,1,1
165,104,846,0,11,7,1,1,1
166,104,845,0,11,8,1,1,1
167,104,844,0,12,8,1,1,1
168,104,844,0,11,9,1,1,1
169,104,843,0,12,9,1,1,1
35,105,949,1072,28,6,1,1,1
36,105,948,1069,29,9,1,1,1
37,105,948,1066,30,12,1,1,1
38,105,948,1063,30,15,1,1,1
39,105,948,1060,31,18,1,1,1
40,105,948,1057,32,22,1,1,1
41,105,948,1054,31,24,1,1,1
42,105,948,1051,31,27,1,1,1
43,105,948,1048,31,30,1,1,1
44,105,948,1045,31,33,1,1,1
45,105,948,1043,31,35,1,1,1
46,105,948,1040,31,38,1,1,1
47,105,948,1037,31,41,1,1,1
48,105,948,1034,31,44,1,1,1
49,105,948,1031,31,47,1,1,1
50,105,948,1029,31,49,1,1,1
51,105,948,1026,30,51,1,1,1
52,105,948,1024,30,52,1,1,1
53,105,948,1021,30,54,1,1,1
54,105,948,1019,30,55,1,1,1
55,105,948,1017,30,56,1,1,1
56,105,948,1014,30,58,1,1,1
57,105,948,1012,30,59,1,1,1
58,105,948,1009,30,61,1,1,1
59,105,948,1007,30,62,1,1,1
190,106,898,1069,28,9,1,1,1
191,106,897,1068,28,10,1,1,1
192,106,897,1068,28,10,1,1,1
193,106,897,1068,28,10,1,1,1
194,106,897,1068,27,10,1,1,1
195,106,897,1068,27,10,1,1,1
196,106,896,1068,28,10,1,1,1
197,106,896,1068,27,10,1,1,1
198,106,896,1068,27,10,1,1,1
199,106,896,1068,27,10,1,1,1
200,106,896,1068,27,10,1,1,1
201,106,895,1068,27,10,1,1,1
202,106,895,1068,26,10,1,1,1
203,106,894,1068,26,10,1,1,1
204,106,894,1068,25,10,1,1,1
205,106,893,1069,26,9,1,1,1
206,106,893,1069,25,9,1,1,1
207,106,892,1069,25,9,1,1,1
208,106,892,1069,24,9,1,1,1
209,106,891,1069,24,9,1,1,1
210,106,891,1070,24,8,1,1,1
211,106,890,1070,24,8,1,1,1
212,106,889,1071,24,7,1,1,1
213,106,889,1072,24,6,1,1,1
214,106,888,1072,24,7,1,1,1
215,106,888,1073,24,6,1,1,1
216,106,887,1074,24,5,1,1,1
217,106,886,1074,24,6,1,1,1
218,106,886,1075,24,5,1,1,1
219,106,885,1076,24,4,1,1,1
0,107,1,759,49,26,1,1,1
1,107,0,759,49,26,1,1,1
2,107,0,759,49,27,1,1,1
3,107,0,760,48,26,1,1,1
4,107,0,760,48,27,1,1,1
5,107,0,761,48,26,1,1,1
6,107,0,761,47,27,1,1,1
7,107,0,761,47,27,1,1,1
8,107,0,762,46,27,1,1,1
9,107,0,762,46,27,1,1,1
10,107,0,763,46,27,1,1,1
11,107,0,763,45,27,1,1,1
12,107,0,764,45,27,1,1,1
13,107,0,764,45,27,1,1,1
14,107,0,765,44,27,1,1,1
15,107,0,766,44,27,1,1,1
16,107,0,766,44,27,1,1,1
17,107,0,767,43,27,1,1,1
18,107,0,767,43,27,1,1,1
19,107,0,768,43,27,1,1,1
20,107,0,769,43,27,1,1,1
21,107,0,769,42,27,1,1,1
22,107,0,770,42,27,1,1,1
23,107,0,770,42,27,1,1,1
24,107,0,771,42,27,1,1,1
25,107,0,772,42,27,1,1,1
26,107,0,772,42,27,1,1,1
27,107,0,773,42,27,1,1,1
28,107,0,773,42,27,1,1,1
29,107,0,774,42,27,1,1,1
30,107,0,775,42,27,1,1,1
31,107,0,775,41,27,1,1,1
32,107,0,776,41,27,1,1,1
33,107,0,776,41,27,1,1,1
34,107,0,777,41,27,1,1,1
35,107,0,777,41,27,1,1,1
36,107,0,778,41,27,1,1,1
37,107,0,778,41,27,1,1,1
38,107,0,779,41,27,1,1,1
39,107,0,779,41,27,1,1,1
40,107,0,780,41,27,1,1,1
41,107,0,780,40,27,1,1,1
42,107,0,781,39,27,1,1,1
43,107,0,782,38,27,1,1,1
44,107,0,783,37,27,1,1,1
45,107,0,784,37,27,1,1,1
46,107,0,784,36,27,1,1,1
47,107,0,785,35,27,1,1,1
48,107,0,786,34,27,1,1,1
49,107,0,787,33,27,1,1,1
50,107,0,788,33,27,1,1,1
51,107,0,788,32,27,1,1,1
52,107,0,789,32,27,1,1,1
53,107,0,790,31,27,1,1,1
54,107,0,791,31,27,1,1,1
55,107,0,792,31,27,1,1,1
56,107,0,792,30,27,1,1,1
57,107,0,793,30,27,1,1,1
58,107,0,794,29,27,1,1,1
59,107,0,795,29,27,1,1,1
60,107,0,796,29,27,1,1,1
61,107,0,796,28,27,1,1,1
62,107,0,797,27,27,1,1,1
63,107,0,797,27,27,1,1,1
64,107,0,798,26,27,1,1,1
65,107,0,799,26,27,1,1,1
66,107,0,799,25,27,1,1,1
67,107,0,800,24,27,1,1,1
68,107,0,800,24,27,1,1,1
69,107,0,801,23,27,1,1,1
70,107,0,802,23,27,1,1,1
71,107,0,803,22,26,1,1,1
72,107,0,804,21,26,1,1,1
73,107,0,805,20,25,1,1,1
74,107,0,806,19,25,1,1,1
75,107,0,807,18,25,1,1,1
76,107,0,808,17,24,1,1,1
77,107,0,809,16,24,1,1,1
78,107,0,810,15,23,1,1,1
79,107,0,811,14,23,1,1,1
80,107,0,812,14,23,1,1,1
81,107,0,812,13,23,1,1,1
82,107,0,813,13,22,1,1,1
83,107,0,814,12,22,1,1,1
84,107,0,815,12,21,1,1,1
85,107,0,816,12,21,1,1,1
86,107,0,817,11,20,1,1,1
87,107,0,818,11,19,1,1,1
88,107,0,819,10,19,1,1,1
89,107,0,820,10,18,1,1,1
90,107,0,821,10,18,1,1,1
91,107,0,821,9,18,1,1,1
92,107,0,821,8,18,1,1,1
93,107,0,821,8,18,1,1,1
94,107,0,822,7,17,1,1,1
95,107,0,822,7,18,1,1,1
96,107,0,822,6,18,1,1,1
97,107,0,823,5,17,1,1,1
98,107,0,823,5,17,1,1,1
99,107,0,823,4,17,1,1,1
249,107,0,821,10,18,1,1,1
50,108,0,756,60,28,1,1,1
51,108,0,756,59,28,1,1,1
52,108,0,757,59,28,1,1,1
53,108,0,758,58,28,1,1,1
54,108,0,759,58,27,1,1,1
55,108,0,760,58,27,1,1,1
56,108,0,761,57,27,1,1,1
57,108,0,762,57,26,1,1,1
58,108,0,763,56,26,1,1,1
59,108,0,764,56,26,1,1,1
60,108,0,765,56,26,1,1,1
61,108,0,765,55,26,1,1,1
62,108,0,766,54,26,1,1,1
63,108,0,767,54,26,1,1,1
64,108,0,767,53,26,1,1,1
65,108,0,768,53,26,1,1,1
66,108,0,769,52,26,1,1,1
67,108,0,769,51,26,1,1,1
68,108,0,770,51,26,1,1,1
69,108,0,771,50,26,1,1,1
70,108,0,772,50,26,1,1,1
71,108,0,772,48,26,1,1,1
72,108,0,773,47,26,1,1,1
73,108,0,774,46,26,1,1,1
74,108,0,775,45,26,1,1,1
75,108,0,776,44,26,1,1,1
76,108,0,776,43,26,1,1,1
77,108,0,777,42,26,1,1,1
78,108,0,778,41,26,1,1,1
79,108,0,779,40,26,1,1,1
80,108,0,780,39,26,1,1,1
81,108,0,780,38,26,1,1,1
82,108,0,781,37,25,1,1,1
83,108,0,782,37,25,1,1,1
84,108,0,783,36,24,1,1,1
85,108,0,784,36,24,1,1,1
86,108,0,785,35,23,1,1,1
87,108,0,786,34,22,1,1,1
88,108,0,787,34,22,1,1,1
89,108,0,788,33,21,1,1,1
90,108,0,789,33,21,1,1,1
91,108,0,789,32,21,1,1,1
92,108,0,790,31,21,1,1,1
93,108,0,791,30,21,1,1,1
94,108,0,791,30,21,1,1,1
95,108,0,792,29,21,1,1,1
96,108,0,793,28,21,1,1,1
97,108,0,793,28,21,1,1,1
98,108,0,794,27,21,1,1,1
99,108,0,795,26,21,1,1,1
100,108,0,796,26,21,1,1,1
101,108,0,796,25,21,1,1,1
102,108,0,796,24,21,1,1,1
103,108,0,797,23,21,1,1,1
104,108,0,797,22,21,1,1,1
105,108,0,798,22,21,1,1,1
106,108,0,798,21,21,1,1,1
107,108,0,798,20,21,1,1,1
108,108,0,799,19,21,1,1,1
109,108,0,799,18,21,1,1,1
110,108,0,800,18,21,1,1,1
111,108,0,800,17,21,1,1,1
112,108,0,801,16,21,1,1,1
113,108,0,801,15,21,1,1,1
114,108,0,802,14,21,1,1,1
115,108,0,803,14,21,1,1,1
116,108,0,803,13,21,1,1,1
117,108,0,804,12,21,1,1,1
118,108,0,804,11,21,1,1,1
119,108,0,805,10,21,1,1,1
120,108,0,806,10,21,1,1,1
121,108,0,806,9,21,1,1,1
122,108,0,807,9,20,1,1,1
123,108,0,807,8,20,1,1,1
124,108,0,808,8,19,1,1,1
125,108,0,809,7,18,1,1,1
126,108,0,809,7,18,1,1,1
127,108,0,810,6,17,1,1,1
128,108,0,810,6,17,1,1,1
129,108,0,811,5,16,1,1,1
130,108,0,812,5,16,1,1,1
131,108,0,812,4,16,1,1,1
132,108,0,812,4,16,1,1,1
133,108,0,812,4,17,1,1,1
134,108,0,813,4,16,1,1,1
135,108,0,813,4,17,1,1,1
136,108,0,813,4,17,1,1,1
137,108,0,814,4,16,1,1,1
138,108,0,814,4,17,1,1,1
139,108,0,814,4,17,1,1,1
249,108,0,789,33,21,1,1,1
90,109,1,762,48,23,1,1,1
91,109,0,762,48,23,1,1,1
92,109,0,763,47,23,1,1,1
93,109,0,764,47,23,1,1,1
94,109,0,764,46,23,1,1,1
95,109,0,765,46,23,1,1,1
96,109,0,766,45,23,1,1,1
97,109,0,766,44,23,1,1,1
98,109,0,767,44,23,1,1,1
99,109,0,768,43,23,1,1,1
100,109,0,769,43,23,1,1,1
101,109,0,769,42,23,1,1,1
102,109,0,770,41,23,1,1,1
103,109,0,770,40,23,1,1,1
104,109,0,771,39,23,1,1,1
105,109,0,771,38,24,1,1,1
106,109,0,772,37,23,1,1,1
107,109,0,772,36,24,1,1,1
108,109,0,773,35,23,1,1,1
109,109,0,773,34,24,1,1,1
110,109,0,774,34,24,1,1,1
111,109,0,774,33,24,1,1,1
112,109,0,775,32,24,1,1,1
113,109,0,776,31,23,1,1,1
114,109,0,776,30,24,1,1,1
115,109,0,777,29,24,1,1,1
116,109,0,778,28,23,1,1,1
117,109,0,778,27,24,1,1,1
118,109,0,779,26,23,1,1,1
119,109,0,780,25,23,1,1,1
120,109,0,781,25,23,1,1,1
121,109,0,781,24,23,1,1,1
122,109,0,781,23,23,1,1,1
123,109,0,782,23,23,1,1,1
124,109,0,782,22,23,1,1,1
125,109,0,783,22,23,1,1,1
126,109,0,783,21,23,1,1,1
127,109,0,783,20,23,1,1,1
128,109,0,784,20,23,1,1,1
129,109,0,784,19,23,1,1,1
130,109,0,785,19,23,1,1,1
131,109,0,785,18,23,1,1,1
132,109,0,786,17,22,1,1,1
133,109,0,786,17,22,1,1,1
134,109,0,787,16,21,1,1,1
135,109,0,788,16,20,1,1,1
136,109,0,788,15,20,1,1,1
137,109,0,789,14,19,1,1,1
138,109,0,789,14,19,1,1,1
139,109,0,790,13,18,1,1,1
140,109,0,791,13,17,1,1,1
141,109,0,791,12,17,1,1,1
142,109,0,791,11,17,1,1,1
143,109,0,792,10,16,1,1,1
144,109,0,792,9,17,1,1,1
145,109,0,793,9,16,1,1,1
146,109,0,793,8,16,1,1,1
147,109,0,793,7,17,1,1,1
148,109,0,794,6,16,1,1,1
149,109,0,794,5,16,1,1,1
249,109,1,762,48,23,1,1,1
110,110,0,749,51,25,1,1,1
111,110,0,749,50,25,1,1,1
112,110,0,750,49,25,1,1,1
113,110,0,750,49,25,1,1,1
114,110,0,751,48,25,1,1,1
115,110,0,752,48,25,1,1,1
116,110,0,752,47,25,1,1,1
117,110,0,753,46,25,1,1,1
118,110,0,753,46,25,1,1,1
119,110,0,754,45,25,1,1,1
120,110,0,755,45,25,1,1,1
121,110,0,755,44,25,1,1,1
122,110,0,755,43,25,1,1,1
123,110,0,756,42,25,1,1,1
124,110,0,756,41,25,1,1,1
125,110,0,757,41,25,1,1,1
126,110,0,757,40,25,1,1,1
127,110,0,757,39,25,1,1,1
128,110,0,758,38,25,1,1,1
129,110,0,758,37,25,1,1,1
130,110,0,759,37,25,1,1,1
131,110,0,759,36,25,1,1,1
132,110,0,760,35,24,1,1,1
133,110,0,760,35,24,1,1,1
134,110,0,761,34,24,1,1,1
135,110,0,761,34,24,1,1,1
136,110,0,762,33,23,1,1,1
137,110,0,762,32,24,1,1,1
138,110,0,763,32,23,1,1,1
139,110,0,763,31,23,1,1,1
140,110,0,764,31,23,1,1,1
141,110,0,764,30,23,1,1,1
142,110,0,764,29,23,1,1,1
143,110,0,765,28,23,1,1,1
144,110,0,765,28,23,1,1,1
145,110,0,766,27,23,1,1,1
146,110,0,766,26,23,1,1,1
147,110,0,766,26,23,1,1,1
148,110,0,767,25,23,1,1,1
149,110,0,767,24,23,1,1,1
150,110,0,768,24,23,1,1,1
151,110,0,768,23,23,1,1,1
152,110,0,769,22,23,1,1,1
153,110,0,769,21,24,1,1,1
154,110,0,770,20,23,1,1,1
155,110,0,771,20,23,1,1,1
156,110,0,771,19,24,1,1,1
157,110,0,772,18,23,1,1,1
158,110,0,772,17,24,1,1,1
159,110,0,773,16,24,1,1,1
160,110,0,774,16,24,1,1,1
161,110,0,775,14,23,1,1,1
162,110,0,776,13,22,1,1,1
163,110,0,778,12,21,1,1,1
164,110,0,779,11,20,1,1,1
165,110,0,781,10,19,1,1,1
166,110,0,782,9,18,1,1,1
167,110,0,783,8,17,1,1,1
168,110,0,785,7,16,1,1,1
169,110,0,786,6,15,1,1,1
170,110,0,788,5,14,1,1,1
171,110,0,789,4,13,1,1,1
172,110,0,790,4,13,1,1,1
173,110,0,791,4,13,1,1,1
174,110,0,792,4,13,1,1,1
175,110,0,794,4,12,1,1,1
176,110,0,795,4,11,1,1,1
177,110,0,796,4,11,1,1,1
178,110,0,797,4,11,1,1,1
179,110,0,798,4,11,1,1,1
130,111,0,735,53,28,1,1,1
131,111,0,735,52,28,1,1,1
132,111,0,735,51,28,1,1,1
133,111,0,736,50,27,1,1,1
134,111,0,736,50,28,1,1,1
135,111,0,737,49,27,1,1,1
136,111,0,737,48,27,1,1,1
137,111,0,737,48,28,1,1,1
138,111,0,738,47,27,1,1,1
139,111,0,738,46,27,1,1,1
140,111,0,739,46,27,1,1,1
141,111,0,739,45,27,1,1,1
142,111,0,739,44,27,1,1,1
143,111,0,739,43,27,1,1,1
144,111,0,739,43,27,1,1,1
145,111,0,740,42,27,1,1,1
146,111,0,740,41,27,1,1,1
147,111,0,740,41,27,1,1,1
148,111,0,740,40,27,1,1,1
149,111,0,740,39,27,1,1,1
150,111,0,741,39,27,1,1,1
151,111,0,741,38,27,1,1,1
152,111,0,742,37,27,1,1,1
153,111,0,743,37,26,1,1,1
154,111,0,743,36,27,1,1,1
155,111,0,744,36,26,1,1,1
156,111,0,745,35,26,1,1,1
157,111,0,745,34,26,1,1,1
158,111,0,746,34,26,1,1,1
159,111,0,747,33,25,1,1,1
160,111,0,748,33,25,1,1,1
161,111,0,749,32,25,1,1,1
162,111,0,750,31,25,1,1,1
163,111,0,751,30,25,1,1,1
164,111,0,752,29,25,1,1,1
165,111,0,754,28,24,1,1,1
166,111,0,755,27,24,1,1,1
167,111,0,756,26,24,1,1,1
168,111,0,757,25,24,1,1,1
169,111,0,758,24,24,1,1,1
170,111,0,760,24,24,1,1,1
171,111,0,762,22,23,1,1,1
172,111,0,764,21,22,1,1,1
173,111,0,766,19,21,1,1,1
174,111,0,768,18,20,1,1,1
175,111,0,770,16,19,1,1,1
176,111,0,772,15,18,1,1,1
177,111,0,774,13,17,1,1,1
178,111,0,776,12,16,1,1,1
179,111,0,778,10,15,1,1,1
180,111,0,781,9,13,1,1,1
181,111,0,782,8,13,1,1,1
182,111,0,784,8,13,1,1,1
183,111,0,785,7,13,1,1,1
184,111,0,787,7,13,1,1,1
185,111,0,788,6,14,1,1,1
186,111,0,790,6,13,1,1,1
187,111,0,791,5,14,1,1,1
188,111,0,793,5,13,1,1,1
189,111,0,794,4,14,1,1,1
160,112,0,723,54,25,1,1,1
161,112,0,724,53,25,1,1,1
162,112,0,725,52,25,1,1,1
163,112,0,726,51,25,1,1,1
164,112,0,727,50,25,1,1,1
165,112,0,728,49,25,1,1,1
166,112,0,729,48,25,1,1,1
167,112,0,730,47,25,1,1,1
168,112,0,731,46,25,1,1,1
169,112,0,732,45,25,1,1,1
170,112,0,733,44,25,1,1,1
171,112,0,734,42,25,1,1,1
172,112,0,736,41,24,1,1,1
173,112,0,737,39,25,1,1,1
174,112,0,739,38,24,1,1,1
175,112,0,740,36,25,1,1,1
176,112,0,742,35,24,1,1,1
177,112,0,743,33,24,1,1,1
178,112,0,745,32,24,1,1,1
179,112,0,746,30,24,1,1,1
180,112,0,748,29,24,1,1,1
181,112,0,750,27,23,1,1,1
182,112,0,752,26,23,1,1,1
183,112,0,754,24,23,1,1,1
184,112,0,757,23,22,1,1,1
185,112,0,759,22,22,1,1,1
186,112,0,761,20,21,1,1,1
187,112,0,764,19,20,1,1,1
188,112,0,766,17,20,1,1,1
189,112,0,768,16,20,1,1,1
190,112,0,771,15,19,1,1,1
191,112,0,772,13,19,1,1,1
192,112,0,773,12,19,1,1,1
193,112,0,774,11,19,1,1,1
194,112,0,775,10,19,1,1,1
195,112,0,776,9,19,1,1,1
196,112,0,777,8,19,1,1,1
197,112,0,778,7,19,1,1,1
198,112,0,779,6,19,1,1,1
199,112,0,780,5,19,1,1,1
0,114,317,411,25,27,1,1,1
1,114,316,411,25,27,1,1,1
2,114,316,411,25,27,1,1,1
3,114,316,411,25,27,1,1,1
4,114,316,411,25,27,1,1,1
5,114,316,411,25,28,1,1,1
6,114,315,411,26,28,1,1,1
7,114,315,411,26,28,1,1,1
8,114,315,411,26,28,1,1,1
9,114,315,411,26,28,1,1,1
10,114,315,412,26,28,1,1,1
11,114,314,412,27,28,1,1,1
12,114,314,412,27,28,1,1,1
13,114,314,412,27,28,1,1,1
14,114,314,412,27,28,1,1,1
15,114,314,412,27,28,1,1,1
16,114,314,412,27,28,1,1,1
17,114,314,412,27,28,1,1,1
18,114,314,412,27,28,1,1,1
19,114,314,412,27,28,1,1,1
20,114,314,412,27,28,1,1,1
21,114,313,412,27,28,1,1,1
22,114,313,413,27,28,1,1,1
23,114,313,414,27,27,1,1,1
24,114,312,415,28,27,1,1,1
25,114,312,416,28,26,1,1,1
26,114,312,416,27,27,1,1,1
27,114,311,417,28,26,1,1,1
28,114,311,418,28,26,1,1,1
29,114,311,419,28,25,1,1,1
30,114,311,420,28,25,1,1,1
31,114,311,420,28,25,1,1,1
32,114,311,420,28,25,1,1,1
33,114,311,420,28,26,1,1,1
34,114,311,420,28,26,1,1,1
35,114,311,421,28,26,1,1,1
36,114,311,421,28,26,1,1,1
37,114,311,421,28,26,1,1,1
38,114,311,421,28,27,1,1,1
39,114,311,421,28,27,1,1,1
40,114,311,422,28,27,1,1,1
41,114,310,422,28,27,1,1,1
42,114,310,422,28,27,1,1,1
43,114,309,423,28,27,1,1,1
44,114,309,423,28,27,1,1,1
45,114,308,424,28,27,1,1,1
46,114,308,424,28,27,1,1,1
47,114,307,424,28,27,1,1,1
48,114,307,425,28,27,1,1,1
49,114,306,425,28,27,1,1,1
50,114,306,426,28,27,1,1,1
51,114,306,426,28,27,1,1,1
52,114,306,426,28,27,1,1,1
53,114,306,426,28,27,1,1,1
54,114,306,427,28,27,1,1,1
55,114,306,427,28,27,1,1,1
56,114,306,427,28,27,1,1,1
57,114,306,428,28,27,1,1,1
58,114,306,428,28,27,1,1,1
59,114,306,428,28,27,1,1,1
60,114,306,429,28,27,1,1,1
61,114,305,429,28,27,1,1,1
62,114,305,429,28,27,1,1,1
63,114,304,430,29,27,1,1,1
64,114,304,430,28,27,1,1,1
65,114,304,431,28,27,1,1,1
66,114,303,431,29,27,1,1,1
67,114,303,431,28,27,1,1,1
68,114,302,432,29,27,1,1,1
69,114,302,432,29,27,1,1,1
70,114,302,433,29,27,1,1,1
71,114,301,433,29,27,1,1,1
72,114,300,434,29,27,1,1,1
73,114,299,434,29,27,1,1,1
74,114,299,435,29,27,1,1,1
75,114,298,435,29,27,1,1,1
76,114,297,436,29,27,1,1,1
77,114,297,436,29,27,1,1,1
78,114,296,437,29,27,1,1,1
79,114,295,437,29,27,1,1,1
80,114,295,438,29,27,1,1,1
81,114,294,438,29,27,1,1,1
82,114,294,438,29,27,1,1,1
83,114,294,439,29,26,1,1,1
84,114,294,439,29,26,1,1,1
85,114,294,440,29,26,1,1,1
86,114,294,440,28,26,1,1,1
87,114,294,440,28,26,1,1,1
88,114,294,441,28,25,1,1,1
89,114,294,441,28,25,1,1,1
90,114,294,442,28,25,1,1,1
91,114,293,442,28,25,1,1,1
92,114,293,442,28,25,1,1,1
93,114,292,442,28,25,1,1,1
94,114,292,442,28,25,1,1,1
95,114,291,442,28,25,1,1,1
96,114,291,442,28,25,1,1,1
97,114,290,442,28,25,1,1,1
98,114,290,442,28,25,1,1,1
99,114,289,442,28,25,1,1,1
100,114,289,443,28,25,1,1,1
101,114,288,443,28,25,1,1,1
102,114,288,444,28,25,1,1,1
103,114,287,444,28,25,1,1,1
104,114,287,445,28,25,1,1,1
105,114,286,446,29,25,1,1,1
106,114,286,446,28,25,1,1,1
107,114,285,447,29,25,1,1,1
108,114,285,447,28,25,1,1,1
109,114,284,448,29,25,1,1,1
110,114,284,449,29,25,1,1,1
111,114,283,449,29,25,1,1,1
112,114,282,449,29,25,1,1,1
113,114,282,449,29,25,1,1,1
114,114,281,449,29,25,1,1,1
115,114,281,449,29,25,1,1,1
116,114,280,449,29,25,1,1,1
117,114,279,449,29,25,1,1,1
118,114,279,449,29,25,1,1,1
119,114,278,449,29,25,1,1,1
120,114,278,450,29,25,1,1,1
121,114,277,450,29,25,1,1,1
122,114,277,450,29,25,1,1,1
123,114,277,450,29,25,1,1,1
124,114,276,451,29,25,1,1,1
125,114,276,451,29,25,1,1,1
126,114,276,451,29,25,1,1,1
127,114,275,452,29,25,1,1,1
128,114,275,452,29,25,1,1,1
129,114,275,452,29,25,1,1,1
130,114,275,453,29,25,1,1,1
131,114,274,453,29,25,1,1,1
132,114,274,453,29,25,1,1,1
133,114,273,453,29,25,1,1,1
134,114,273,453,29,25,1,1,1
135,114,272,453,29,25,1,1,1
136,114,272,453,29,25,1,1,1
137,114,271,453,29,25,1,1,1
138,114,271,453,29,25,1,1,1
139,114,270,453,29,25,1,1,1
140,114,270,453,29,25,1,1,1
141,114,269,453,29,25,1,1,1
142,114,269,453,29,25,1,1,1
143,114,268,453,29,25,1,1,1
144,114,268,453,29,25,1,1,1
145,114,267,453,29,25,1,1,1
146,114,267,453,29,25,1,1,1
147,114,266,453,29,25,1,1,1
148,114,266,453,29,25,1,1,1
149,114,265,453,29,25,1,1,1
150,114,265,454,29,25,1,1,1
151,114,264,454,29,25,1,1,1
152,114,264,454,29,25,1,1,1
153,114,263,454,29,25,1,1,1
154,114,263,455,29,24,1,1,1
155,114,262,455,29,25,1,1,1
156,114,262,455,29,25,1,1,1
157,114,261,456,29,24,1,1,1
158,114,261,456,29,24,1,1,1
159,114,260,456,29,24,1,1,1
160,114,260,457,29,24,1,1,1
161,114,259,457,29,24,1,1,1
162,114,258,458,29,24,1,1,1
163,114,257,459,29,24,1,1,1
164,114,256,460,29,24,1,1,1
165,114,256,461,29,24,1,1,1
166,114,255,462,29,24,1,1,1
167,114,254,463,29,24,1,1,1
168,114,253,464,29,24,1,1,1
169,114,252,465,29,24,1,1,1
170,114,252,466,29,24,1,1,1
171,114,251,466,29,24,1,1,1
172,114,250,467,29,24,1,1,1
173,114,249,468,29,24,1,1,1
174,114,248,469,29,24,1,1,1
175,114,247,470,29,24,1,1,1
176,114,246,470,29,24,1,1,1
177,114,245,471,29,24,1,1,1
178,114,244,472,29,24,1,1,1
179,114,243,473,29,24,1,1,1
180,114,242,474,29,24,1,1,1
181,114,240,475,29,24,1,1,1
182,114,239,476,29,24,1,1,1
183,114,238,477,28,25,1,1,1
184,114,237,478,28,25,1,1,1
185,114,236,479,28,26,1,1,1
186,114,234,480,28,26,1,1,1
187,114,233,481,28,26,1,1,1
188,114,232,482,27,27,1,1,1
189,114,231,483,27,27,1,1,1
190,114,230,484,27,28,1,1,1
191,114,228,485,27,28,1,1,1
192,114,227,486,27,28,1,1,1
193,114,226,487,27,28,1,1,1
194,114,225,488,27,28,1,1,1
195,114,224,489,27,28,1,1,1
196,114,222,490,27,28,1,1,1
197,114,221,491,27,28,1,1,1
198,114,220,492,27,28,1,1,1
199,114,219,493,27,28,1,1,1
200,114,218,495,27,28,1,1,1
201,114,216,496,27,28,1,1,1
202,114,214,498,27,28,1,1,1
203,114,212,500,27,28,1,1,1
204,114,210,502,27,28,1,1,1
205,114,208,504,27,28,1,1,1
206,114,206,505,27,28,1,1,1
207,114,204,507,27,28,1,1,1
208,114,202,509,27,28,1,1,1
209,114,200,511,27,28,1,1,1
210,114,198,513,27,28,1,1,1
211,114,196,514,27,29,1,1,1
212,114,194,516,28,29,1,1,1
213,114,192,518,29,29,1,1,1
214,114,190,520,29,29,1,1,1
215,114,188,522,30,29,1,1,1
216,114,186,524,31,29,1,1,1
217,114,184,526,31,29,1,1,1
218,114,182,528,32,29,1,1,1
219,114,180,530,33,29,1,1,1
220,114,178,532,34,29,1,1,1
221,114,175,534,34,29,1,1,1
222,114,173,536,34,29,1,1,1
223,114,171,538,34,29,1,1,1
224,114,168,540,34,29,1,1,1
225,114,166,542,34,29,1,1,1
226,114,164,544,34,29,1,1,1
227,114,161,546,34,29,1,1,1
228,114,159,548,34,29,1,1,1
229,114,157,550,34,29,1,1,1
230,114,155,553,34,29,1,1,1
231,114,152,554,34,30,1,1,1
232,114,150,556,34,30,1,1,1
233,114,147,558,34,30,1,1,1
234,114,145,560,34,30,1,1,1
235,114,143,562,34,30,1,1,1
236,114,140,563,34,31,1,1,1
237,114,138,565,34,31,1,1,1
238,114,135,567,34,31,1,1,1
239,114,133,569,34,31,1,1,1
240,114,131,571,34,31,1,1,1
241,114,128,573,34,31,1,1,1
242,114,125,575,34,32,1,1,1
243,114,123,577,33,33,1,1,1
244,114,120,579,33,34,1,1,1
245,114,117,581,34,34,1,1,1
246,114,115,583,33,35,1,1,1
247,114,112,585,33,36,1,1,1
248,114,109,587,33,37,1,1,1
249,114,107,590,33,37,1,1,1
249,118,0,677,38,24,1,1,1
0,119,213,479,44,17,1,1,1
1,119,212,479,44,17,1,1,1
2,119,212,479,43,17,1,1,1
3,119,212,479,43,18,1,1,1
4,119,211,479,43,18,1,1,1
5,119,211,480,43,18,1,1,1
6,119,211,480,42,18,1,1,1
7,119,210,480,42,18,1,1,1
8,119,210,480,42,19,1,1,1
9,119,210,480,41,19,1,1,1
10,119,210,481,41,19,1,1,1
11,119,210,481,40,19,1,1,1
12,119,210,481,40,19,1,1,1
13,119,210,481,40,19,1,1,1
14,119,210,481,40,19,1,1,1
15,119,210,482,40,19,1,1,1
16,119,210,482,40,19,1,1,1
17,119,210,482,40,19,1,1,1
18,119,210,482,40,19,1,1,1
19,119,210,482,40,19,1,1,1
20,119,210,483,40,19,1,1,1
21,119,209,483,40,19,1,1,1
22,119,209,483,40,19,1,1,1
23,119,209,483,40,19,1,1,1
24,119,209,483,40,19,1,1,1
25,119,209,484,40,19,1,1,1
26,119,209,484,40,19,1,1,1
27,119,209,484,40,19,1,1,1
28,119,209,484,40,19,1,1,1
29,119,209,484,40,19,1,1,1
30,119,209,485,40,19,1,1,1
31,119,208,485,40,19,1,1,1
32,119,208,486,40,19,1,1,1
33,119,208,486,40,19,1,1,1
34,119,208,487,40,19,1,1,1
35,119,208,488,40,19,1,1,1
36,119,207,488,40,19,1,1,1
37,119,207,489,40,19,1,1,1
38,119,207,489,40,19,1,1,1
39,119,207,490,40,19,1,1,1
40,119,207,491,40,19,1,1,1
41,119,206,491,40,19,1,1,1
42,119,206,491,40,19,1,1,1
43,119,206,491,40,19,1,1,1
44,119,206,491,40,19,1,1,1
45,119,206,492,40,19,1,1,1
46,119,205,492,40,19,1,1,1
47,119,205,492,40,19,1,1,1
48,119,205,492,40,19,1,1,1
49,119,205,492,40,19,1,1,1
50,119,205,493,40,19,1,1,1
51,119,204,493,40,19,1,1,1
52,119,204,494,40,19,1,1,1
53,119,204,494,40,19,1,1,1
54,119,204,495,40,19,1,1,1
55,119,204,495,40,19,1,1,1
56,119,203,496,40,19,1,1,1
57,119,203,496,40,19,1,1,1
58,119,203,497,40,19,1,1,1
59,119,203,497,40,19,1,1,1
60,119,203,498,40,19,1,1,1
61,119,202,498,40,19,1,1,1
62,119,201,499,40,19,1,1,1
63,119,201,499,40,19,1,1,1
64,119,200,500,40,19,1,1,1
65,119,200,501,40,19,1,1,1
66,119,199,501,40,19,1,1,1
67,119,198,502,40,19,1,1,1
68,119,198,502,40,19,1,1,1
69,119,197,503,40,19,1,1,1
70,119,197,504,40,19,1,1,1
71,119,196,504,40,19,1,1,1
72,119,195,504,40,19,1,1,1
73,119,195,505,40,19,1,1,1
74,119,194,505,40,19,1,1,1
75,119,194,506,40,19,1,1,1
76,119,193,506,40,19,1,1,1
77,119,192,506,40,19,1,1,1
78,119,192,507,40,19,1,1,1
79,119,191,507,40,19,1,1,1
80,119,191,508,40,19,1,1,1
81,119,190,508,40,19,1,1,1
82,119,189,508,41,20,1,1,1
83,119,188,509,42,19,1,1,1
84,119,188,509,42,20,1,1,1
85,119,187,510,43,20,1,1,1
86,119,186,510,43,20,1,1,1
87,119,186,510,43,21,1,1,1
88,119,185,511,44,20,1,1,1
89,119,184,511,45,21,1,1,1
90,119,184,512,45,21,1,1,1
91,119,183,512,45,21,1,1,1
92,119,182,512,45,21,1,1,1
93,119,182,513,45,21,1,1,1
94,119,181,513,45,21,1,1,1
95,119,181,514,45,21,1,1,1
96,119,180,514,45,21,1,1,1
97,119,179,514,45,21,1,1,1
98,119,179,515,45,21,1,1,1
99,119,178,515,45,21,1,1,1
100,119,178,516,45,21,1,1,1
101,119,177,516,45,21,1,1,1
102,119,177,516,45,21,1,1,1
103,119,177,516,45,21,1,1,1
104,119,177,516,45,21,1,1,1
105,119,177,517,45,21,1,1,1
106,119,177,517,45,21,1,1,1
107,119,177,517,45,21,1,1,1
108,119,177,517,45,21,1,1,1
109,119,177,517,45,21,1,1,1
110,119,177,518,45,21,1,1,1
111,119,176,518,45,21,1,1,1
112,119,175,518,45,21,1,1,1
113,119,174,519,45,21,1,1,1
114,119,173,519,45,21,1,1,1
115,119,172,520,45,21,1,1,1
116,119,171,520,45,21,1,1,1
117,119,170,520,45,21,1,1,1
118,119,169,521,45,21,1,1,1
119,119,168,521,45,21,1,1,1
120,119,167,522,45,21,1,1,1
121,119,166,522,45,21,1,1,1
122,119,166,522,45,21,1,1,1
123,119,165,522,45,21,1,1,1
124,119,165,522,45,21,1,1,1
125,119,165,522,45,21,1,1,1
126,119,164,522,45,21,1,1,1
127,119,164,522,45,21,1,1,1
128,119,163,522,45,21,1,1,1
129,119,163,522,45,21,1,1,1
130,119,163,523,45,21,1,1,1
131,119,162,523,45,21,1,1,1
132,119,161,523,46,21,1,1,1
133,119,160,523,46,21,1,1,1
134,119,159,523,47,21,1,1,1
135,119,158,524,47,21,1,1,1
136,119,157,524,48,21,1,1,1
137,119,156,524,48,21,1,1,1
138,119,155,524,49,21,1,1,1
139,119,154,524,49,21,1,1,1
140,119,154,525,49,21,1,1,1
141,119,153,525,49,21,1,1,1
142,119,153,525,49,21,1,1,1
143,119,153,525,49,21,1,1,1
144,119,153,525,49,21,1,1,1
145,119,153,526,49,21,1,1,1
146,119,152,526,49,21,1,1,1
147,119,152,526,49,21,1,1,1
148,119,152,526,49,21,1,1,1
149,119,152,526,49,21,1,1,1
150,119,152,527,49,21,1,1,1
151,119,151,527,49,21,1,1,1
152,119,150,527,49,21,1,1,1
153,119,149,527,49,21,1,1,1
154,119,148,528,49,21,1,1,1
155,119,148,528,49,21,1,1,1
156,119,147,528,49,21,1,1,1
157,119,146,529,49,21,1,1,1
158,119,145,529,49,21,1,1,1
159,119,144,529,49,21,1,1,1
160,119,144,530,49,21,1,1,1
161,119,143,530,49,21,1,1,1
162,119,142,531,49,21,1,1,1
163,119,141,532,49,21,1,1,1
164,119,140,533,49,21,1,1,1
165,119,139,534,49,21,1,1,1
166,119,138,535,49,21,1,1,1
167,119,137,536,49,21,1,1,1
168,119,136,537,49,21,1,1,1
169,119,135,538,49,21,1,1,1
170,119,135,539,49,21,1,1,1
171,119,134,540,49,21,1,1,1
172,119,133,541,49,21,1,1,1
173,119,132,542,49,21,1,1,1
174,119,131,543,49,21,1,1,1
175,119,130,544,49,21,1,1,1
176,119,129,545,49,21,1,1,1
177,119,128,546,49,21,1,1,1
178,119,127,547,49,21,1,1,1
179,119,126,548,49,21,1,1,1
180,119,125,549,49,21,1,1,1
181,119,123,550,49,21,1,1,1
182,119,122,551,49,21,1,1,1
183,119,120,553,49,21,1,1,1
184,119,119,554,49,21,1,1,1
185,119,118,556,49,21,1,1,1
186,119,116,557,49,21,1,1,1
187,119,115,558,49,21,1,1,1
188,119,113,560,49,21,1,1,1
189,119,112,561,49,21,1,1,1
190,119,111,563,49,21,1,1,1
191,119,109,564,49,21,1,1,1
192,119,107,566,49,21,1,1,1
193,119,105,567,49,21,1,1,1
194,119,104,569,49,21,1,1,1
195,119,102,570,49,21,1,1,1
196,119,100,572,49,21,1,1,1
197,119,99,573,49,21,1,1,1
198,119,97,575,49,21,1,1,1
199,119,95,576,49,21,1,1,1
200,119,94,578,49,21,1,1,1
201,119,91,579,49,21,1,1,1
202,119,89,581,49,21,1,1,1
203,119,87,583,49,21,1,1,1
204,119,85,585,49,21,1,1,1
205,119,83,587,49,21,1,1,1
206,119,80,589,49,21,1,1,1
207,119,78,591,49,21,1,1,1
208,119,76,593,49,21,1,1,1
209,119,74,595,49,21,1,1,1
210,119,72,597,49,21,1,1,1
211,119,69,599,49,21,1,1,1
212,119,67,601,49,21,1,1,1
213,119,64,603,50,22,1,1,1
214,119,62,605,49,22,1,1,1
215,119,59,608,50,22,1,1,1
216,119,57,610,50,22,1,1,1
217,119,54,612,50,22,1,1,1
218,119,52,614,50,23,1,1,1
219,119,49,616,51,23,1,1,1
220,119,47,619,51,23,1,1,1
221,119,44,621,51,23,1,1,1
222,119,41,623,52,23,1,1,1
223,119,39,626,51,23,1,1,1
224,119,36,628,52,23,1,1,1
225,119,34,631,52,23,1,1,1
226,119,31,633,52,23,1,1,1
227,119,28,635,53,23,1,1,1
228,119,26,638,52,23,1,1,1
229,119,23,640,53,23,1,1,1
230,119,21,643,53,23,1,1,1
231,119,18,645,53,23,1,1,1
232,119,16,648,53,23,1,1,1
233,119,14,651,52,23,1,1,1
234,119,12,654,52,23,1,1,1
235,119,10,657,52,23,1,1,1
236,119,8,659,51,23,1,1,1
237,119,6,662,51,23,1,1,1
238,119,4,665,50,23,1,1,1
239,119,2,668,50,23,1,1,1
240,119,0,671,50,23,1,1,1
241,119,0,673,46,24,1,1,1
242,119,0,676,43,24,1,1,1
243,119,0,679,40,24,1,1,1
244,119,0,682,37,24,1,1,1
245,119,0,685,34,24,1,1,1
246,119,0,688,31,24,1,1,1
247,119,0,691,28,24,1,1,1
248,119,0,694,25,24,1,1,1
249,119,0,697,22,24,1,1,1
0,120,210,494,38,21,1,1,1
1,120,209,494,38,21,1,1,1
2,120,209,494,38,21,1,1,1
3,120,209,494,38,21,1,1,1
4,120,209,494,38,21,1,1,1
5,120,209,494,38,21,1,1,1
6,120,208,494,38,21,1,1,1
7,120,208,494,38,21,1,1,1
8,120,208,494,38,21,1,1,1
9,120,208,494,38,21,1,1,1
10,120,208,495,38,21,1,1,1
11,120,207,495,38,21,1,1,1
12,120,207,495,38,21,1,1,1
13,120,207,495,38,21,1,1,1
14,120,206,496,38,21,1,1,1
15,120,206,496,38,21,1,1,1
16,120,206,496,38,21,1,1,1
17,120,205,497,38,21,1,1,1
18,120,205,497,38,21,1,1,1
19,120,205,497,38,21,1,1,1
20,120,205,498,38,21,1,1,1
21,120,204,498,38,21,1,1,1
22,120,204,498,38,21,1,1,1
23,120,204,499,38,21,1,1,1
24,120,204,499,38,21,1,1,1
25,120,204,500,38,21,1,1,1
26,120,204,500,38,21,1,1,1
27,120,204,500,38,21,1,1,1
28,120,204,501,38,21,1,1,1
29,120,204,501,38,21,1,1,1
30,120,204,502,38,21,1,1,1
31,120,203,502,38,21,1,1,1
32,120,203,503,38,21,1,1,1
33,120,203,503,38,21,1,1,1
34,120,203,504,38,21,1,1,1
35,120,203,504,38,21,1,1,1
36,120,203,505,38,21,1,1,1
37,120,203,505,38,21,1,1,1
38,120,203,506,38,21,1,1,1
39,120,203,506,38,21,1,1,1
40,120,203,507,38,21,1,1,1
41,120,202,507,38,21,1,1,1
42,120,202,507,38,21,1,1,1
43,120,202,508,38,21,1,1,1
44,120,202,508,38,21,1,1,1
45,120,202,509,38,21,1,1,1
46,120,201,509,38,21,1,1,1
47,120,201,509,38,21,1,1,1
48,120,201,510,38,21,1,1,1
49,120,201,510,38,21,1,1,1
50,120,201,511,38,21,1,1,1
51,120,200,511,38,21,1,1,1
52,120,199,511,38,21,1,1,1
53,120,199,511,38,21,1,1,1
54,120,198,511,38,21,1,1,1
55,120,198,511,38,21,1,1,1
56,120,197,511,38,21,1,1,1
57,120,196,511,38,21,1,1,1
58,120,196,511,38,21,1,1,1
59,120,195,511,38,21,1,1,1
60,120,195,512,38,21,1,1,1
61,120,194,512,38,21,1,1,1
62,120,194,513,38,21,1,1,1
63,120,193,513,38,21,1,1,1
64,120,193,514,38,21,1,1,1
65,120,193,514,37,21,1,1,1
66,120,192,515,38,21,1,1,1
67,120,192,515,37,21,1,1,1
68,120,191,516,38,21,1,1,1
69,120,191,516,37,21,1,1,1
70,120,191,517,37,21,1,1,1
71,120,190,517,37,21,1,1,1
72,120,190,518,37,21,1,1,1
73,120,189,518,37,21,1,1,1
74,120,189,519,37,21,1,1,1
75,120,189,520,37,21,1,1,1
76,120,188,520,37,21,1,1,1
77,120,188,521,37,21,1,1,1
78,120,187,521,37,21,1,1,1
79,120,187,522,37,21,1,1,1
80,120,187,523,37,21,1,1,1
81,120,186,523,37,21,1,1,1
82,120,186,523,37,21,1,1,1
83,120,186,524,37,21,1,1,1
84,120,186,524,37,21,1,1,1
85,120,186,525,37,21,1,1,1
86,120,186,525,37,21,1,1,1
87,120,186,525,37,21,1,1,1
88,120,186,526,37,21,1,1,1
89,120,186,526,37,21,1,1,1
90,120,186,527,37,21,1,1,1
91,120,184,527,37,21,1,1,1
92,120,183,527,37,21,1,1,1
93,120,182,527,37,21,1,1,1
94,120,181,528,37,21,1,1,1
95,120,180,528,37,21,1,1,1
96,120,179,528,37,21,1,1,1
97,120,178,529,37,21,1,1,1
98,120,177,529,37,21,1,1,1
99,120,176,529,37,21,1,1,1
100,120,175,530,37,21,1,1,1
101,120,174,530,37,21,1,1,1
102,120,174,530,37,21,1,1,1
103,120,174,530,37,21,1,1,1
104,120,174,530,37,21,1,1,1
105,120,174,530,37,21,1,1,1
106,120,174,530,37,21,1,1,1
107,120,174,530,37,21,1,1,1
108,120,174,530,37,21,1,1,1
109,120,174,530,37,21,1,1,1
110,120,174,531,37,21,1,1,1
111,120,173,531,37,21,1,1,1
112,120,172,532,37,21,1,1,1
113,120,171,532,37,21,1,1,1
114,120,170,533,37,21,1,1,1
115,120,170,533,37,21,1,1,1
116,120,169,534,37,21,1,1,1
117,120,168,534,37,21,1,1,1
118,120,167,535,37,21,1,1,1
119,120,166,535,37,21,1,1,1
120,120,166,536,37,21,1,1,1
121,120,165,536,37,21,1,1,1
122,120,165,536,36,21,1,1,1
123,120,164,536,37,21,1,1,1
124,120,164,536,36,21,1,1,1
125,120,163,536,37,21,1,1,1
126,120,163,536,36,21,1,1,1
127,120,162,536,36,21,1,1,1
128,120,162,536,36,21,1,1,1
129,120,161,536,36,21,1,1,1
130,120,161,537,36,20,1,1,1
131,120,160,537,36,20,1,1,1
132,120,160,538,36,20,1,1,1
133,120,160,538,36,20,1,1,1
134,120,159,539,36,20,1,1,1
135,120,159,539,36,21,1,1,1
136,120,159,540,36,20,1,1,1
137,120,158,540,36,21,1,1,1
138,120,158,541,36,20,1,1,1
139,120,158,541,36,21,1,1,1
140,120,158,542,36,21,1,1,1
141,120,157,542,36,21,1,1,1
142,120,157,542,36,21,1,1,1
143,120,156,542,36,21,1,1,1
144,120,156,542,36,21,1,1,1
145,120,155,542,36,21,1,1,1
146,120,155,542,36,21,1,1,1
147,120,154,542,36,21,1,1,1
148,120,154,542,36,21,1,1,1
149,120,153,542,36,21,1,1,1
150,120,153,543,36,21,1,1,1
151,120,152,543,36,21,1,1,1
152,120,151,543,36,21,1,1,1
153,120,150,544,36,21,1,1,1
154,120,150,544,36,21,1,1,1
155,120,149,545,36,21,1,1,1
156,120,148,545,36,21,1,1,1
157,120,148,545,36,21,1,1,1
158,120,147,546,36,21,1,1,1
159,120,146,546,36,21,1,1,1
160,120,146,547,36,21,1,1,1
161,120,145,547,36,21,1,1,1
162,120,144,548,36,21,1,1,1
163,120,143,548,36,21,1,1,1
164,120,143,549,35,21,1,1,1
165,120,142,550,35,21,1,1,1
166,120,141,550,35,21,1,1,1
167,120,141,551,34,21,1,1,1
168,120,140,551,34,21,1,1,1
169,120,139,552,34,21,1,1,1
170,120,139,553,34,21,1,1,1
171,120,137,554,34,21,1,1,1
172,120,136,555,34,21,1,1,1
173,120,134,556,35,21,1,1,1
174,120,133,557,35,21,1,1,1
175,120,131,559,36,21,1,1,1
176,120,130,560,36,21,1,1,1
177,120,128,561,37,21,1,1,1
178,120,127,562,37,21,1,1,1
179,120,125,563,38,21,1,1,1
180,120,124,565,38,21,1,1,1
181,120,122,566,38,21,1,1,1
182,120,121,567,38,21,1,1,1
183,120,119,568,38,21,1,1,1
184,120,118,570,38,21,1,1,1
185,120,116,571,38,21,1,1,1
186,120,115,572,38,21,1,1,1
187,120,113,574,38,21,1,1,1
188,120,112,575,38,21,1,1,1
189,120,110,576,38,21,1,1,1
190,120,109,578,38,21,1,1,1
191,120,107,579,38,21,1,1,1
192,120,106,581,38,21,1,1,1
193,120,104,583,38,21,1,1,1
194,120,103,584,38,21,1,1,1
195,120,101,586,38,21,1,1,1
196,120,100,588,38,21,1,1,1
197,120,98,589,38,21,1,1,1
198,120,97,591,38,21,1,1,1
199,120,95,593,38,21,1,1,1
200,120,94,595,38,21,1,1,1
201,120,91,597,38,21,1,1,1
202,120,89,599,38,21,1,1,1
203,120,87,601,38,21,1,1,1
204,120,84,603,38,21,1,1,1
205,120,82,605,38,21,1,1,1
206,120,80,607,38,21,1,1,1
207,120,77,609,38,21,1,1,1
208,120,75,611,38,21,1,1,1
209,120,73,613,38,21,1,1,1
210,120,71,615,38,21,1,1,1
211,120,68,617,38,21,1,1,1
212,120,65,619,39,22,1,1,1
213,120,62,622,40,22,1,1,1
214,120,60,624,40,22,1,1,1
215,120,57,627,41,22,1,1,1
216,120,54,629,42,23,1,1,1
217,120,52,631,42,23,1,1,1
218,120,49,634,43,23,1,1,1
219,120,46,636,44,24,1,1,1
220,120,44,639,44,24,1,1,1
221,120,40,641,44,24,1,1,1
222,120,37,643,44,24,1,1,1
223,120,34,645,44,24,1,1,1
224,120,31,647,44,24,1,1,1
225,120,28,650,44,23,1,1,1
226,120,25,652,44,23,1,1,1
227,120,22,654,44,23,1,1,1
228,120,19,656,44,23,1,1,1
229,120,16,658,44,23,1,1,1
230,120,13,661,44,23,1,1,1
231,120,11,664,43,23,1,1,1
232,120,10,667,42,23,1,1,1
233,120,9,670,41,23,1,1,1
234,120,7,673,41,23,1,1,1
235,120,6,676,40,23,1,1,1
236,120,5,679,38,23,1,1,1
237,120,3,682,38,23,1,1,1
238,120,2,685,37,23,1,1,1
239,120,1,688,36,23,1,1,1
240,120,0,691,35,23,1,1,1
241,120,0,694,32,22,1,1,1
242,120,0,697,29,22,1,1,1
243,120,0,700,26,21,1,1,1
244,120,0,703,23,21,1,1,1
245,120,0,706,20,20,1,1,1
246,120,0,709,17,20,1,1,1
247,120,0,712,14,19,1,1,1
248,120,0,715,11,19,1,1,1
249,120,0,718,9,19,1,1,1
0,121,210,505,30,18,1,1,1
1,121,209,505,30,18,1,1,1
2,121,208,506,30,18,1,1,1
3,121,208,506,30,19,1,1,1
4,121,207,507,30,18,1,1,1
5,121,207,508,30,18,1,1,1
6,121,206,508,30,19,1,1,1
7,121,205,509,30,18,1,1,1
8,121,205,509,30,19,1,1,1
9,121,204,510,30,19,1,1,1
10,121,204,511,30,19,1,1,1
11,121,204,511,30,19,1,1,1
12,121,204,511,30,19,1,1,1
13,121,204,511,30,19,1,1,1
14,121,204,511,30,19,1,1,1
15,121,204,512,30,19,1,1,1
16,121,204,512,30,19,1,1,1
17,121,204,512,30,19,1,1,1
18,121,204,512,30,19,1,1,1
19,121,204,512,30,19,1,1,1
20,121,204,513,30,19,1,1,1
21,121,204,513,30,19,1,1,1
22,121,204,513,30,19,1,1,1
23,121,204,513,30,19,1,1,1
24,121,204,513,30,19,1,1,1
25,121,204,514,30,19,1,1,1
26,121,204,514,30,19,1,1,1
27,121,204,514,30,19,1,1,1
28,121,204,514,30,19,1,1,1
29,121,204,514,30,19,1,1,1
30,121,204,515,30,19,1,1,1
31,121,203,515,30,19,1,1,1
32,121,203,515,30,19,1,1,1
33,121,203,515,30,19,1,1,1
34,121,203,516,30,19,1,1,1
35,121,203,516,30,19,1,1,1
36,121,202,516,30,19,1,1,1
37,121,202,517,30,19,1,1,1
38,121,202,517,30,19,1,1,1
39,121,202,517,30,19,1,1,1
40,121,202,518,30,19,1,1,1
41,121,201,518,30,19,1,1,1
42,121,201,519,30,19,1,1,1
43,121,201,519,30,19,1,1,1
44,121,200,520,30,19,1,1,1
45,121,200,521,30,19,1,1,1
46,121,200,521,30,19,1,1,1
47,121,199,522,30,19,1,1,1
48,121,199,522,30,19,1,1,1
49,121,199,523,30,19,1,1,1
50,121,199,524,30,19,1,1,1
51,121,198,524,30,19,1,1,1
52,121,198,524,30,19,1,1,1
53,121,198,525,30,19,1,1,1
54,121,197,525,30,19,1,1,1
55,121,197,526,30,19,1,1,1
56,121,197,526,30,19,1,1,1
57,121,196,526,30,19,1,1,1
58,121,196,527,30,19,1,1,1
59,121,196,527,30,19,1,1,1
60,121,196,528,30,19,1,1,1
61,121,195,528,30,19,1,1,1
62,121,195,528,30,19,1,1,1
63,121,195,529,30,19,1,1,1
64,121,194,529,30,19,1,1,1
65,121,194,530,30,19,1,1,1
66,121,194,530,30,19,1,1,1
67,121,193,530,30,19,1,1,1
68,121,193,531,30,19,1,1,1
69,121,193,531,30,19,1,1,1
70,121,193,532,30,19,1,1,1
71,121,192,532,30,19,1,1,1
72,121,191,533,30,19,1,1,1
73,121,190,533,30,19,1,1,1
74,121,189,534,30,19,1,1,1
75,121,188,534,30,19,1,1,1
76,121,187,535,30,19,1,1,1
77,121,186,535,30,19,1,1,1
78,121,185,536,30,19,1,1,1
79,121,184,536,30,19,1,1,1
80,121,184,537,30,19,1,1,1
81,121,183,537,30,19,1,1,1
82,121,183,537,30,19,1,1,1
83,121,183,537,30,19,1,1,1
84,121,183,538,30,19,1,1,1
85,121,183,538,30,19,1,1,1
86,121,182,538,30,19,1,1,1
87,121,182,539,30,19,1,1,1
88,121,182,539,30,19,1,1,1
89,121,182,539,30,19,1,1,1
90,121,182,540,30,19,1,1,1
91,121,181,540,30,19,1,1,1
92,121,180,540,30,19,1,1,1
93,121,179,540,30,19,1,1,1
94,121,178,541,30,19,1,1,1
95,121,177,541,30,19,1,1,1
96,121,176,541,30,19,1,1,1
97,121,175,542,30,19,1,1,1
98,121,174,542,30,19,1,1,1
99,121,173,542,30,19,1,1,1
100,121,172,543,30,19,1,1,1
101,121,171,543,30,19,1,1,1
102,121,171,543,30,19,1,1,1
103,121,171,544,30,19,1,1,1
104,121,171,544,30,19,1,1,1
105,121,171,545,30,19,1,1,1
106,121,171,545,29,19,1,1,1
107,121,171,545,29,19,1,1,1
108,121,171,546,29,19,1,1,1
109,121,171,546,29,19,1,1,1
110,121,171,547,29,19,1,1,1
111,121,170,547,29,19,1,1,1
112,121,170,548,29,19,1,1,1
113,121,169,548,29,19,1,1,1
114,121,169,549,29,19,1,1,1
115,121,168,549,29,19,1,1,1
116,121,168,550,29,19,1,1,1
117,121,167,550,29,19,1,1,1
118,121,167,551,29,19,1,1,1
119,121,166,551,29,19,1,1,1
120,121,166,552,29,19,1,1,1
121,121,165,552,29,19,1,1,1
122,121,165,552,29,19,1,1,1
123,121,165,552,29,19,1,1,1
124,121,164,552,29,19,1,1,1
125,121,164,552,29,19,1,1,1
126,121,164,552,29,19,1,1,1
127,121,163,552,29,19,1,1,1
128,121,163,552,29,19,1,1,1
129,121,163,552,29,19,1,1,1
130,121,163,552,29,19,1,1,1
131,121,161,552,29,19,1,1,1
132,121,160,552,29,19,1,1,1
133,121,159,552,29,19,1,1,1
134,121,158,552,29,19,1,1,1
135,121,157,552,29,19,1,1,1
136,121,156,552,29,19,1,1,1
137,121,155,552,29,19,1,1,1
138,121,154,552,29,19,1,1,1
139,121,153,552,29,19,1,1,1
140,121,152,553,29,19,1,1,1
141,121,151,553,29,19,1,1,1
142,121,151,553,29,19,1,1,1
143,121,151,554,29,19,1,1,1
144,121,151,554,29,19,1,1,1
145,121,151,555,29,19,1,1,1
146,121,150,555,29,19,1,1,1
147,121,150,555,29,19,1,1,1
148,121,150,556,29,19,1,1,1
149,121,150,556,29,19,1,1,1
150,121,150,557,29,19,1,1,1
151,121,149,557,29,19,1,1,1
152,121,149,557,29,19,1,1,1
153,121,148,557,29,19,1,1,1
154,121,148,557,29,19,1,1,1
155,121,148,557,29,19,1,1,1
156,121,147,557,29,19,1,1,1
157,121,147,557,29,19,1,1,1
158,121,146,557,29,19,1,1,1
159,121,146,557,29,19,1,1,1
160,121,146,557,29,19,1,1,1
161,121,145,558,29,19,1,1,1
162,121,144,559,29,19,1,1,1
163,121,143,560,29,19,1,1,1
164,121,142,561,29,19,1,1,1
165,121,141,563,29,19,1,1,1
166,121,140,564,29,19,1,1,1
167,121,139,565,29,19,1,1,1
168,121,138,566,29,19,1,1,1
169,121,137,567,29,19,1,1,1
170,121,137,569,29,19,1,1,1
171,121,135,570,29,19,1,1,1
172,121,134,571,29,19,1,1,1
173,121,133,572,29,19,1,1,1
174,121,131,573,29,19,1,1,1
175,121,130,574,29,19,1,1,1
176,121,129,575,29,19,1,1,1
177,121,127,576,29,19,1,1,1
178,121,126,577,29,19,1,1,1
179,121,125,578,29,19,1,1,1
180,121,124,580,29,19,1,1,1
181,121,122,581,29,19,1,1,1
182,121,121,582,29,19,1,1,1
183,121,120,584,29,19,1,1,1
184,121,118,585,29,19,1,1,1
185,121,117,587,29,19,1,1,1
186,121,116,588,29,19,1,1,1
187,121,114,589,29,19,1,1,1
188,121,113,591,29,19,1,1,1
189,121,112,592,29,19,1,1,1
190,121,111,594,29,19,1,1,1
191,121,109,595,29,19,1,1,1
192,121,107,597,29,19,1,1,1
193,121,105,598,29,19,1,1,1
194,121,103,600,29,19,1,1,1
195,121,101,602,29,19,1,1,1
196,121,99,603,29,19,1,1,1
197,121,97,605,29,19,1,1,1
198,121,95,606,29,19,1,1,1
199,121,93,608,29,19,1,1,1
200,121,92,610,29,19,1,1,1
201,121,89,612,29,19,1,1,1
202,121,87,614,29,19,1,1,1
203,121,85,616,29,19,1,1,1
204,121,83,619,29,19,1,1,1
205,121,81,621,29,19,1,1,1
206,121,78,623,29,19,1,1,1
207,121,76,626,29,19,1,1,1
208,121,74,628,29,19,1,1,1
209,121,72,630,29,19,1,1,1
210,121,70,633,29,19,1,1,1
211,121,67,635,29,19,1,1,1
212,121,64,637,29,19,1,1,1
213,121,62,640,29,19,1,1,1
214,121,59,642,29,19,1,1,1
215,121,57,645,29,19,1,1,1
216,121,54,647,29,19,1,1,1
217,121,51,649,29,19,1,1,1
218,121,49,652,29,19,1,1,1
219,121,46,654,29,19,1,1,1
220,121,44,657,29,19,1,1,1
221,121,40,659,30,19,1,1,1
222,121,37,661,30,19,1,1,1
223,121,34,663,30,20,1,1,1
224,121,30,666,31,19,1,1,1
225,121,27,668,32,20,1,1,1
226,121,24,670,32,20,1,1,1
227,121,20,673,33,19,1,1,1
228,121,17,675,33,20,1,1,1
229,121,14,677,33,20,1,1,1
230,121,11,680,34,20,1,1,1
231,121,9,683,33,20,1,1,1
232,121,8,686,32,20,1,1,1
233,121,7,689,30,20,1,1,1
234,121,6,692,29,20,1,1,1
235,121,5,695,28,20,1,1,1
236,121,4,698,26,20,1,1,1
237,121,3,701,25,20,1,1,1
238,121,2,704,23,20,1,1,1
239,121,1,707,22,20,1,1,1
40,122,768,187,11,11,1,1,1
41,122,767,186,11,11,1,1,1
42,122,767,186,11,11,1,1,1
43,122,766,186,11,11,1,1,1
44,122,766,186,11,11,1,1,1
45,122,766,186,11,11,1,1,1
46,122,765,185,11,11,1,1,1
47,122,765,185,11,11,1,1,1
48,122,764,185,11,11,1,1,1
49,122,764,185,11,11,1,1,1
50,122,764,185,11,11,1,1,1
51,122,764,185,11,11,1,1,1
52,122,764,185,11,11,1,1,1
53,122,764,185,11,11,1,1,1
54,122,764,185,11,11,1,1,1
55,122,764,185,11,11,1,1,1
56,122,764,185,11,11,1,1,1
57,122,764,185,11,11,1,1,1
58,122,764,185,11,11,1,1,1
59,122,764,185,11,11,1,1,1
60,122,765,186,11,11,1,1,1
61,122,762,186,11,11,1,1,1
62,122,759,186,11,11,1,1,1
63,122,757,186,11,11,1,1,1
64,122,754,186,11,11,1,1,1
65,122,752,187,11,11,1,1,1
66,122,749,187,11,11,1,1,1
67,122,746,187,11,11,1,1,1
68,122,744,187,11,11,1,1,1
69,122,741,187,11,11,1,1,1
70,122,739,188,11,11,1,1,1
71,122,738,188,11,11,1,1,1
72,122,737,188,11,11,1,1,1
73,122,736,188,11,11,1,1,1
74,122,735,188,11,11,1,1,1
75,122,735,189,11,11,1,1,1
76,122,734,189,11,11,1,1,1
77,122,733,189,11,11,1,1,1
78,122,732,189,11,11,1,1,1
79,122,731,189,11,11,1,1,1
80,122,731,190,11,11,1,1,1
81,122,730,190,12,10,1,1,1
82,122,730,190,12,10,1,1,1
83,122,730,190,12,10,1,1,1
84,122,730,190,12,10,1,1,1
85,122,730,190,12,10,1,1,1
86,122,730,190,12,10,1,1,1
87,122,730,190,12,10,1,1,1
88,122,730,190,12,10,1,1,1
89,122,730,190,12,10,1,1,1
90,122,730,190,13,10,1,1,1
91,122,729,190,13,10,1,1,1
92,122,728,190,14,10,1,1,1
93,122,727,190,14,11,1,1,1
94,122,727,191,14,10,1,1,1
95,122,726,191,14,11,1,1,1
96,122,725,191,15,11,1,1,1
97,122,725,192,14,10,1,1,1
98,122,724,192,15,11,1,1,1
99,122,723,192,15,11,1,1,1
100,122,723,193,15,11,1,1,1
101,122,722,192,15,11,1,1,1
102,122,722,192,15,11,1,1,1
103,122,722,192,15,11,1,1,1
104,122,722,192,15,11,1,1,1
105,122,722,192,15,11,1,1,1
106,122,722,192,15,11,1,1,1
107,122,722,192,15,11,1,1,1
108,122,722,192,15,11,1,1,1
109,122,722,192,15,11,1,1,1
110,122,722,192,15,11,1,1,1
111,122,721,192,15,11,1,1,1
112,122,721,192,15,11,1,1,1
113,122,720,192,15,11,1,1,1
114,122,720,192,15,11,1,1,1
115,122,720,193,15,11,1,1,1
116,122,719,193,15,11,1,1,1
117,122,719,193,15,11,1,1,1
118,122,718,193,15,11,1,1,1
119,122,718,193,15,11,1,1,1
120,122,718,194,15,11,1,1,1
121,122,717,194,15,11,1,1,1
122,122,717,194,15,11,1,1,1
123,122,717,194,15,11,1,1,1
124,122,717,194,15,11,1,1,1
125,122,717,194,15,11,1,1,1
126,122,716,194,15,11,1,1,1
127,122,716,194,15,11,1,1,1
128,122,716,194,15,11,1,1,1
129,122,716,194,15,11,1,1,1
130,122,716,194,15,11,1,1,1
131,122,715,194,15,11,1,1,1
132,122,715,194,15,11,1,1,1
133,122,714,194,15,11,1,1,1
134,122,714,194,15,11,1,1,1
135,122,714,194,15,11,1,1,1
136,122,713,194,15,11,1,1,1
137,122,713,194,15,11,1,1,1
138,122,712,194,15,11,1,1,1
139,122,712,194,15,11,1,1,1
140,122,712,195,15,11,1,1,1
141,122,711,195,15,11,1,1,1
142,122,711,195,15,11,1,1,1
143,122,710,195,15,11,1,1,1
144,122,710,195,15,11,1,1,1
145,122,710,196,15,11,1,1,1
146,122,709,196,15,11,1,1,1
147,122,709,196,15,11,1,1,1
148,122,708,196,15,11,1,1,1
149,122,708,196,15,11,1,1,1
150,122,708,197,15,11,1,1,1
151,122,707,197,15,11,1,1,1
152,122,707,197,15,11,1,1,1
153,122,707,197,15,11,1,1,1
154,122,706,197,15,11,1,1,1
155,122,706,198,15,11,1,1,1
156,122,706,198,15,11,1,1,1
157,122,705,198,15,11,1,1,1
158,122,705,198,15,11,1,1,1
159,122,705,198,15,11,1,1,1
160,122,705,199,15,11,1,1,1
161,122,704,199,15,11,1,1,1
162,122,704,199,15,11,1,1,1
163,122,704,199,15,11,1,1,1
164,122,703,199,15,11,1,1,1
165,122,703,200,15,11,1,1,1
166,122,703,200,15,11,1,1,1
167,122,702,200,15,11,1,1,1
168,122,702,200,15,11,1,1,1
169,122,702,200,15,11,1,1,1
170,122,702,201,15,11,1,1,1
171,122,702,201,15,11,1,1,1
172,122,702,201,15,11,1,1,1
173,122,702,202,15,11,1,1,1
174,122,702,202,15,11,1,1,1
175,122,702,203,15,11,1,1,1
176,122,702,203,15,11,1,1,1
177,122,702,203,15,11,1,1,1
178,122,702,204,15,11,1,1,1
179,122,702,204,15,11,1,1,1
180,122,703,205,15,11,1,1,1
181,122,702,205,15,11,1,1,1
182,122,701,206,15,11,1,1,1
183,122,700,207,15,11,1,1,1
184,122,700,207,15,11,1,1,1
185,122,699,208,15,11,1,1,1
186,122,698,209,15,11,1,1,1
187,122,698,209,15,11,1,1,1
188,122,697,210,15,11,1,1,1
189,122,696,211,15,11,1,1,1
190,122,696,212,15,11,1,1,1
191,122,695,212,15,11,1,1,1
192,122,694,213,15,11,1,1,1
193,122,694,214,15,11,1,1,1
194,122,693,215,15,11,1,1,1
195,122,692,216,15,11,1,1,1
196,122,692,216,15,11,1,1,1
197,122,691,217,15,11,1,1,1
198,122,690,218,15,11,1,1,1
199,122,690,219,15,11,1,1,1
200,122,689,220,15,11,1,1,1
201,122,688,220,15,11,1,1,1
202,122,688,221,15,11,1,1,1
203,122,687,222,15,11,1,1,1
204,122,686,223,15,11,1,1,1
205,122,686,224,15,11,1,1,1
206,122,685,224,15,11,1,1,1
207,122,684,225,15,11,1,1,1
208,122,684,226,15,11,1,1,1
209,122,683,227,15,11,1,1,1
210,122,683,228,15,11,1,1,1
211,122,682,228,15,11,1,1,1
212,122,682,229,15,11,1,1,1
213,122,681,230,15,11,1,1,1
214,122,681,231,15,11,1,1,1
215,122,680,232,15,11,1,1,1
216,122,680,233,15,11,1,1,1
217,122,679,233,15,11,1,1,1
218,122,679,234,15,11,1,1,1
219,122,678,235,15,11,1,1,1
220,122,678,236,15,11,1,1,1
221,122,678,237,15,11,1,1,1
222,122,677,238,15,11,1,1,1
223,122,677,239,15,11,1,1,1
224,122,676,239,15,11,1,1,1
225,122,676,240,15,11,1,1,1
226,122,675,241,15,11,1,1,1
227,122,675,242,15,11,1,1,1
228,122,674,243,15,11,1,1,1
229,122,674,244,15,11,1,1,1
230,122,674,245,15,11,1,1,1
231,122,672,246,15,11,1,1,1
232,122,671,247,15,11,1,1,1
233,122,669,248,15,11,1,1,1
234,122,668,249,15,11,1,1,1
235,122,667,251,15,11,1,1,1
236,122,665,252,15,11,1,1,1
237,122,664,253,15,11,1,1,1
238,122,662,254,15,11,1,1,1
239,122,661,255,15,11,1,1,1
240,122,660,257,15,11,1,1,1
241,122,659,257,15,11,1,1,1
242,122,658,258,15,11,1,1,1
243,122,657,259,15,11,1,1,1
244,122,656,260,15,11,1,1,1
245,122,656,260,15,11,1,1,1
246,122,655,261,15,11,1,1,1
247,122,654,262,15,11,1,1,1
248,122,653,263,15,11,1,1,1
249,122,653,264,15,11,1,1,1
10,124,744,154,8,10,1,1,1
11,124,743,154,8,10,1,1,1
12,124,742,154,9,11,1,1,1
13,124,742,154,8,11,1,1,1
14,124,741,154,9,12,1,1,1
15,124,741,155,8,11,1,1,1
16,124,740,155,9,12,1,1,1
17,124,739,155,9,12,1,1,1
18,124,739,155,9,13,1,1,1
19,124,738,155,9,13,1,1,1
